============================================================
BENCHMARK ID: 46 | DIMENSIONE: 25 | STRATEGIA: linear
============================================================

Input Vector: [7, 16, 24, 23, 5, 22, 15, 12, 14, 1, 10, 18, 8, 3, 13, 20, 9, 6, 2, 21, 17, 4, 19, 11, 25]

STATO: RISOLTO
K: 22
TEMPO: 6.2000s
----------------------------------------
PIANO:
Solution(v=[[7, 16, 24, 23, 5, 22, 15, 12, 14, 1, 10, 18, 8, 3, 13, 20, 9, 6, 2, 21, 17, 4, 19, 11, 25], [15, 16, 24, 23, 5, 22, 7, 12, 14, 1, 10, 18, 8, 3, 13, 20, 9, 6, 2, 21, 17, 4, 19, 11, 25], [15, 16, 24, 23, 5, 22, 7, 12, 14, 10, 1, 18, 8, 3, 13, 20, 9, 6, 2, 21, 17, 4, 19, 11, 25], [15, 16, 24, 23, 5, 22, 7, 12, 14, 10, 1, 18, 8, 3, 13, 21, 9, 6, 2, 20, 17, 4, 19, 11, 25], [15, 16, 24, 23, 5, 22, 7, 12, 14, 10, 1, 18, 8, 3, 13, 21, 9, 6, 19, 20, 17, 4, 2, 11, 25], [15, 16, 24, 2, 5, 22, 7, 12, 14, 10, 1, 18, 8, 3, 13, 21, 9, 6, 19, 20, 17, 4, 23, 11, 25], [15, 16, 24, 4, 5, 22, 7, 12, 14, 10, 1, 18, 8, 3, 13, 21, 9, 6, 19, 20, 17, 2, 23, 11, 25], [15, 16, 24, 4, 5, 22, 7, 8, 14, 10, 1, 18, 12, 3, 13, 21, 9, 6, 19, 20, 17, 2, 23, 11, 25], [15, 16, 24, 4, 5, 22, 7, 8, 9, 10, 1, 18, 12, 3, 13, 21, 14, 6, 19, 20, 17, 2, 23, 11, 25], [15, 16, 24, 4, 5, 22, 7, 8, 9, 10, 1, 6, 12, 3, 13, 21, 14, 18, 19, 20, 17, 2, 23, 11, 25], [15, 16, 24, 4, 5, 22, 7, 8, 9, 10, 1, 6, 13, 3, 12, 21, 14, 18, 19, 20, 17, 2, 23, 11, 25], [12, 16, 24, 4, 5, 22, 7, 8, 9, 10, 1, 6, 13, 3, 15, 21, 14, 18, 19, 20, 17, 2, 23, 11, 25], [1, 16, 24, 4, 5, 22, 7, 8, 9, 10, 12, 6, 13, 3, 15, 21, 14, 18, 19, 20, 17, 2, 23, 11, 25], [1, 16, 3, 4, 5, 22, 7, 8, 9, 10, 12, 6, 13, 24, 15, 21, 14, 18, 19, 20, 17, 2, 23, 11, 25], [1, 16, 3, 4, 5, 22, 7, 8, 9, 10, 6, 12, 13, 24, 15, 21, 14, 18, 19, 20, 17, 2, 23, 11, 25], [1, 16, 3, 4, 5, 22, 7, 8, 9, 10, 11, 12, 13, 24, 15, 21, 14, 18, 19, 20, 17, 2, 23, 6, 25], [1, 16, 3, 4, 5, 22, 7, 8, 9, 10, 11, 12, 13, 14, 15, 21, 24, 18, 19, 20, 17, 2, 23, 6, 25], [1, 16, 3, 4, 5, 22, 7, 8, 9, 10, 11, 12, 13, 14, 15, 21, 17, 18, 19, 20, 24, 2, 23, 6, 25], [1, 16, 3, 4, 5, 22, 7, 8, 9, 10, 11, 12, 13, 14, 15, 21, 17, 18, 19, 20, 6, 2, 23, 24, 25], [1, 16, 3, 4, 5, 6, 7, 8, 9, 10, 11, 12, 13, 14, 15, 21, 17, 18, 19, 20, 22, 2, 23, 24, 25], [1, 16, 3, 4, 5, 6, 7, 8, 9, 10, 11, 12, 13, 14, 15, 22, 17, 18, 19, 20, 21, 2, 23, 24, 25], [1, 16, 3, 4, 5, 6, 7, 8, 9, 10, 11, 12, 13, 14, 15, 2, 17, 18, 19, 20, 21, 22, 23, 24, 25], [1, 2, 3, 4, 5, 6, 7, 8, 9, 10, 11, 12, 13, 14, 15, 16, 17, 18, 19, 20, 21, 22, 23, 24, 25]], pos=[[10, 19, 14, 22, 5, 18, 1, 13, 17, 11, 24, 8, 15, 9, 7, 2, 21, 12, 23, 16, 20, 6, 4, 3, 25], [10, 19, 14, 22, 5, 18, 7, 13, 17, 11, 24, 8, 15, 9, 1, 2, 21, 12, 23, 16, 20, 6, 4, 3, 25], [11, 19, 14, 22, 5, 18, 7, 13, 17, 10, 24, 8, 15, 9, 1, 2, 21, 12, 23, 16, 20, 6, 4, 3, 25], [11, 19, 14, 22, 5, 18, 7, 13, 17, 10, 24, 8, 15, 9, 1, 2, 21, 12, 23, 20, 16, 6, 4, 3, 25], [11, 23, 14, 22, 5, 18, 7, 13, 17, 10, 24, 8, 15, 9, 1, 2, 21, 12, 19, 20, 16, 6, 4, 3, 25], [11, 4, 14, 22, 5, 18, 7, 13, 17, 10, 24, 8, 15, 9, 1, 2, 21, 12, 19, 20, 16, 6, 23, 3, 25], [11, 22, 14, 4, 5, 18, 7, 13, 17, 10, 24, 8, 15, 9, 1, 2, 21, 12, 19, 20, 16, 6, 23, 3, 25], [11, 22, 14, 4, 5, 18, 7, 8, 17, 10, 24, 13, 15, 9, 1, 2, 21, 12, 19, 20, 16, 6, 23, 3, 25], [11, 22, 14, 4, 5, 18, 7, 8, 9, 10, 24, 13, 15, 17, 1, 2, 21, 12, 19, 20, 16, 6, 23, 3, 25], [11, 22, 14, 4, 5, 12, 7, 8, 9, 10, 24, 13, 15, 17, 1, 2, 21, 18, 19, 20, 16, 6, 23, 3, 25], [11, 22, 14, 4, 5, 12, 7, 8, 9, 10, 24, 15, 13, 17, 1, 2, 21, 18, 19, 20, 16, 6, 23, 3, 25], [11, 22, 14, 4, 5, 12, 7, 8, 9, 10, 24, 1, 13, 17, 15, 2, 21, 18, 19, 20, 16, 6, 23, 3, 25], [1, 22, 14, 4, 5, 12, 7, 8, 9, 10, 24, 11, 13, 17, 15, 2, 21, 18, 19, 20, 16, 6, 23, 3, 25], [1, 22, 3, 4, 5, 12, 7, 8, 9, 10, 24, 11, 13, 17, 15, 2, 21, 18, 19, 20, 16, 6, 23, 14, 25], [1, 22, 3, 4, 5, 11, 7, 8, 9, 10, 24, 12, 13, 17, 15, 2, 21, 18, 19, 20, 16, 6, 23, 14, 25], [1, 22, 3, 4, 5, 24, 7, 8, 9, 10, 11, 12, 13, 17, 15, 2, 21, 18, 19, 20, 16, 6, 23, 14, 25], [1, 22, 3, 4, 5, 24, 7, 8, 9, 10, 11, 12, 13, 14, 15, 2, 21, 18, 19, 20, 16, 6, 23, 17, 25], [1, 22, 3, 4, 5, 24, 7, 8, 9, 10, 11, 12, 13, 14, 15, 2, 17, 18, 19, 20, 16, 6, 23, 21, 25], [1, 22, 3, 4, 5, 21, 7, 8, 9, 10, 11, 12, 13, 14, 15, 2, 17, 18, 19, 20, 16, 6, 23, 24, 25], [1, 22, 3, 4, 5, 6, 7, 8, 9, 10, 11, 12, 13, 14, 15, 2, 17, 18, 19, 20, 16, 21, 23, 24, 25], [1, 22, 3, 4, 5, 6, 7, 8, 9, 10, 11, 12, 13, 14, 15, 2, 17, 18, 19, 20, 21, 16, 23, 24, 25], [1, 16, 3, 4, 5, 6, 7, 8, 9, 10, 11, 12, 13, 14, 15, 2, 17, 18, 19, 20, 21, 22, 23, 24, 25], [1, 2, 3, 4, 5, 6, 7, 8, 9, 10, 11, 12, 13, 14, 15, 16, 17, 18, 19, 20, 21, 22, 23, 24, 25]], idx1=[1, 10, 16, 19, 4, 4, 8, 9, 12, 13, 1, 1, 3, 11, 11, 14, 17, 21, 6, 16, 16, 2], idx2=[7, 11, 20, 23, 23, 22, 13, 17, 18, 15, 15, 11, 14, 12, 24, 17, 21, 24, 21, 21, 22, 16], _checker='')