============================================================
BENCHMARK ID: 27 | DIMENSIONE: 15 | STRATEGIA: linear
============================================================

Input Vector: [14, 1, 8, 9, 4, 5, 15, 13, 12, 2, 3, 7, 6, 11, 10]

STATO: RISOLTO
K: 14
TEMPO: 0.6080s
----------------------------------------
PIANO:
Solution(v=[[14, 1, 8, 9, 4, 5, 15, 13, 12, 2, 3, 7, 6, 11, 10], [11, 1, 8, 9, 4, 5, 15, 13, 12, 2, 3, 7, 6, 14, 10], [1, 11, 8, 9, 4, 5, 15, 13, 12, 2, 3, 7, 6, 14, 10], [1, 11, 8, 9, 4, 5, 15, 13, 7, 2, 3, 12, 6, 14, 10], [1, 11, 8, 7, 4, 5, 15, 13, 9, 2, 3, 12, 6, 14, 10], [1, 11, 8, 7, 4, 5, 15, 13, 9, 10, 3, 12, 6, 14, 2], [1, 2, 8, 7, 4, 5, 15, 13, 9, 10, 3, 12, 6, 14, 11], [1, 2, 8, 7, 4, 6, 15, 13, 9, 10, 3, 12, 5, 14, 11], [1, 2, 8, 7, 4, 6, 15, 13, 9, 10, 11, 12, 5, 14, 3], [1, 2, 8, 7, 4, 6, 3, 13, 9, 10, 11, 12, 5, 14, 15], [1, 2, 8, 7, 4, 6, 3, 5, 9, 10, 11, 12, 13, 14, 15], [1, 2, 5, 7, 4, 6, 3, 8, 9, 10, 11, 12, 13, 14, 15], [1, 2, 4, 7, 5, 6, 3, 8, 9, 10, 11, 12, 13, 14, 15], [1, 2, 4, 3, 5, 6, 7, 8, 9, 10, 11, 12, 13, 14, 15], [1, 2, 3, 4, 5, 6, 7, 8, 9, 10, 11, 12, 13, 14, 15]], pos=[[2, 10, 11, 5, 6, 13, 12, 3, 4, 15, 14, 9, 8, 1, 7], [2, 10, 11, 5, 6, 13, 12, 3, 4, 15, 1, 9, 8, 14, 7], [1, 10, 11, 5, 6, 13, 12, 3, 4, 15, 2, 9, 8, 14, 7], [1, 10, 11, 5, 6, 13, 9, 3, 4, 15, 2, 12, 8, 14, 7], [1, 10, 11, 5, 6, 13, 4, 3, 9, 15, 2, 12, 8, 14, 7], [1, 15, 11, 5, 6, 13, 4, 3, 9, 10, 2, 12, 8, 14, 7], [1, 2, 11, 5, 6, 13, 4, 3, 9, 10, 15, 12, 8, 14, 7], [1, 2, 11, 5, 13, 6, 4, 3, 9, 10, 15, 12, 8, 14, 7], [1, 2, 15, 5, 13, 6, 4, 3, 9, 10, 11, 12, 8, 14, 7], [1, 2, 7, 5, 13, 6, 4, 3, 9, 10, 11, 12, 8, 14, 15], [1, 2, 7, 5, 8, 6, 4, 3, 9, 10, 11, 12, 13, 14, 15], [1, 2, 7, 5, 3, 6, 4, 8, 9, 10, 11, 12, 13, 14, 15], [1, 2, 7, 3, 5, 6, 4, 8, 9, 10, 11, 12, 13, 14, 15], [1, 2, 4, 3, 5, 6, 7, 8, 9, 10, 11, 12, 13, 14, 15], [1, 2, 3, 4, 5, 6, 7, 8, 9, 10, 11, 12, 13, 14, 15]], idx1=[1, 1, 9, 4, 10, 2, 6, 11, 7, 8, 3, 3, 4, 3], idx2=[14, 2, 12, 9, 15, 15, 13, 15, 15, 13, 8, 5, 7, 4], _checker='')