============================================================
BENCHMARK ID: 34 | DIMENSIONE: 20 | STRATEGIA: linear
============================================================

Input Vector: [20, 18, 5, 11, 1, 14, 16, 2, 8, 7, 13, 6, 10, 19, 12, 9, 4, 17, 15, 3]

STATO: RISOLTO
K: 17
TEMPO: 2.4190s
----------------------------------------
PIANO:
Solution(v=[[20, 18, 5, 11, 1, 14, 16, 2, 8, 7, 13, 6, 10, 19, 12, 9, 4, 17, 15, 3], [20, 18, 5, 11, 1, 14, 16, 2, 8, 7, 10, 6, 13, 19, 12, 9, 4, 17, 15, 3], [20, 18, 5, 10, 1, 14, 16, 2, 8, 7, 11, 6, 13, 19, 12, 9, 4, 17, 15, 3], [20, 18, 5, 10, 1, 14, 16, 2, 9, 7, 11, 6, 13, 19, 12, 8, 4, 17, 15, 3], [20, 18, 5, 10, 1, 14, 16, 8, 9, 7, 11, 6, 13, 19, 12, 2, 4, 17, 15, 3], [20, 18, 5, 10, 1, 14, 16, 8, 9, 7, 11, 12, 13, 19, 6, 2, 4, 17, 15, 3], [20, 18, 5, 10, 1, 14, 16, 8, 9, 7, 11, 12, 13, 15, 6, 2, 4, 17, 19, 3], [20, 18, 5, 10, 1, 15, 16, 8, 9, 7, 11, 12, 13, 14, 6, 2, 4, 17, 19, 3], [20, 18, 5, 10, 1, 15, 2, 8, 9, 7, 11, 12, 13, 14, 6, 16, 4, 17, 19, 3], [20, 2, 5, 10, 1, 15, 18, 8, 9, 7, 11, 12, 13, 14, 6, 16, 4, 17, 19, 3], [20, 2, 3, 10, 1, 15, 18, 8, 9, 7, 11, 12, 13, 14, 6, 16, 4, 17, 19, 5], [5, 2, 3, 10, 1, 15, 18, 8, 9, 7, 11, 12, 13, 14, 6, 16, 4, 17, 19, 20], [1, 2, 3, 10, 5, 15, 18, 8, 9, 7, 11, 12, 13, 14, 6, 16, 4, 17, 19, 20], [1, 2, 3, 10, 5, 15, 18, 8, 9, 7, 11, 12, 13, 14, 6, 16, 17, 4, 19, 20], [1, 2, 3, 10, 5, 15, 4, 8, 9, 7, 11, 12, 13, 14, 6, 16, 17, 18, 19, 20], [1, 2, 3, 10, 5, 15, 7, 8, 9, 4, 11, 12, 13, 14, 6, 16, 17, 18, 19, 20], [1, 2, 3, 4, 5, 15, 7, 8, 9, 10, 11, 12, 13, 14, 6, 16, 17, 18, 19, 20], [1, 2, 3, 4, 5, 6, 7, 8, 9, 10, 11, 12, 13, 14, 15, 16, 17, 18, 19, 20]], pos=[[5, 8, 20, 17, 3, 12, 10, 9, 16, 13, 4, 15, 11, 6, 19, 7, 18, 2, 14, 1], [5, 8, 20, 17, 3, 12, 10, 9, 16, 11, 4, 15, 13, 6, 19, 7, 18, 2, 14, 1], [5, 8, 20, 17, 3, 12, 10, 9, 16, 4, 11, 15, 13, 6, 19, 7, 18, 2, 14, 1], [5, 8, 20, 17, 3, 12, 10, 16, 9, 4, 11, 15, 13, 6, 19, 7, 18, 2, 14, 1], [5, 16, 20, 17, 3, 12, 10, 8, 9, 4, 11, 15, 13, 6, 19, 7, 18, 2, 14, 1], [5, 16, 20, 17, 3, 15, 10, 8, 9, 4, 11, 12, 13, 6, 19, 7, 18, 2, 14, 1], [5, 16, 20, 17, 3, 15, 10, 8, 9, 4, 11, 12, 13, 6, 14, 7, 18, 2, 19, 1], [5, 16, 20, 17, 3, 15, 10, 8, 9, 4, 11, 12, 13, 14, 6, 7, 18, 2, 19, 1], [5, 7, 20, 17, 3, 15, 10, 8, 9, 4, 11, 12, 13, 14, 6, 16, 18, 2, 19, 1], [5, 2, 20, 17, 3, 15, 10, 8, 9, 4, 11, 12, 13, 14, 6, 16, 18, 7, 19, 1], [5, 2, 3, 17, 20, 15, 10, 8, 9, 4, 11, 12, 13, 14, 6, 16, 18, 7, 19, 1], [5, 2, 3, 17, 1, 15, 10, 8, 9, 4, 11, 12, 13, 14, 6, 16, 18, 7, 19, 20], [1, 2, 3, 17, 5, 15, 10, 8, 9, 4, 11, 12, 13, 14, 6, 16, 18, 7, 19, 20], [1, 2, 3, 18, 5, 15, 10, 8, 9, 4, 11, 12, 13, 14, 6, 16, 17, 7, 19, 20], [1, 2, 3, 7, 5, 15, 10, 8, 9, 4, 11, 12, 13, 14, 6, 16, 17, 18, 19, 20], [1, 2, 3, 10, 5, 15, 7, 8, 9, 4, 11, 12, 13, 14, 6, 16, 17, 18, 19, 20], [1, 2, 3, 4, 5, 15, 7, 8, 9, 10, 11, 12, 13, 14, 6, 16, 17, 18, 19, 20], [1, 2, 3, 4, 5, 6, 7, 8, 9, 10, 11, 12, 13, 14, 15, 16, 17, 18, 19, 20]], idx1=[11, 4, 9, 8, 12, 14, 6, 7, 2, 3, 1, 1, 17, 7, 7, 4, 6], idx2=[13, 11, 16, 16, 15, 19, 14, 16, 7, 20, 20, 5, 18, 18, 10, 10, 15], _checker='')