============================================================
BENCHMARK ID: 56 | DIMENSIONE: 30 | STRATEGIA: linear
============================================================

Input Vector: [23, 11, 6, 5, 28, 8, 1, 19, 2, 25, 9, 26, 12, 30, 22, 4, 13, 10, 21, 7, 15, 24, 27, 17, 20, 16, 29, 14, 18, 3]

STATO: RISOLTO
K: 27
TEMPO: 178.2740s
----------------------------------------
PIANO:
Solution(v=[[23, 11, 6, 5, 28, 8, 1, 19, 2, 25, 9, 26, 12, 30, 22, 4, 13, 10, 21, 7, 15, 24, 27, 17, 20, 16, 29, 14, 18, 3], [23, 11, 8, 5, 28, 6, 1, 19, 2, 25, 9, 26, 12, 30, 22, 4, 13, 10, 21, 7, 15, 24, 27, 17, 20, 16, 29, 14, 18, 3], [23, 11, 8, 5, 28, 6, 1, 19, 2, 10, 9, 26, 12, 30, 22, 4, 13, 25, 21, 7, 15, 24, 27, 17, 20, 16, 29, 14, 18, 3], [23, 11, 8, 5, 28, 6, 1, 19, 2, 10, 9, 26, 12, 30, 24, 4, 13, 25, 21, 7, 15, 22, 27, 17, 20, 16, 29, 14, 18, 3], [23, 11, 8, 5, 28, 6, 1, 19, 2, 10, 9, 26, 12, 30, 24, 4, 13, 25, 15, 7, 21, 22, 27, 17, 20, 16, 29, 14, 18, 3], [23, 11, 8, 5, 28, 6, 1, 15, 2, 10, 9, 26, 12, 30, 24, 4, 13, 25, 19, 7, 21, 22, 27, 17, 20, 16, 29, 14, 18, 3], [23, 11, 15, 5, 28, 6, 1, 8, 2, 10, 9, 26, 12, 30, 24, 4, 13, 25, 19, 7, 21, 22, 27, 17, 20, 16, 29, 14, 18, 3], [23, 11, 15, 5, 28, 6, 1, 8, 2, 10, 9, 26, 12, 30, 24, 4, 13, 20, 19, 7, 21, 22, 27, 17, 25, 16, 29, 14, 18, 3], [23, 11, 15, 5, 28, 6, 1, 8, 2, 10, 9, 26, 12, 30, 24, 4, 13, 20, 19, 7, 21, 22, 27, 17, 25, 16, 18, 14, 29, 3], [23, 11, 15, 5, 28, 6, 1, 8, 2, 10, 9, 26, 12, 30, 24, 4, 13, 18, 19, 7, 21, 22, 27, 17, 25, 16, 20, 14, 29, 3], [23, 11, 15, 5, 28, 6, 1, 8, 2, 10, 9, 26, 12, 30, 24, 4, 13, 18, 19, 20, 21, 22, 27, 17, 25, 16, 7, 14, 29, 3], [23, 11, 15, 5, 28, 6, 7, 8, 2, 10, 9, 26, 12, 30, 24, 4, 13, 18, 19, 20, 21, 22, 27, 17, 25, 16, 1, 14, 29, 3], [23, 11, 15, 5, 28, 6, 7, 8, 9, 10, 2, 26, 12, 30, 24, 4, 13, 18, 19, 20, 21, 22, 27, 17, 25, 16, 1, 14, 29, 3], [23, 2, 15, 5, 28, 6, 7, 8, 9, 10, 11, 26, 12, 30, 24, 4, 13, 18, 19, 20, 21, 22, 27, 17, 25, 16, 1, 14, 29, 3], [23, 2, 15, 5, 28, 6, 7, 8, 9, 10, 11, 26, 12, 3, 24, 4, 13, 18, 19, 20, 21, 22, 27, 17, 25, 16, 1, 14, 29, 30], [23, 2, 15, 5, 28, 6, 7, 8, 9, 10, 11, 26, 12, 3, 24, 4, 13, 18, 19, 20, 21, 22, 1, 17, 25, 16, 27, 14, 29, 30], [1, 2, 15, 5, 28, 6, 7, 8, 9, 10, 11, 26, 12, 3, 24, 4, 13, 18, 19, 20, 21, 22, 23, 17, 25, 16, 27, 14, 29, 30], [1, 2, 15, 4, 28, 6, 7, 8, 9, 10, 11, 26, 12, 3, 24, 5, 13, 18, 19, 20, 21, 22, 23, 17, 25, 16, 27, 14, 29, 30], [1, 2, 15, 4, 28, 6, 7, 8, 9, 10, 11, 26, 13, 3, 24, 5, 12, 18, 19, 20, 21, 22, 23, 17, 25, 16, 27, 14, 29, 30], [1, 2, 15, 4, 28, 6, 7, 8, 9, 10, 11, 12, 13, 3, 24, 5, 26, 18, 19, 20, 21, 22, 23, 17, 25, 16, 27, 14, 29, 30], [1, 2, 15, 4, 28, 6, 7, 8, 9, 10, 11, 12, 13, 14, 24, 5, 26, 18, 19, 20, 21, 22, 23, 17, 25, 16, 27, 3, 29, 30], [1, 2, 3, 4, 28, 6, 7, 8, 9, 10, 11, 12, 13, 14, 24, 5, 26, 18, 19, 20, 21, 22, 23, 17, 25, 16, 27, 15, 29, 30], [1, 2, 3, 4, 15, 6, 7, 8, 9, 10, 11, 12, 13, 14, 24, 5, 26, 18, 19, 20, 21, 22, 23, 17, 25, 16, 27, 28, 29, 30], [1, 2, 3, 4, 15, 6, 7, 8, 9, 10, 11, 12, 13, 14, 24, 5, 16, 18, 19, 20, 21, 22, 23, 17, 25, 26, 27, 28, 29, 30], [1, 2, 3, 4, 15, 6, 7, 8, 9, 10, 11, 12, 13, 14, 24, 16, 5, 18, 19, 20, 21, 22, 23, 17, 25, 26, 27, 28, 29, 30], [1, 2, 3, 4, 5, 6, 7, 8, 9, 10, 11, 12, 13, 14, 24, 16, 15, 18, 19, 20, 21, 22, 23, 17, 25, 26, 27, 28, 29, 30], [1, 2, 3, 4, 5, 6, 7, 8, 9, 10, 11, 12, 13, 14, 15, 16, 24, 18, 19, 20, 21, 22, 23, 17, 25, 26, 27, 28, 29, 30], [1, 2, 3, 4, 5, 6, 7, 8, 9, 10, 11, 12, 13, 14, 15, 16, 17, 18, 19, 20, 21, 22, 23, 24, 25, 26, 27, 28, 29, 30]], pos=[[7, 9, 30, 16, 4, 3, 20, 6, 11, 18, 2, 13, 17, 28, 21, 26, 24, 29, 8, 25, 19, 15, 1, 22, 10, 12, 23, 5, 27, 14], [7, 9, 30, 16, 4, 6, 20, 3, 11, 18, 2, 13, 17, 28, 21, 26, 24, 29, 8, 25, 19, 15, 1, 22, 10, 12, 23, 5, 27, 14], [7, 9, 30, 16, 4, 6, 20, 3, 11, 10, 2, 13, 17, 28, 21, 26, 24, 29, 8, 25, 19, 15, 1, 22, 18, 12, 23, 5, 27, 14], [7, 9, 30, 16, 4, 6, 20, 3, 11, 10, 2, 13, 17, 28, 21, 26, 24, 29, 8, 25, 19, 22, 1, 15, 18, 12, 23, 5, 27, 14], [7, 9, 30, 16, 4, 6, 20, 3, 11, 10, 2, 13, 17, 28, 19, 26, 24, 29, 8, 25, 21, 22, 1, 15, 18, 12, 23, 5, 27, 14], [7, 9, 30, 16, 4, 6, 20, 3, 11, 10, 2, 13, 17, 28, 8, 26, 24, 29, 19, 25, 21, 22, 1, 15, 18, 12, 23, 5, 27, 14], [7, 9, 30, 16, 4, 6, 20, 8, 11, 10, 2, 13, 17, 28, 3, 26, 24, 29, 19, 25, 21, 22, 1, 15, 18, 12, 23, 5, 27, 14], [7, 9, 30, 16, 4, 6, 20, 8, 11, 10, 2, 13, 17, 28, 3, 26, 24, 29, 19, 18, 21, 22, 1, 15, 25, 12, 23, 5, 27, 14], [7, 9, 30, 16, 4, 6, 20, 8, 11, 10, 2, 13, 17, 28, 3, 26, 24, 27, 19, 18, 21, 22, 1, 15, 25, 12, 23, 5, 29, 14], [7, 9, 30, 16, 4, 6, 20, 8, 11, 10, 2, 13, 17, 28, 3, 26, 24, 18, 19, 27, 21, 22, 1, 15, 25, 12, 23, 5, 29, 14], [7, 9, 30, 16, 4, 6, 27, 8, 11, 10, 2, 13, 17, 28, 3, 26, 24, 18, 19, 20, 21, 22, 1, 15, 25, 12, 23, 5, 29, 14], [27, 9, 30, 16, 4, 6, 7, 8, 11, 10, 2, 13, 17, 28, 3, 26, 24, 18, 19, 20, 21, 22, 1, 15, 25, 12, 23, 5, 29, 14], [27, 11, 30, 16, 4, 6, 7, 8, 9, 10, 2, 13, 17, 28, 3, 26, 24, 18, 19, 20, 21, 22, 1, 15, 25, 12, 23, 5, 29, 14], [27, 2, 30, 16, 4, 6, 7, 8, 9, 10, 11, 13, 17, 28, 3, 26, 24, 18, 19, 20, 21, 22, 1, 15, 25, 12, 23, 5, 29, 14], [27, 2, 14, 16, 4, 6, 7, 8, 9, 10, 11, 13, 17, 28, 3, 26, 24, 18, 19, 20, 21, 22, 1, 15, 25, 12, 23, 5, 29, 30], [23, 2, 14, 16, 4, 6, 7, 8, 9, 10, 11, 13, 17, 28, 3, 26, 24, 18, 19, 20, 21, 22, 1, 15, 25, 12, 27, 5, 29, 30], [1, 2, 14, 16, 4, 6, 7, 8, 9, 10, 11, 13, 17, 28, 3, 26, 24, 18, 19, 20, 21, 22, 23, 15, 25, 12, 27, 5, 29, 30], [1, 2, 14, 4, 16, 6, 7, 8, 9, 10, 11, 13, 17, 28, 3, 26, 24, 18, 19, 20, 21, 22, 23, 15, 25, 12, 27, 5, 29, 30], [1, 2, 14, 4, 16, 6, 7, 8, 9, 10, 11, 17, 13, 28, 3, 26, 24, 18, 19, 20, 21, 22, 23, 15, 25, 12, 27, 5, 29, 30], [1, 2, 14, 4, 16, 6, 7, 8, 9, 10, 11, 12, 13, 28, 3, 26, 24, 18, 19, 20, 21, 22, 23, 15, 25, 17, 27, 5, 29, 30], [1, 2, 28, 4, 16, 6, 7, 8, 9, 10, 11, 12, 13, 14, 3, 26, 24, 18, 19, 20, 21, 22, 23, 15, 25, 17, 27, 5, 29, 30], [1, 2, 3, 4, 16, 6, 7, 8, 9, 10, 11, 12, 13, 14, 28, 26, 24, 18, 19, 20, 21, 22, 23, 15, 25, 17, 27, 5, 29, 30], [1, 2, 3, 4, 16, 6, 7, 8, 9, 10, 11, 12, 13, 14, 5, 26, 24, 18, 19, 20, 21, 22, 23, 15, 25, 17, 27, 28, 29, 30], [1, 2, 3, 4, 16, 6, 7, 8, 9, 10, 11, 12, 13, 14, 5, 17, 24, 18, 19, 20, 21, 22, 23, 15, 25, 26, 27, 28, 29, 30], [1, 2, 3, 4, 17, 6, 7, 8, 9, 10, 11, 12, 13, 14, 5, 16, 24, 18, 19, 20, 21, 22, 23, 15, 25, 26, 27, 28, 29, 30], [1, 2, 3, 4, 5, 6, 7, 8, 9, 10, 11, 12, 13, 14, 17, 16, 24, 18, 19, 20, 21, 22, 23, 15, 25, 26, 27, 28, 29, 30], [1, 2, 3, 4, 5, 6, 7, 8, 9, 10, 11, 12, 13, 14, 15, 16, 24, 18, 19, 20, 21, 22, 23, 17, 25, 26, 27, 28, 29, 30], [1, 2, 3, 4, 5, 6, 7, 8, 9, 10, 11, 12, 13, 14, 15, 16, 17, 18, 19, 20, 21, 22, 23, 24, 25, 26, 27, 28, 29, 30]], idx1=[3, 10, 15, 19, 8, 3, 18, 27, 18, 20, 7, 9, 2, 14, 23, 1, 4, 13, 12, 14, 3, 5, 17, 16, 5, 15, 17], idx2=[6, 18, 22, 21, 19, 8, 25, 29, 27, 27, 27, 11, 11, 30, 27, 23, 16, 17, 17, 28, 28, 28, 26, 17, 17, 17, 24], _checker='')