============================================================
BENCHMARK ID: 52 | DIMENSIONE: 30 | STRATEGIA: linear
============================================================

Input Vector: [4, 5, 11, 24, 9, 29, 10, 26, 13, 18, 23, 27, 20, 22, 8, 17, 7, 25, 12, 1, 28, 15, 3, 6, 19, 14, 30, 16, 21, 2]

STATO: RISOLTO
K: 27
TEMPO: 26.3210s
----------------------------------------
PIANO:
Solution(v=[[4, 5, 11, 24, 9, 29, 10, 26, 13, 18, 23, 27, 20, 22, 8, 17, 7, 25, 12, 1, 28, 15, 3, 6, 19, 14, 30, 16, 21, 2], [4, 5, 11, 24, 9, 29, 10, 26, 13, 18, 23, 30, 20, 22, 8, 17, 7, 25, 12, 1, 28, 15, 3, 6, 19, 14, 27, 16, 21, 2], [4, 5, 11, 24, 9, 29, 10, 26, 13, 18, 23, 30, 1, 22, 8, 17, 7, 25, 12, 20, 28, 15, 3, 6, 19, 14, 27, 16, 21, 2], [1, 5, 11, 24, 9, 29, 10, 26, 13, 18, 23, 30, 4, 22, 8, 17, 7, 25, 12, 20, 28, 15, 3, 6, 19, 14, 27, 16, 21, 2], [1, 5, 11, 6, 9, 29, 10, 26, 13, 18, 23, 30, 4, 22, 8, 17, 7, 25, 12, 20, 28, 15, 3, 24, 19, 14, 27, 16, 21, 2], [1, 5, 11, 29, 9, 6, 10, 26, 13, 18, 23, 30, 4, 22, 8, 17, 7, 25, 12, 20, 28, 15, 3, 24, 19, 14, 27, 16, 21, 2], [1, 5, 11, 4, 9, 6, 10, 26, 13, 18, 23, 30, 29, 22, 8, 17, 7, 25, 12, 20, 28, 15, 3, 24, 19, 14, 27, 16, 21, 2], [1, 5, 11, 4, 9, 6, 10, 26, 13, 25, 23, 30, 29, 22, 8, 17, 7, 18, 12, 20, 28, 15, 3, 24, 19, 14, 27, 16, 21, 2], [1, 5, 11, 4, 9, 6, 10, 26, 13, 25, 23, 30, 29, 22, 8, 17, 7, 18, 19, 20, 28, 15, 3, 24, 12, 14, 27, 16, 21, 2], [1, 5, 11, 4, 9, 6, 10, 26, 13, 25, 23, 30, 29, 22, 8, 17, 7, 18, 19, 20, 21, 15, 3, 24, 12, 14, 27, 16, 28, 2], [1, 5, 11, 4, 9, 6, 10, 26, 13, 25, 23, 30, 28, 22, 8, 17, 7, 18, 19, 20, 21, 15, 3, 24, 12, 14, 27, 16, 29, 2], [1, 5, 11, 4, 9, 6, 10, 26, 13, 25, 23, 30, 28, 14, 8, 17, 7, 18, 19, 20, 21, 15, 3, 24, 12, 22, 27, 16, 29, 2], [1, 5, 11, 4, 9, 6, 10, 26, 13, 25, 23, 30, 28, 14, 8, 17, 7, 18, 19, 20, 21, 22, 3, 24, 12, 15, 27, 16, 29, 2], [1, 5, 11, 4, 9, 6, 10, 15, 13, 25, 23, 30, 28, 14, 8, 17, 7, 18, 19, 20, 21, 22, 3, 24, 12, 26, 27, 16, 29, 2], [1, 5, 11, 4, 9, 6, 10, 15, 13, 25, 23, 2, 28, 14, 8, 17, 7, 18, 19, 20, 21, 22, 3, 24, 12, 26, 27, 16, 29, 30], [1, 2, 11, 4, 9, 6, 10, 15, 13, 25, 23, 5, 28, 14, 8, 17, 7, 18, 19, 20, 21, 22, 3, 24, 12, 26, 27, 16, 29, 30], [1, 2, 11, 4, 9, 6, 7, 15, 13, 25, 23, 5, 28, 14, 8, 17, 10, 18, 19, 20, 21, 22, 3, 24, 12, 26, 27, 16, 29, 30], [1, 2, 11, 4, 9, 6, 7, 8, 13, 25, 23, 5, 28, 14, 15, 17, 10, 18, 19, 20, 21, 22, 3, 24, 12, 26, 27, 16, 29, 30], [1, 2, 11, 4, 9, 6, 7, 8, 13, 25, 23, 5, 28, 14, 15, 10, 17, 18, 19, 20, 21, 22, 3, 24, 12, 26, 27, 16, 29, 30], [1, 2, 11, 4, 9, 6, 7, 8, 13, 25, 23, 5, 28, 14, 15, 16, 17, 18, 19, 20, 21, 22, 3, 24, 12, 26, 27, 10, 29, 30], [1, 2, 11, 4, 9, 6, 7, 8, 13, 10, 23, 5, 28, 14, 15, 16, 17, 18, 19, 20, 21, 22, 3, 24, 12, 26, 27, 25, 29, 30], [1, 2, 11, 4, 9, 6, 7, 8, 13, 10, 3, 5, 28, 14, 15, 16, 17, 18, 19, 20, 21, 22, 23, 24, 12, 26, 27, 25, 29, 30], [1, 2, 3, 4, 9, 6, 7, 8, 13, 10, 11, 5, 28, 14, 15, 16, 17, 18, 19, 20, 21, 22, 23, 24, 12, 26, 27, 25, 29, 30], [1, 2, 3, 4, 13, 6, 7, 8, 9, 10, 11, 5, 28, 14, 15, 16, 17, 18, 19, 20, 21, 22, 23, 24, 12, 26, 27, 25, 29, 30], [1, 2, 3, 4, 28, 6, 7, 8, 9, 10, 11, 5, 13, 14, 15, 16, 17, 18, 19, 20, 21, 22, 23, 24, 12, 26, 27, 25, 29, 30], [1, 2, 3, 4, 5, 6, 7, 8, 9, 10, 11, 28, 13, 14, 15, 16, 17, 18, 19, 20, 21, 22, 23, 24, 12, 26, 27, 25, 29, 30], [1, 2, 3, 4, 5, 6, 7, 8, 9, 10, 11, 28, 13, 14, 15, 16, 17, 18, 19, 20, 21, 22, 23, 24, 25, 26, 27, 12, 29, 30], [1, 2, 3, 4, 5, 6, 7, 8, 9, 10, 11, 12, 13, 14, 15, 16, 17, 18, 19, 20, 21, 22, 23, 24, 25, 26, 27, 28, 29, 30]], pos=[[20, 30, 23, 1, 2, 24, 17, 15, 5, 7, 3, 19, 9, 26, 22, 28, 16, 10, 25, 13, 29, 14, 11, 4, 18, 8, 12, 21, 6, 27], [20, 30, 23, 1, 2, 24, 17, 15, 5, 7, 3, 19, 9, 26, 22, 28, 16, 10, 25, 13, 29, 14, 11, 4, 18, 8, 27, 21, 6, 12], [13, 30, 23, 1, 2, 24, 17, 15, 5, 7, 3, 19, 9, 26, 22, 28, 16, 10, 25, 20, 29, 14, 11, 4, 18, 8, 27, 21, 6, 12], [1, 30, 23, 13, 2, 24, 17, 15, 5, 7, 3, 19, 9, 26, 22, 28, 16, 10, 25, 20, 29, 14, 11, 4, 18, 8, 27, 21, 6, 12], [1, 30, 23, 13, 2, 4, 17, 15, 5, 7, 3, 19, 9, 26, 22, 28, 16, 10, 25, 20, 29, 14, 11, 24, 18, 8, 27, 21, 6, 12], [1, 30, 23, 13, 2, 6, 17, 15, 5, 7, 3, 19, 9, 26, 22, 28, 16, 10, 25, 20, 29, 14, 11, 24, 18, 8, 27, 21, 4, 12], [1, 30, 23, 4, 2, 6, 17, 15, 5, 7, 3, 19, 9, 26, 22, 28, 16, 10, 25, 20, 29, 14, 11, 24, 18, 8, 27, 21, 13, 12], [1, 30, 23, 4, 2, 6, 17, 15, 5, 7, 3, 19, 9, 26, 22, 28, 16, 18, 25, 20, 29, 14, 11, 24, 10, 8, 27, 21, 13, 12], [1, 30, 23, 4, 2, 6, 17, 15, 5, 7, 3, 25, 9, 26, 22, 28, 16, 18, 19, 20, 29, 14, 11, 24, 10, 8, 27, 21, 13, 12], [1, 30, 23, 4, 2, 6, 17, 15, 5, 7, 3, 25, 9, 26, 22, 28, 16, 18, 19, 20, 21, 14, 11, 24, 10, 8, 27, 29, 13, 12], [1, 30, 23, 4, 2, 6, 17, 15, 5, 7, 3, 25, 9, 26, 22, 28, 16, 18, 19, 20, 21, 14, 11, 24, 10, 8, 27, 13, 29, 12], [1, 30, 23, 4, 2, 6, 17, 15, 5, 7, 3, 25, 9, 14, 22, 28, 16, 18, 19, 20, 21, 26, 11, 24, 10, 8, 27, 13, 29, 12], [1, 30, 23, 4, 2, 6, 17, 15, 5, 7, 3, 25, 9, 14, 26, 28, 16, 18, 19, 20, 21, 22, 11, 24, 10, 8, 27, 13, 29, 12], [1, 30, 23, 4, 2, 6, 17, 15, 5, 7, 3, 25, 9, 14, 8, 28, 16, 18, 19, 20, 21, 22, 11, 24, 10, 26, 27, 13, 29, 12], [1, 12, 23, 4, 2, 6, 17, 15, 5, 7, 3, 25, 9, 14, 8, 28, 16, 18, 19, 20, 21, 22, 11, 24, 10, 26, 27, 13, 29, 30], [1, 2, 23, 4, 12, 6, 17, 15, 5, 7, 3, 25, 9, 14, 8, 28, 16, 18, 19, 20, 21, 22, 11, 24, 10, 26, 27, 13, 29, 30], [1, 2, 23, 4, 12, 6, 7, 15, 5, 17, 3, 25, 9, 14, 8, 28, 16, 18, 19, 20, 21, 22, 11, 24, 10, 26, 27, 13, 29, 30], [1, 2, 23, 4, 12, 6, 7, 8, 5, 17, 3, 25, 9, 14, 15, 28, 16, 18, 19, 20, 21, 22, 11, 24, 10, 26, 27, 13, 29, 30], [1, 2, 23, 4, 12, 6, 7, 8, 5, 16, 3, 25, 9, 14, 15, 28, 17, 18, 19, 20, 21, 22, 11, 24, 10, 26, 27, 13, 29, 30], [1, 2, 23, 4, 12, 6, 7, 8, 5, 28, 3, 25, 9, 14, 15, 16, 17, 18, 19, 20, 21, 22, 11, 24, 10, 26, 27, 13, 29, 30], [1, 2, 23, 4, 12, 6, 7, 8, 5, 10, 3, 25, 9, 14, 15, 16, 17, 18, 19, 20, 21, 22, 11, 24, 28, 26, 27, 13, 29, 30], [1, 2, 11, 4, 12, 6, 7, 8, 5, 10, 3, 25, 9, 14, 15, 16, 17, 18, 19, 20, 21, 22, 23, 24, 28, 26, 27, 13, 29, 30], [1, 2, 3, 4, 12, 6, 7, 8, 5, 10, 11, 25, 9, 14, 15, 16, 17, 18, 19, 20, 21, 22, 23, 24, 28, 26, 27, 13, 29, 30], [1, 2, 3, 4, 12, 6, 7, 8, 9, 10, 11, 25, 5, 14, 15, 16, 17, 18, 19, 20, 21, 22, 23, 24, 28, 26, 27, 13, 29, 30], [1, 2, 3, 4, 12, 6, 7, 8, 9, 10, 11, 25, 13, 14, 15, 16, 17, 18, 19, 20, 21, 22, 23, 24, 28, 26, 27, 5, 29, 30], [1, 2, 3, 4, 5, 6, 7, 8, 9, 10, 11, 25, 13, 14, 15, 16, 17, 18, 19, 20, 21, 22, 23, 24, 28, 26, 27, 12, 29, 30], [1, 2, 3, 4, 5, 6, 7, 8, 9, 10, 11, 28, 13, 14, 15, 16, 17, 18, 19, 20, 21, 22, 23, 24, 25, 26, 27, 12, 29, 30], [1, 2, 3, 4, 5, 6, 7, 8, 9, 10, 11, 12, 13, 14, 15, 16, 17, 18, 19, 20, 21, 22, 23, 24, 25, 26, 27, 28, 29, 30]], idx1=[12, 13, 1, 4, 4, 4, 10, 19, 21, 13, 14, 22, 8, 12, 2, 7, 8, 16, 16, 10, 11, 3, 5, 5, 5, 25, 12], idx2=[27, 20, 13, 24, 6, 13, 18, 25, 29, 29, 26, 26, 26, 30, 12, 17, 15, 17, 28, 28, 23, 11, 9, 13, 12, 28, 28], _checker='')