============================================================
BENCHMARK ID: 49 | DIMENSIONE: 25 | STRATEGIA: linear
============================================================

Input Vector: [20, 2, 11, 21, 17, 15, 13, 12, 23, 16, 22, 6, 25, 19, 24, 10, 18, 8, 14, 9, 1, 7, 5, 4, 3]

STATO: RISOLTO
K: 20
TEMPO: 6.5370s
----------------------------------------
PIANO:
Solution(v=[[20, 2, 11, 21, 17, 15, 13, 12, 23, 16, 22, 6, 25, 19, 24, 10, 18, 8, 14, 9, 1, 7, 5, 4, 3], [20, 2, 11, 4, 17, 15, 13, 12, 23, 16, 22, 6, 25, 19, 24, 10, 18, 8, 14, 9, 1, 7, 5, 21, 3], [20, 2, 11, 4, 17, 15, 13, 12, 23, 16, 22, 6, 25, 19, 24, 10, 18, 8, 14, 9, 21, 7, 5, 1, 3], [1, 2, 11, 4, 17, 15, 13, 12, 23, 16, 22, 6, 25, 19, 24, 10, 18, 8, 14, 9, 21, 7, 5, 20, 3], [1, 2, 11, 4, 17, 15, 13, 12, 23, 16, 22, 6, 25, 19, 20, 10, 18, 8, 14, 9, 21, 7, 5, 24, 3], [1, 2, 11, 4, 17, 15, 13, 12, 23, 16, 22, 6, 25, 19, 9, 10, 18, 8, 14, 20, 21, 7, 5, 24, 3], [1, 2, 11, 4, 17, 15, 13, 12, 23, 16, 22, 6, 25, 19, 9, 10, 8, 18, 14, 20, 21, 7, 5, 24, 3], [1, 2, 11, 4, 17, 15, 13, 8, 23, 16, 22, 6, 25, 19, 9, 10, 12, 18, 14, 20, 21, 7, 5, 24, 3], [1, 2, 11, 4, 12, 15, 13, 8, 23, 16, 22, 6, 25, 19, 9, 10, 17, 18, 14, 20, 21, 7, 5, 24, 3], [1, 2, 11, 4, 5, 15, 13, 8, 23, 16, 22, 6, 25, 19, 9, 10, 17, 18, 14, 20, 21, 7, 12, 24, 3], [1, 2, 11, 4, 5, 6, 13, 8, 23, 16, 22, 15, 25, 19, 9, 10, 17, 18, 14, 20, 21, 7, 12, 24, 3], [1, 2, 11, 4, 5, 6, 13, 8, 23, 10, 22, 15, 25, 19, 9, 16, 17, 18, 14, 20, 21, 7, 12, 24, 3], [1, 2, 11, 4, 5, 6, 13, 8, 23, 10, 7, 15, 25, 19, 9, 16, 17, 18, 14, 20, 21, 22, 12, 24, 3], [1, 2, 11, 4, 5, 6, 7, 8, 23, 10, 13, 15, 25, 19, 9, 16, 17, 18, 14, 20, 21, 22, 12, 24, 3], [1, 2, 11, 4, 5, 6, 7, 8, 9, 10, 13, 15, 25, 19, 23, 16, 17, 18, 14, 20, 21, 22, 12, 24, 3], [1, 2, 11, 4, 5, 6, 7, 8, 9, 10, 13, 15, 25, 14, 23, 16, 17, 18, 19, 20, 21, 22, 12, 24, 3], [1, 2, 11, 4, 5, 6, 7, 8, 9, 10, 13, 15, 25, 14, 12, 16, 17, 18, 19, 20, 21, 22, 23, 24, 3], [1, 2, 11, 4, 5, 6, 7, 8, 9, 10, 13, 12, 25, 14, 15, 16, 17, 18, 19, 20, 21, 22, 23, 24, 3], [1, 2, 11, 4, 5, 6, 7, 8, 9, 10, 13, 12, 3, 14, 15, 16, 17, 18, 19, 20, 21, 22, 23, 24, 25], [1, 2, 11, 4, 5, 6, 7, 8, 9, 10, 3, 12, 13, 14, 15, 16, 17, 18, 19, 20, 21, 22, 23, 24, 25], [1, 2, 3, 4, 5, 6, 7, 8, 9, 10, 11, 12, 13, 14, 15, 16, 17, 18, 19, 20, 21, 22, 23, 24, 25]], pos=[[21, 2, 25, 24, 23, 12, 22, 18, 20, 16, 3, 8, 7, 19, 6, 10, 5, 17, 14, 1, 4, 11, 9, 15, 13], [21, 2, 25, 4, 23, 12, 22, 18, 20, 16, 3, 8, 7, 19, 6, 10, 5, 17, 14, 1, 24, 11, 9, 15, 13], [24, 2, 25, 4, 23, 12, 22, 18, 20, 16, 3, 8, 7, 19, 6, 10, 5, 17, 14, 1, 21, 11, 9, 15, 13], [1, 2, 25, 4, 23, 12, 22, 18, 20, 16, 3, 8, 7, 19, 6, 10, 5, 17, 14, 24, 21, 11, 9, 15, 13], [1, 2, 25, 4, 23, 12, 22, 18, 20, 16, 3, 8, 7, 19, 6, 10, 5, 17, 14, 15, 21, 11, 9, 24, 13], [1, 2, 25, 4, 23, 12, 22, 18, 15, 16, 3, 8, 7, 19, 6, 10, 5, 17, 14, 20, 21, 11, 9, 24, 13], [1, 2, 25, 4, 23, 12, 22, 17, 15, 16, 3, 8, 7, 19, 6, 10, 5, 18, 14, 20, 21, 11, 9, 24, 13], [1, 2, 25, 4, 23, 12, 22, 8, 15, 16, 3, 17, 7, 19, 6, 10, 5, 18, 14, 20, 21, 11, 9, 24, 13], [1, 2, 25, 4, 23, 12, 22, 8, 15, 16, 3, 5, 7, 19, 6, 10, 17, 18, 14, 20, 21, 11, 9, 24, 13], [1, 2, 25, 4, 5, 12, 22, 8, 15, 16, 3, 23, 7, 19, 6, 10, 17, 18, 14, 20, 21, 11, 9, 24, 13], [1, 2, 25, 4, 5, 6, 22, 8, 15, 16, 3, 23, 7, 19, 12, 10, 17, 18, 14, 20, 21, 11, 9, 24, 13], [1, 2, 25, 4, 5, 6, 22, 8, 15, 10, 3, 23, 7, 19, 12, 16, 17, 18, 14, 20, 21, 11, 9, 24, 13], [1, 2, 25, 4, 5, 6, 11, 8, 15, 10, 3, 23, 7, 19, 12, 16, 17, 18, 14, 20, 21, 22, 9, 24, 13], [1, 2, 25, 4, 5, 6, 7, 8, 15, 10, 3, 23, 11, 19, 12, 16, 17, 18, 14, 20, 21, 22, 9, 24, 13], [1, 2, 25, 4, 5, 6, 7, 8, 9, 10, 3, 23, 11, 19, 12, 16, 17, 18, 14, 20, 21, 22, 15, 24, 13], [1, 2, 25, 4, 5, 6, 7, 8, 9, 10, 3, 23, 11, 14, 12, 16, 17, 18, 19, 20, 21, 22, 15, 24, 13], [1, 2, 25, 4, 5, 6, 7, 8, 9, 10, 3, 15, 11, 14, 12, 16, 17, 18, 19, 20, 21, 22, 23, 24, 13], [1, 2, 25, 4, 5, 6, 7, 8, 9, 10, 3, 12, 11, 14, 15, 16, 17, 18, 19, 20, 21, 22, 23, 24, 13], [1, 2, 13, 4, 5, 6, 7, 8, 9, 10, 3, 12, 11, 14, 15, 16, 17, 18, 19, 20, 21, 22, 23, 24, 25], [1, 2, 11, 4, 5, 6, 7, 8, 9, 10, 3, 12, 13, 14, 15, 16, 17, 18, 19, 20, 21, 22, 23, 24, 25], [1, 2, 3, 4, 5, 6, 7, 8, 9, 10, 11, 12, 13, 14, 15, 16, 17, 18, 19, 20, 21, 22, 23, 24, 25]], idx1=[4, 21, 1, 15, 15, 17, 8, 5, 5, 6, 10, 11, 7, 9, 14, 15, 12, 13, 11, 3], idx2=[24, 24, 24, 24, 20, 18, 17, 17, 23, 12, 16, 22, 11, 15, 19, 23, 15, 25, 13, 11], _checker='')