============================================================
BENCHMARK ID: 38 | DIMENSIONE: 20 | STRATEGIA: linear
============================================================

Input Vector: [10, 4, 17, 15, 7, 19, 14, 8, 1, 2, 9, 5, 12, 18, 20, 16, 13, 6, 3, 11]

STATO: RISOLTO
K: 16
TEMPO: 0.7510s
----------------------------------------
PIANO:
Solution(v=[[10, 4, 17, 15, 7, 19, 14, 8, 1, 2, 9, 5, 12, 18, 20, 16, 13, 6, 3, 11], [10, 4, 17, 15, 5, 19, 14, 8, 1, 2, 9, 7, 12, 18, 20, 16, 13, 6, 3, 11], [10, 4, 17, 15, 5, 19, 7, 8, 1, 2, 9, 14, 12, 18, 20, 16, 13, 6, 3, 11], [10, 4, 17, 15, 5, 19, 7, 8, 1, 2, 9, 12, 14, 18, 20, 16, 13, 6, 3, 11], [10, 4, 17, 15, 5, 19, 7, 8, 1, 2, 9, 12, 18, 14, 20, 16, 13, 6, 3, 11], [10, 4, 17, 15, 5, 19, 7, 8, 1, 2, 9, 12, 13, 14, 20, 16, 18, 6, 3, 11], [10, 4, 17, 15, 5, 19, 7, 8, 1, 2, 9, 12, 13, 14, 20, 16, 6, 18, 3, 11], [10, 4, 17, 15, 5, 6, 7, 8, 1, 2, 9, 12, 13, 14, 20, 16, 19, 18, 3, 11], [10, 4, 19, 15, 5, 6, 7, 8, 1, 2, 9, 12, 13, 14, 20, 16, 17, 18, 3, 11], [10, 4, 19, 15, 5, 6, 7, 8, 9, 2, 1, 12, 13, 14, 20, 16, 17, 18, 3, 11], [10, 4, 19, 15, 5, 6, 7, 8, 9, 2, 1, 12, 13, 14, 11, 16, 17, 18, 3, 20], [10, 4, 19, 11, 5, 6, 7, 8, 9, 2, 1, 12, 13, 14, 15, 16, 17, 18, 3, 20], [10, 4, 19, 1, 5, 6, 7, 8, 9, 2, 11, 12, 13, 14, 15, 16, 17, 18, 3, 20], [10, 1, 19, 4, 5, 6, 7, 8, 9, 2, 11, 12, 13, 14, 15, 16, 17, 18, 3, 20], [10, 2, 19, 4, 5, 6, 7, 8, 9, 1, 11, 12, 13, 14, 15, 16, 17, 18, 3, 20], [1, 2, 19, 4, 5, 6, 7, 8, 9, 10, 11, 12, 13, 14, 15, 16, 17, 18, 3, 20], [1, 2, 3, 4, 5, 6, 7, 8, 9, 10, 11, 12, 13, 14, 15, 16, 17, 18, 19, 20]], pos=[[9, 10, 19, 2, 12, 18, 5, 8, 11, 1, 20, 13, 17, 7, 4, 16, 3, 14, 6, 15], [9, 10, 19, 2, 5, 18, 12, 8, 11, 1, 20, 13, 17, 7, 4, 16, 3, 14, 6, 15], [9, 10, 19, 2, 5, 18, 7, 8, 11, 1, 20, 13, 17, 12, 4, 16, 3, 14, 6, 15], [9, 10, 19, 2, 5, 18, 7, 8, 11, 1, 20, 12, 17, 13, 4, 16, 3, 14, 6, 15], [9, 10, 19, 2, 5, 18, 7, 8, 11, 1, 20, 12, 17, 14, 4, 16, 3, 13, 6, 15], [9, 10, 19, 2, 5, 18, 7, 8, 11, 1, 20, 12, 13, 14, 4, 16, 3, 17, 6, 15], [9, 10, 19, 2, 5, 17, 7, 8, 11, 1, 20, 12, 13, 14, 4, 16, 3, 18, 6, 15], [9, 10, 19, 2, 5, 6, 7, 8, 11, 1, 20, 12, 13, 14, 4, 16, 3, 18, 17, 15], [9, 10, 19, 2, 5, 6, 7, 8, 11, 1, 20, 12, 13, 14, 4, 16, 17, 18, 3, 15], [11, 10, 19, 2, 5, 6, 7, 8, 9, 1, 20, 12, 13, 14, 4, 16, 17, 18, 3, 15], [11, 10, 19, 2, 5, 6, 7, 8, 9, 1, 15, 12, 13, 14, 4, 16, 17, 18, 3, 20], [11, 10, 19, 2, 5, 6, 7, 8, 9, 1, 4, 12, 13, 14, 15, 16, 17, 18, 3, 20], [4, 10, 19, 2, 5, 6, 7, 8, 9, 1, 11, 12, 13, 14, 15, 16, 17, 18, 3, 20], [2, 10, 19, 4, 5, 6, 7, 8, 9, 1, 11, 12, 13, 14, 15, 16, 17, 18, 3, 20], [10, 2, 19, 4, 5, 6, 7, 8, 9, 1, 11, 12, 13, 14, 15, 16, 17, 18, 3, 20], [1, 2, 19, 4, 5, 6, 7, 8, 9, 10, 11, 12, 13, 14, 15, 16, 17, 18, 3, 20], [1, 2, 3, 4, 5, 6, 7, 8, 9, 10, 11, 12, 13, 14, 15, 16, 17, 18, 19, 20]], idx1=[5, 7, 12, 13, 13, 17, 6, 3, 9, 15, 4, 4, 2, 2, 1, 3], idx2=[12, 12, 13, 14, 17, 18, 17, 17, 11, 20, 15, 11, 4, 10, 10, 19], _checker='')