============================================================
BENCHMARK ID: 32 | DIMENSIONE: 20 | STRATEGIA: linear
============================================================

Input Vector: [9, 16, 17, 5, 13, 6, 2, 8, 1, 15, 20, 18, 10, 14, 11, 7, 4, 19, 3, 12]

STATO: RISOLTO
K: 14
TEMPO: 21.2030s
----------------------------------------
PIANO:
Solution(v=[[9, 16, 17, 5, 13, 6, 2, 8, 1, 15, 20, 18, 10, 14, 11, 7, 4, 19, 3, 12], [1, 16, 17, 5, 13, 6, 2, 8, 9, 15, 20, 18, 10, 14, 11, 7, 4, 19, 3, 12], [1, 16, 17, 5, 13, 6, 2, 8, 9, 15, 20, 18, 10, 14, 11, 7, 4, 3, 19, 12], [1, 16, 3, 5, 13, 6, 2, 8, 9, 15, 20, 18, 10, 14, 11, 7, 4, 17, 19, 12], [1, 16, 3, 5, 13, 6, 2, 8, 9, 11, 20, 18, 10, 14, 15, 7, 4, 17, 19, 12], [1, 16, 3, 5, 13, 6, 2, 8, 9, 20, 11, 18, 10, 14, 15, 7, 4, 17, 19, 12], [1, 16, 3, 5, 13, 6, 2, 8, 9, 10, 11, 18, 20, 14, 15, 7, 4, 17, 19, 12], [1, 16, 3, 5, 20, 6, 2, 8, 9, 10, 11, 18, 13, 14, 15, 7, 4, 17, 19, 12], [1, 16, 3, 20, 5, 6, 2, 8, 9, 10, 11, 18, 13, 14, 15, 7, 4, 17, 19, 12], [1, 16, 3, 12, 5, 6, 2, 8, 9, 10, 11, 18, 13, 14, 15, 7, 4, 17, 19, 20], [1, 16, 3, 12, 5, 6, 2, 8, 9, 10, 11, 18, 13, 14, 15, 7, 17, 4, 19, 20], [1, 16, 3, 4, 5, 6, 2, 8, 9, 10, 11, 18, 13, 14, 15, 7, 17, 12, 19, 20], [1, 16, 3, 4, 5, 6, 7, 8, 9, 10, 11, 18, 13, 14, 15, 2, 17, 12, 19, 20], [1, 2, 3, 4, 5, 6, 7, 8, 9, 10, 11, 18, 13, 14, 15, 16, 17, 12, 19, 20], [1, 2, 3, 4, 5, 6, 7, 8, 9, 10, 11, 12, 13, 14, 15, 16, 17, 18, 19, 20]], pos=[[9, 7, 19, 17, 4, 6, 16, 8, 1, 13, 15, 20, 5, 14, 10, 2, 3, 12, 18, 11], [1, 7, 19, 17, 4, 6, 16, 8, 9, 13, 15, 20, 5, 14, 10, 2, 3, 12, 18, 11], [1, 7, 18, 17, 4, 6, 16, 8, 9, 13, 15, 20, 5, 14, 10, 2, 3, 12, 19, 11], [1, 7, 3, 17, 4, 6, 16, 8, 9, 13, 15, 20, 5, 14, 10, 2, 18, 12, 19, 11], [1, 7, 3, 17, 4, 6, 16, 8, 9, 13, 10, 20, 5, 14, 15, 2, 18, 12, 19, 11], [1, 7, 3, 17, 4, 6, 16, 8, 9, 13, 11, 20, 5, 14, 15, 2, 18, 12, 19, 10], [1, 7, 3, 17, 4, 6, 16, 8, 9, 10, 11, 20, 5, 14, 15, 2, 18, 12, 19, 13], [1, 7, 3, 17, 4, 6, 16, 8, 9, 10, 11, 20, 13, 14, 15, 2, 18, 12, 19, 5], [1, 7, 3, 17, 5, 6, 16, 8, 9, 10, 11, 20, 13, 14, 15, 2, 18, 12, 19, 4], [1, 7, 3, 17, 5, 6, 16, 8, 9, 10, 11, 4, 13, 14, 15, 2, 18, 12, 19, 20], [1, 7, 3, 18, 5, 6, 16, 8, 9, 10, 11, 4, 13, 14, 15, 2, 17, 12, 19, 20], [1, 7, 3, 4, 5, 6, 16, 8, 9, 10, 11, 18, 13, 14, 15, 2, 17, 12, 19, 20], [1, 16, 3, 4, 5, 6, 7, 8, 9, 10, 11, 18, 13, 14, 15, 2, 17, 12, 19, 20], [1, 2, 3, 4, 5, 6, 7, 8, 9, 10, 11, 18, 13, 14, 15, 16, 17, 12, 19, 20], [1, 2, 3, 4, 5, 6, 7, 8, 9, 10, 11, 12, 13, 14, 15, 16, 17, 18, 19, 20]], idx1=[1, 18, 3, 10, 10, 10, 5, 4, 4, 17, 4, 7, 2, 12], idx2=[9, 19, 18, 15, 11, 13, 13, 5, 20, 18, 18, 16, 16, 18], _checker='')