============================================================
BENCHMARK ID: 28 | DIMENSIONE: 15 | STRATEGIA: linear
============================================================

Input Vector: [3, 7, 13, 11, 6, 10, 12, 15, 9, 8, 4, 14, 1, 2, 5]

STATO: RISOLTO
K: 10
TEMPO: 0.4930s
----------------------------------------
PIANO:
Solution(v=[[3, 7, 13, 11, 6, 10, 12, 15, 9, 8, 4, 14, 1, 2, 5], [13, 7, 3, 11, 6, 10, 12, 15, 9, 8, 4, 14, 1, 2, 5], [1, 7, 3, 11, 6, 10, 12, 15, 9, 8, 4, 14, 13, 2, 5], [1, 2, 3, 11, 6, 10, 12, 15, 9, 8, 4, 14, 13, 7, 5], [1, 2, 3, 4, 6, 10, 12, 15, 9, 8, 11, 14, 13, 7, 5], [1, 2, 3, 4, 6, 8, 12, 15, 9, 10, 11, 14, 13, 7, 5], [1, 2, 3, 4, 6, 8, 12, 15, 9, 10, 11, 7, 13, 14, 5], [1, 2, 3, 4, 6, 8, 7, 15, 9, 10, 11, 12, 13, 14, 5], [1, 2, 3, 4, 6, 8, 7, 5, 9, 10, 11, 12, 13, 14, 15], [1, 2, 3, 4, 5, 8, 7, 6, 9, 10, 11, 12, 13, 14, 15], [1, 2, 3, 4, 5, 6, 7, 8, 9, 10, 11, 12, 13, 14, 15]], pos=[[13, 14, 1, 11, 15, 5, 2, 10, 9, 6, 4, 7, 3, 12, 8], [13, 14, 3, 11, 15, 5, 2, 10, 9, 6, 4, 7, 1, 12, 8], [1, 14, 3, 11, 15, 5, 2, 10, 9, 6, 4, 7, 13, 12, 8], [1, 2, 3, 11, 15, 5, 14, 10, 9, 6, 4, 7, 13, 12, 8], [1, 2, 3, 4, 15, 5, 14, 10, 9, 6, 11, 7, 13, 12, 8], [1, 2, 3, 4, 15, 5, 14, 6, 9, 10, 11, 7, 13, 12, 8], [1, 2, 3, 4, 15, 5, 12, 6, 9, 10, 11, 7, 13, 14, 8], [1, 2, 3, 4, 15, 5, 7, 6, 9, 10, 11, 12, 13, 14, 8], [1, 2, 3, 4, 8, 5, 7, 6, 9, 10, 11, 12, 13, 14, 15], [1, 2, 3, 4, 5, 8, 7, 6, 9, 10, 11, 12, 13, 14, 15], [1, 2, 3, 4, 5, 6, 7, 8, 9, 10, 11, 12, 13, 14, 15]], idx1=[1, 1, 2, 4, 6, 12, 7, 8, 5, 6], idx2=[3, 13, 14, 11, 10, 14, 12, 15, 8, 8], _checker='')