============================================================
BENCHMARK ID: 48 | DIMENSIONE: 25 | STRATEGIA: linear
============================================================

Input Vector: [4, 5, 15, 25, 2, 21, 23, 17, 19, 18, 14, 9, 16, 6, 12, 20, 1, 22, 8, 24, 10, 13, 11, 3, 7]

STATO: RISOLTO
K: 23
TEMPO: 7.4360s
----------------------------------------
PIANO:
Solution(v=[[4, 5, 15, 25, 2, 21, 23, 17, 19, 18, 14, 9, 16, 6, 12, 20, 1, 22, 8, 24, 10, 13, 11, 3, 7], [4, 5, 15, 7, 2, 21, 23, 17, 19, 18, 14, 9, 16, 6, 12, 20, 1, 22, 8, 24, 10, 13, 11, 3, 25], [4, 5, 15, 23, 2, 21, 7, 17, 19, 18, 14, 9, 16, 6, 12, 20, 1, 22, 8, 24, 10, 13, 11, 3, 25], [23, 5, 15, 4, 2, 21, 7, 17, 19, 18, 14, 9, 16, 6, 12, 20, 1, 22, 8, 24, 10, 13, 11, 3, 25], [23, 5, 12, 4, 2, 21, 7, 17, 19, 18, 14, 9, 16, 6, 15, 20, 1, 22, 8, 24, 10, 13, 11, 3, 25], [23, 5, 12, 4, 2, 21, 7, 1, 19, 18, 14, 9, 16, 6, 15, 20, 17, 22, 8, 24, 10, 13, 11, 3, 25], [23, 5, 12, 4, 2, 21, 7, 1, 9, 18, 14, 19, 16, 6, 15, 20, 17, 22, 8, 24, 10, 13, 11, 3, 25], [23, 5, 12, 4, 2, 21, 7, 1, 9, 18, 14, 8, 16, 6, 15, 20, 17, 22, 19, 24, 10, 13, 11, 3, 25], [23, 5, 12, 4, 2, 21, 7, 1, 9, 18, 14, 8, 16, 6, 15, 20, 17, 13, 19, 24, 10, 22, 11, 3, 25], [23, 5, 12, 4, 2, 21, 7, 1, 9, 18, 14, 8, 16, 6, 15, 20, 17, 13, 19, 3, 10, 22, 11, 24, 25], [23, 5, 3, 4, 2, 21, 7, 1, 9, 18, 14, 8, 16, 6, 15, 20, 17, 13, 19, 12, 10, 22, 11, 24, 25], [23, 5, 3, 4, 2, 21, 7, 8, 9, 18, 14, 1, 16, 6, 15, 20, 17, 13, 19, 12, 10, 22, 11, 24, 25], [23, 5, 3, 4, 2, 21, 7, 8, 9, 18, 11, 1, 16, 6, 15, 20, 17, 13, 19, 12, 10, 22, 14, 24, 25], [23, 5, 3, 4, 2, 21, 7, 8, 9, 18, 11, 1, 13, 6, 15, 20, 17, 16, 19, 12, 10, 22, 14, 24, 25], [23, 5, 3, 4, 2, 21, 7, 8, 9, 18, 11, 1, 13, 14, 15, 20, 17, 16, 19, 12, 10, 22, 6, 24, 25], [23, 5, 3, 4, 2, 6, 7, 8, 9, 18, 11, 1, 13, 14, 15, 20, 17, 16, 19, 12, 10, 22, 21, 24, 25], [23, 5, 3, 4, 2, 6, 7, 8, 9, 18, 11, 12, 13, 14, 15, 20, 17, 16, 19, 1, 10, 22, 21, 24, 25], [23, 5, 3, 4, 2, 6, 7, 8, 9, 18, 11, 12, 13, 14, 15, 20, 17, 16, 19, 1, 21, 22, 10, 24, 25], [10, 5, 3, 4, 2, 6, 7, 8, 9, 18, 11, 12, 13, 14, 15, 20, 17, 16, 19, 1, 21, 22, 23, 24, 25], [18, 5, 3, 4, 2, 6, 7, 8, 9, 10, 11, 12, 13, 14, 15, 20, 17, 16, 19, 1, 21, 22, 23, 24, 25], [18, 2, 3, 4, 5, 6, 7, 8, 9, 10, 11, 12, 13, 14, 15, 20, 17, 16, 19, 1, 21, 22, 23, 24, 25], [18, 2, 3, 4, 5, 6, 7, 8, 9, 10, 11, 12, 13, 14, 15, 1, 17, 16, 19, 20, 21, 22, 23, 24, 25], [1, 2, 3, 4, 5, 6, 7, 8, 9, 10, 11, 12, 13, 14, 15, 18, 17, 16, 19, 20, 21, 22, 23, 24, 25], [1, 2, 3, 4, 5, 6, 7, 8, 9, 10, 11, 12, 13, 14, 15, 16, 17, 18, 19, 20, 21, 22, 23, 24, 25]], pos=[[17, 5, 24, 1, 2, 14, 25, 19, 12, 21, 23, 15, 22, 11, 3, 13, 8, 10, 9, 16, 6, 18, 7, 20, 4], [17, 5, 24, 1, 2, 14, 4, 19, 12, 21, 23, 15, 22, 11, 3, 13, 8, 10, 9, 16, 6, 18, 7, 20, 25], [17, 5, 24, 1, 2, 14, 7, 19, 12, 21, 23, 15, 22, 11, 3, 13, 8, 10, 9, 16, 6, 18, 4, 20, 25], [17, 5, 24, 4, 2, 14, 7, 19, 12, 21, 23, 15, 22, 11, 3, 13, 8, 10, 9, 16, 6, 18, 1, 20, 25], [17, 5, 24, 4, 2, 14, 7, 19, 12, 21, 23, 3, 22, 11, 15, 13, 8, 10, 9, 16, 6, 18, 1, 20, 25], [8, 5, 24, 4, 2, 14, 7, 19, 12, 21, 23, 3, 22, 11, 15, 13, 17, 10, 9, 16, 6, 18, 1, 20, 25], [8, 5, 24, 4, 2, 14, 7, 19, 9, 21, 23, 3, 22, 11, 15, 13, 17, 10, 12, 16, 6, 18, 1, 20, 25], [8, 5, 24, 4, 2, 14, 7, 12, 9, 21, 23, 3, 22, 11, 15, 13, 17, 10, 19, 16, 6, 18, 1, 20, 25], [8, 5, 24, 4, 2, 14, 7, 12, 9, 21, 23, 3, 18, 11, 15, 13, 17, 10, 19, 16, 6, 22, 1, 20, 25], [8, 5, 20, 4, 2, 14, 7, 12, 9, 21, 23, 3, 18, 11, 15, 13, 17, 10, 19, 16, 6, 22, 1, 24, 25], [8, 5, 3, 4, 2, 14, 7, 12, 9, 21, 23, 20, 18, 11, 15, 13, 17, 10, 19, 16, 6, 22, 1, 24, 25], [12, 5, 3, 4, 2, 14, 7, 8, 9, 21, 23, 20, 18, 11, 15, 13, 17, 10, 19, 16, 6, 22, 1, 24, 25], [12, 5, 3, 4, 2, 14, 7, 8, 9, 21, 11, 20, 18, 23, 15, 13, 17, 10, 19, 16, 6, 22, 1, 24, 25], [12, 5, 3, 4, 2, 14, 7, 8, 9, 21, 11, 20, 13, 23, 15, 18, 17, 10, 19, 16, 6, 22, 1, 24, 25], [12, 5, 3, 4, 2, 23, 7, 8, 9, 21, 11, 20, 13, 14, 15, 18, 17, 10, 19, 16, 6, 22, 1, 24, 25], [12, 5, 3, 4, 2, 6, 7, 8, 9, 21, 11, 20, 13, 14, 15, 18, 17, 10, 19, 16, 23, 22, 1, 24, 25], [20, 5, 3, 4, 2, 6, 7, 8, 9, 21, 11, 12, 13, 14, 15, 18, 17, 10, 19, 16, 23, 22, 1, 24, 25], [20, 5, 3, 4, 2, 6, 7, 8, 9, 23, 11, 12, 13, 14, 15, 18, 17, 10, 19, 16, 21, 22, 1, 24, 25], [20, 5, 3, 4, 2, 6, 7, 8, 9, 1, 11, 12, 13, 14, 15, 18, 17, 10, 19, 16, 21, 22, 23, 24, 25], [20, 5, 3, 4, 2, 6, 7, 8, 9, 10, 11, 12, 13, 14, 15, 18, 17, 1, 19, 16, 21, 22, 23, 24, 25], [20, 2, 3, 4, 5, 6, 7, 8, 9, 10, 11, 12, 13, 14, 15, 18, 17, 1, 19, 16, 21, 22, 23, 24, 25], [16, 2, 3, 4, 5, 6, 7, 8, 9, 10, 11, 12, 13, 14, 15, 18, 17, 1, 19, 20, 21, 22, 23, 24, 25], [1, 2, 3, 4, 5, 6, 7, 8, 9, 10, 11, 12, 13, 14, 15, 18, 17, 16, 19, 20, 21, 22, 23, 24, 25], [1, 2, 3, 4, 5, 6, 7, 8, 9, 10, 11, 12, 13, 14, 15, 16, 17, 18, 19, 20, 21, 22, 23, 24, 25]], idx1=[4, 4, 1, 3, 8, 9, 12, 18, 20, 3, 8, 11, 13, 14, 6, 12, 21, 1, 1, 2, 16, 1, 16], idx2=[25, 7, 4, 15, 17, 12, 19, 22, 24, 20, 12, 23, 18, 23, 23, 20, 23, 23, 10, 5, 20, 16, 18], _checker='')