============================================================
BENCHMARK ID: 26 | DIMENSIONE: 15 | STRATEGIA: linear
============================================================

Input Vector: [10, 15, 1, 7, 11, 8, 4, 13, 5, 6, 3, 14, 9, 2, 12]

STATO: RISOLTO
K: 12
TEMPO: 0.4490s
----------------------------------------
PIANO:
Solution(v=[[10, 15, 1, 7, 11, 8, 4, 13, 5, 6, 3, 14, 9, 2, 12], [10, 15, 1, 7, 11, 8, 4, 9, 5, 6, 3, 14, 13, 2, 12], [10, 15, 1, 7, 11, 8, 4, 5, 9, 6, 3, 14, 13, 2, 12], [10, 15, 1, 7, 11, 8, 4, 5, 9, 6, 3, 2, 13, 14, 12], [10, 15, 1, 7, 11, 8, 4, 5, 9, 6, 3, 12, 13, 14, 2], [10, 2, 1, 7, 11, 8, 4, 5, 9, 6, 3, 12, 13, 14, 15], [10, 2, 1, 7, 11, 5, 4, 8, 9, 6, 3, 12, 13, 14, 15], [10, 2, 1, 7, 5, 11, 4, 8, 9, 6, 3, 12, 13, 14, 15], [10, 2, 1, 7, 5, 3, 4, 8, 9, 6, 11, 12, 13, 14, 15], [10, 2, 3, 7, 5, 1, 4, 8, 9, 6, 11, 12, 13, 14, 15], [10, 2, 3, 4, 5, 1, 7, 8, 9, 6, 11, 12, 13, 14, 15], [10, 2, 3, 4, 5, 6, 7, 8, 9, 1, 11, 12, 13, 14, 15], [1, 2, 3, 4, 5, 6, 7, 8, 9, 10, 11, 12, 13, 14, 15]], pos=[[3, 14, 11, 7, 9, 10, 4, 6, 13, 1, 5, 15, 8, 12, 2], [3, 14, 11, 7, 9, 10, 4, 6, 8, 1, 5, 15, 13, 12, 2], [3, 14, 11, 7, 8, 10, 4, 6, 9, 1, 5, 15, 13, 12, 2], [3, 12, 11, 7, 8, 10, 4, 6, 9, 1, 5, 15, 13, 14, 2], [3, 15, 11, 7, 8, 10, 4, 6, 9, 1, 5, 12, 13, 14, 2], [3, 2, 11, 7, 8, 10, 4, 6, 9, 1, 5, 12, 13, 14, 15], [3, 2, 11, 7, 6, 10, 4, 8, 9, 1, 5, 12, 13, 14, 15], [3, 2, 11, 7, 5, 10, 4, 8, 9, 1, 6, 12, 13, 14, 15], [3, 2, 6, 7, 5, 10, 4, 8, 9, 1, 11, 12, 13, 14, 15], [6, 2, 3, 7, 5, 10, 4, 8, 9, 1, 11, 12, 13, 14, 15], [6, 2, 3, 4, 5, 10, 7, 8, 9, 1, 11, 12, 13, 14, 15], [10, 2, 3, 4, 5, 6, 7, 8, 9, 1, 11, 12, 13, 14, 15], [1, 2, 3, 4, 5, 6, 7, 8, 9, 10, 11, 12, 13, 14, 15]], idx1=[8, 8, 12, 12, 2, 6, 5, 6, 3, 4, 6, 1], idx2=[13, 9, 14, 15, 15, 8, 6, 11, 6, 7, 10, 10], _checker='')