============================================================
BENCHMARK ID: 24 | DIMENSIONE: 15 | STRATEGIA: linear
============================================================

Input Vector: [12, 2, 5, 1, 10, 11, 6, 4, 15, 14, 7, 3, 9, 8, 13]

STATO: RISOLTO
K: 11
TEMPO: 0.3600s
----------------------------------------
PIANO:
Solution(v=[[12, 2, 5, 1, 10, 11, 6, 4, 15, 14, 7, 3, 9, 8, 13], [12, 2, 5, 1, 14, 11, 6, 4, 15, 10, 7, 3, 9, 8, 13], [12, 2, 14, 1, 5, 11, 6, 4, 15, 10, 7, 3, 9, 8, 13], [12, 2, 3, 1, 5, 11, 6, 4, 15, 10, 7, 14, 9, 8, 13], [12, 2, 3, 1, 5, 11, 6, 8, 15, 10, 7, 14, 9, 4, 13], [12, 2, 3, 4, 5, 11, 6, 8, 15, 10, 7, 14, 9, 1, 13], [12, 2, 3, 4, 5, 6, 11, 8, 15, 10, 7, 14, 9, 1, 13], [12, 2, 3, 4, 5, 6, 7, 8, 15, 10, 11, 14, 9, 1, 13], [12, 2, 3, 4, 5, 6, 7, 8, 13, 10, 11, 14, 9, 1, 15], [12, 2, 3, 4, 5, 6, 7, 8, 9, 10, 11, 14, 13, 1, 15], [12, 2, 3, 4, 5, 6, 7, 8, 9, 10, 11, 1, 13, 14, 15], [1, 2, 3, 4, 5, 6, 7, 8, 9, 10, 11, 12, 13, 14, 15]], pos=[[4, 2, 12, 8, 3, 7, 11, 14, 13, 5, 6, 1, 15, 10, 9], [4, 2, 12, 8, 3, 7, 11, 14, 13, 10, 6, 1, 15, 5, 9], [4, 2, 12, 8, 5, 7, 11, 14, 13, 10, 6, 1, 15, 3, 9], [4, 2, 3, 8, 5, 7, 11, 14, 13, 10, 6, 1, 15, 12, 9], [4, 2, 3, 14, 5, 7, 11, 8, 13, 10, 6, 1, 15, 12, 9], [14, 2, 3, 4, 5, 7, 11, 8, 13, 10, 6, 1, 15, 12, 9], [14, 2, 3, 4, 5, 6, 11, 8, 13, 10, 7, 1, 15, 12, 9], [14, 2, 3, 4, 5, 6, 7, 8, 13, 10, 11, 1, 15, 12, 9], [14, 2, 3, 4, 5, 6, 7, 8, 13, 10, 11, 1, 9, 12, 15], [14, 2, 3, 4, 5, 6, 7, 8, 9, 10, 11, 1, 13, 12, 15], [12, 2, 3, 4, 5, 6, 7, 8, 9, 10, 11, 1, 13, 14, 15], [1, 2, 3, 4, 5, 6, 7, 8, 9, 10, 11, 12, 13, 14, 15]], idx1=[5, 3, 3, 8, 4, 6, 7, 9, 9, 12, 1], idx2=[10, 5, 12, 14, 14, 7, 11, 15, 13, 14, 12], _checker='')