============================================================
BENCHMARK ID: 41 | DIMENSIONE: 25 | STRATEGIA: linear
============================================================

Input Vector: [4, 5, 14, 20, 18, 12, 9, 6, 3, 10, 21, 23, 15, 16, 1, 8, 11, 17, 2, 24, 7, 22, 19, 13, 25]

STATO: RISOLTO
K: 20
TEMPO: 8.5320s
----------------------------------------
PIANO:
Solution(v=[[4, 5, 14, 20, 18, 12, 9, 6, 3, 10, 21, 23, 15, 16, 1, 8, 11, 17, 2, 24, 7, 22, 19, 13, 25], [4, 5, 14, 20, 18, 12, 9, 8, 3, 10, 21, 23, 15, 16, 1, 6, 11, 17, 2, 24, 7, 22, 19, 13, 25], [4, 5, 14, 20, 18, 12, 9, 8, 3, 10, 21, 23, 15, 16, 1, 6, 17, 11, 2, 24, 7, 22, 19, 13, 25], [4, 5, 14, 20, 11, 12, 9, 8, 3, 10, 21, 23, 15, 16, 1, 6, 17, 18, 2, 24, 7, 22, 19, 13, 25], [4, 5, 14, 20, 11, 6, 9, 8, 3, 10, 21, 23, 15, 16, 1, 12, 17, 18, 2, 24, 7, 22, 19, 13, 25], [4, 5, 14, 20, 11, 6, 9, 8, 3, 10, 21, 19, 15, 16, 1, 12, 17, 18, 2, 24, 7, 22, 23, 13, 25], [4, 5, 14, 20, 11, 6, 9, 8, 3, 10, 21, 19, 1, 16, 15, 12, 17, 18, 2, 24, 7, 22, 23, 13, 25], [4, 5, 14, 20, 11, 6, 9, 8, 3, 10, 21, 19, 1, 12, 15, 16, 17, 18, 2, 24, 7, 22, 23, 13, 25], [4, 5, 14, 20, 11, 6, 9, 8, 3, 10, 21, 12, 1, 19, 15, 16, 17, 18, 2, 24, 7, 22, 23, 13, 25], [4, 5, 19, 20, 11, 6, 9, 8, 3, 10, 21, 12, 1, 14, 15, 16, 17, 18, 2, 24, 7, 22, 23, 13, 25], [4, 5, 19, 24, 11, 6, 9, 8, 3, 10, 21, 12, 1, 14, 15, 16, 17, 18, 2, 20, 7, 22, 23, 13, 25], [24, 5, 19, 4, 11, 6, 9, 8, 3, 10, 21, 12, 1, 14, 15, 16, 17, 18, 2, 20, 7, 22, 23, 13, 25], [24, 2, 19, 4, 11, 6, 9, 8, 3, 10, 21, 12, 1, 14, 15, 16, 17, 18, 5, 20, 7, 22, 23, 13, 25], [24, 2, 19, 4, 5, 6, 9, 8, 3, 10, 21, 12, 1, 14, 15, 16, 17, 18, 11, 20, 7, 22, 23, 13, 25], [24, 2, 19, 4, 5, 6, 7, 8, 3, 10, 21, 12, 1, 14, 15, 16, 17, 18, 11, 20, 9, 22, 23, 13, 25], [24, 2, 19, 4, 5, 6, 7, 8, 3, 10, 21, 12, 13, 14, 15, 16, 17, 18, 11, 20, 9, 22, 23, 1, 25], [1, 2, 19, 4, 5, 6, 7, 8, 3, 10, 21, 12, 13, 14, 15, 16, 17, 18, 11, 20, 9, 22, 23, 24, 25], [1, 2, 3, 4, 5, 6, 7, 8, 19, 10, 21, 12, 13, 14, 15, 16, 17, 18, 11, 20, 9, 22, 23, 24, 25], [1, 2, 3, 4, 5, 6, 7, 8, 9, 10, 21, 12, 13, 14, 15, 16, 17, 18, 11, 20, 19, 22, 23, 24, 25], [1, 2, 3, 4, 5, 6, 7, 8, 9, 10, 11, 12, 13, 14, 15, 16, 17, 18, 21, 20, 19, 22, 23, 24, 25], [1, 2, 3, 4, 5, 6, 7, 8, 9, 10, 11, 12, 13, 14, 15, 16, 17, 18, 19, 20, 21, 22, 23, 24, 25]], pos=[[15, 19, 9, 1, 2, 8, 21, 16, 7, 10, 17, 6, 24, 3, 13, 14, 18, 5, 23, 4, 11, 22, 12, 20, 25], [15, 19, 9, 1, 2, 16, 21, 8, 7, 10, 17, 6, 24, 3, 13, 14, 18, 5, 23, 4, 11, 22, 12, 20, 25], [15, 19, 9, 1, 2, 16, 21, 8, 7, 10, 18, 6, 24, 3, 13, 14, 17, 5, 23, 4, 11, 22, 12, 20, 25], [15, 19, 9, 1, 2, 16, 21, 8, 7, 10, 5, 6, 24, 3, 13, 14, 17, 18, 23, 4, 11, 22, 12, 20, 25], [15, 19, 9, 1, 2, 6, 21, 8, 7, 10, 5, 16, 24, 3, 13, 14, 17, 18, 23, 4, 11, 22, 12, 20, 25], [15, 19, 9, 1, 2, 6, 21, 8, 7, 10, 5, 16, 24, 3, 13, 14, 17, 18, 12, 4, 11, 22, 23, 20, 25], [13, 19, 9, 1, 2, 6, 21, 8, 7, 10, 5, 16, 24, 3, 15, 14, 17, 18, 12, 4, 11, 22, 23, 20, 25], [13, 19, 9, 1, 2, 6, 21, 8, 7, 10, 5, 14, 24, 3, 15, 16, 17, 18, 12, 4, 11, 22, 23, 20, 25], [13, 19, 9, 1, 2, 6, 21, 8, 7, 10, 5, 12, 24, 3, 15, 16, 17, 18, 14, 4, 11, 22, 23, 20, 25], [13, 19, 9, 1, 2, 6, 21, 8, 7, 10, 5, 12, 24, 14, 15, 16, 17, 18, 3, 4, 11, 22, 23, 20, 25], [13, 19, 9, 1, 2, 6, 21, 8, 7, 10, 5, 12, 24, 14, 15, 16, 17, 18, 3, 20, 11, 22, 23, 4, 25], [13, 19, 9, 4, 2, 6, 21, 8, 7, 10, 5, 12, 24, 14, 15, 16, 17, 18, 3, 20, 11, 22, 23, 1, 25], [13, 2, 9, 4, 19, 6, 21, 8, 7, 10, 5, 12, 24, 14, 15, 16, 17, 18, 3, 20, 11, 22, 23, 1, 25], [13, 2, 9, 4, 5, 6, 21, 8, 7, 10, 19, 12, 24, 14, 15, 16, 17, 18, 3, 20, 11, 22, 23, 1, 25], [13, 2, 9, 4, 5, 6, 7, 8, 21, 10, 19, 12, 24, 14, 15, 16, 17, 18, 3, 20, 11, 22, 23, 1, 25], [24, 2, 9, 4, 5, 6, 7, 8, 21, 10, 19, 12, 13, 14, 15, 16, 17, 18, 3, 20, 11, 22, 23, 1, 25], [1, 2, 9, 4, 5, 6, 7, 8, 21, 10, 19, 12, 13, 14, 15, 16, 17, 18, 3, 20, 11, 22, 23, 24, 25], [1, 2, 3, 4, 5, 6, 7, 8, 21, 10, 19, 12, 13, 14, 15, 16, 17, 18, 9, 20, 11, 22, 23, 24, 25], [1, 2, 3, 4, 5, 6, 7, 8, 9, 10, 19, 12, 13, 14, 15, 16, 17, 18, 21, 20, 11, 22, 23, 24, 25], [1, 2, 3, 4, 5, 6, 7, 8, 9, 10, 11, 12, 13, 14, 15, 16, 17, 18, 21, 20, 19, 22, 23, 24, 25], [1, 2, 3, 4, 5, 6, 7, 8, 9, 10, 11, 12, 13, 14, 15, 16, 17, 18, 19, 20, 21, 22, 23, 24, 25]], idx1=[8, 17, 5, 6, 12, 13, 14, 12, 3, 4, 1, 2, 5, 7, 13, 1, 3, 9, 11, 19], idx2=[16, 18, 18, 16, 23, 15, 16, 14, 14, 20, 4, 19, 19, 21, 24, 24, 9, 21, 19, 21], _checker='')