============================================================
BENCHMARK ID: 59 | DIMENSIONE: 30 | STRATEGIA: linear
============================================================

Input Vector: [2, 11, 3, 19, 24, 12, 9, 30, 29, 4, 5, 13, 25, 23, 14, 17, 28, 16, 21, 26, 27, 7, 6, 10, 18, 1, 15, 22, 8, 20]

STATO: RISOLTO
K: 28
TEMPO: 32.7990s
----------------------------------------
PIANO:
Solution(v=[[2, 11, 3, 19, 24, 12, 9, 30, 29, 4, 5, 13, 25, 23, 14, 17, 28, 16, 21, 26, 27, 7, 6, 10, 18, 1, 15, 22, 8, 20], [2, 11, 3, 19, 24, 12, 29, 30, 9, 4, 5, 13, 25, 23, 14, 17, 28, 16, 21, 26, 27, 7, 6, 10, 18, 1, 15, 22, 8, 20], [2, 11, 3, 19, 24, 12, 29, 8, 9, 4, 5, 13, 25, 23, 14, 17, 28, 16, 21, 26, 27, 7, 6, 10, 18, 1, 15, 22, 30, 20], [2, 11, 3, 19, 24, 12, 29, 8, 9, 4, 5, 13, 25, 14, 23, 17, 28, 16, 21, 26, 27, 7, 6, 10, 18, 1, 15, 22, 30, 20], [2, 11, 3, 19, 24, 12, 29, 8, 9, 4, 5, 13, 25, 14, 23, 28, 17, 16, 21, 26, 27, 7, 6, 10, 18, 1, 15, 22, 30, 20], [2, 11, 3, 19, 24, 12, 29, 8, 9, 4, 5, 13, 25, 14, 23, 28, 17, 18, 21, 26, 27, 7, 6, 10, 16, 1, 15, 22, 30, 20], [2, 11, 3, 19, 24, 12, 29, 8, 9, 4, 5, 13, 16, 14, 23, 28, 17, 18, 21, 26, 27, 7, 6, 10, 25, 1, 15, 22, 30, 20], [2, 11, 3, 19, 24, 12, 29, 8, 9, 4, 5, 13, 16, 14, 23, 28, 17, 18, 27, 26, 21, 7, 6, 10, 25, 1, 15, 22, 30, 20], [2, 11, 3, 19, 24, 12, 29, 8, 9, 4, 5, 13, 16, 14, 23, 28, 17, 18, 27, 1, 21, 7, 6, 10, 25, 26, 15, 22, 30, 20], [1, 11, 3, 19, 24, 12, 29, 8, 9, 4, 5, 13, 16, 14, 23, 28, 17, 18, 27, 2, 21, 7, 6, 10, 25, 26, 15, 22, 30, 20], [1, 11, 3, 19, 24, 13, 29, 8, 9, 4, 5, 12, 16, 14, 23, 28, 17, 18, 27, 2, 21, 7, 6, 10, 25, 26, 15, 22, 30, 20], [1, 11, 3, 19, 24, 16, 29, 8, 9, 4, 5, 12, 13, 14, 23, 28, 17, 18, 27, 2, 21, 7, 6, 10, 25, 26, 15, 22, 30, 20], [1, 11, 3, 19, 24, 16, 29, 8, 9, 4, 5, 12, 13, 14, 23, 28, 17, 18, 15, 2, 21, 7, 6, 10, 25, 26, 27, 22, 30, 20], [1, 11, 3, 15, 24, 16, 29, 8, 9, 4, 5, 12, 13, 14, 23, 28, 17, 18, 19, 2, 21, 7, 6, 10, 25, 26, 27, 22, 30, 20], [1, 11, 3, 15, 10, 16, 29, 8, 9, 4, 5, 12, 13, 14, 23, 28, 17, 18, 19, 2, 21, 7, 6, 24, 25, 26, 27, 22, 30, 20], [1, 11, 3, 15, 10, 16, 7, 8, 9, 4, 5, 12, 13, 14, 23, 28, 17, 18, 19, 2, 21, 29, 6, 24, 25, 26, 27, 22, 30, 20], [1, 11, 3, 15, 10, 16, 7, 8, 9, 4, 5, 12, 13, 14, 23, 28, 17, 18, 19, 2, 21, 22, 6, 24, 25, 26, 27, 29, 30, 20], [1, 11, 3, 15, 10, 16, 7, 8, 9, 4, 5, 12, 13, 14, 23, 28, 17, 18, 19, 2, 21, 22, 6, 24, 25, 26, 27, 30, 29, 20], [1, 11, 3, 15, 10, 16, 7, 8, 9, 4, 5, 12, 13, 14, 23, 28, 17, 18, 19, 2, 21, 22, 6, 24, 25, 26, 27, 20, 29, 30], [1, 11, 3, 15, 10, 16, 7, 8, 9, 4, 5, 12, 13, 14, 23, 28, 17, 18, 19, 20, 21, 22, 6, 24, 25, 26, 27, 2, 29, 30], [1, 2, 3, 15, 10, 16, 7, 8, 9, 4, 5, 12, 13, 14, 23, 28, 17, 18, 19, 20, 21, 22, 6, 24, 25, 26, 27, 11, 29, 30], [1, 2, 3, 15, 10, 6, 7, 8, 9, 4, 5, 12, 13, 14, 23, 28, 17, 18, 19, 20, 21, 22, 16, 24, 25, 26, 27, 11, 29, 30], [1, 2, 3, 15, 10, 6, 7, 8, 9, 4, 5, 12, 13, 14, 16, 28, 17, 18, 19, 20, 21, 22, 23, 24, 25, 26, 27, 11, 29, 30], [1, 2, 3, 15, 10, 6, 7, 8, 9, 4, 5, 12, 13, 14, 16, 11, 17, 18, 19, 20, 21, 22, 23, 24, 25, 26, 27, 28, 29, 30], [1, 2, 3, 15, 10, 6, 7, 8, 9, 4, 5, 12, 13, 14, 11, 16, 17, 18, 19, 20, 21, 22, 23, 24, 25, 26, 27, 28, 29, 30], [1, 2, 3, 15, 10, 6, 7, 8, 9, 4, 11, 12, 13, 14, 5, 16, 17, 18, 19, 20, 21, 22, 23, 24, 25, 26, 27, 28, 29, 30], [1, 2, 3, 5, 10, 6, 7, 8, 9, 4, 11, 12, 13, 14, 15, 16, 17, 18, 19, 20, 21, 22, 23, 24, 25, 26, 27, 28, 29, 30], [1, 2, 3, 4, 10, 6, 7, 8, 9, 5, 11, 12, 13, 14, 15, 16, 17, 18, 19, 20, 21, 22, 23, 24, 25, 26, 27, 28, 29, 30], [1, 2, 3, 4, 5, 6, 7, 8, 9, 10, 11, 12, 13, 14, 15, 16, 17, 18, 19, 20, 21, 22, 23, 24, 25, 26, 27, 28, 29, 30]], pos=[[26, 1, 3, 10, 11, 23, 22, 29, 7, 24, 2, 6, 12, 15, 27, 18, 16, 25, 4, 30, 19, 28, 14, 5, 13, 20, 21, 17, 9, 8], [26, 1, 3, 10, 11, 23, 22, 29, 9, 24, 2, 6, 12, 15, 27, 18, 16, 25, 4, 30, 19, 28, 14, 5, 13, 20, 21, 17, 7, 8], [26, 1, 3, 10, 11, 23, 22, 8, 9, 24, 2, 6, 12, 15, 27, 18, 16, 25, 4, 30, 19, 28, 14, 5, 13, 20, 21, 17, 7, 29], [26, 1, 3, 10, 11, 23, 22, 8, 9, 24, 2, 6, 12, 14, 27, 18, 16, 25, 4, 30, 19, 28, 15, 5, 13, 20, 21, 17, 7, 29], [26, 1, 3, 10, 11, 23, 22, 8, 9, 24, 2, 6, 12, 14, 27, 18, 17, 25, 4, 30, 19, 28, 15, 5, 13, 20, 21, 16, 7, 29], [26, 1, 3, 10, 11, 23, 22, 8, 9, 24, 2, 6, 12, 14, 27, 25, 17, 18, 4, 30, 19, 28, 15, 5, 13, 20, 21, 16, 7, 29], [26, 1, 3, 10, 11, 23, 22, 8, 9, 24, 2, 6, 12, 14, 27, 13, 17, 18, 4, 30, 19, 28, 15, 5, 25, 20, 21, 16, 7, 29], [26, 1, 3, 10, 11, 23, 22, 8, 9, 24, 2, 6, 12, 14, 27, 13, 17, 18, 4, 30, 21, 28, 15, 5, 25, 20, 19, 16, 7, 29], [20, 1, 3, 10, 11, 23, 22, 8, 9, 24, 2, 6, 12, 14, 27, 13, 17, 18, 4, 30, 21, 28, 15, 5, 25, 26, 19, 16, 7, 29], [1, 20, 3, 10, 11, 23, 22, 8, 9, 24, 2, 6, 12, 14, 27, 13, 17, 18, 4, 30, 21, 28, 15, 5, 25, 26, 19, 16, 7, 29], [1, 20, 3, 10, 11, 23, 22, 8, 9, 24, 2, 12, 6, 14, 27, 13, 17, 18, 4, 30, 21, 28, 15, 5, 25, 26, 19, 16, 7, 29], [1, 20, 3, 10, 11, 23, 22, 8, 9, 24, 2, 12, 13, 14, 27, 6, 17, 18, 4, 30, 21, 28, 15, 5, 25, 26, 19, 16, 7, 29], [1, 20, 3, 10, 11, 23, 22, 8, 9, 24, 2, 12, 13, 14, 19, 6, 17, 18, 4, 30, 21, 28, 15, 5, 25, 26, 27, 16, 7, 29], [1, 20, 3, 10, 11, 23, 22, 8, 9, 24, 2, 12, 13, 14, 4, 6, 17, 18, 19, 30, 21, 28, 15, 5, 25, 26, 27, 16, 7, 29], [1, 20, 3, 10, 11, 23, 22, 8, 9, 5, 2, 12, 13, 14, 4, 6, 17, 18, 19, 30, 21, 28, 15, 24, 25, 26, 27, 16, 7, 29], [1, 20, 3, 10, 11, 23, 7, 8, 9, 5, 2, 12, 13, 14, 4, 6, 17, 18, 19, 30, 21, 28, 15, 24, 25, 26, 27, 16, 22, 29], [1, 20, 3, 10, 11, 23, 7, 8, 9, 5, 2, 12, 13, 14, 4, 6, 17, 18, 19, 30, 21, 22, 15, 24, 25, 26, 27, 16, 28, 29], [1, 20, 3, 10, 11, 23, 7, 8, 9, 5, 2, 12, 13, 14, 4, 6, 17, 18, 19, 30, 21, 22, 15, 24, 25, 26, 27, 16, 29, 28], [1, 20, 3, 10, 11, 23, 7, 8, 9, 5, 2, 12, 13, 14, 4, 6, 17, 18, 19, 28, 21, 22, 15, 24, 25, 26, 27, 16, 29, 30], [1, 28, 3, 10, 11, 23, 7, 8, 9, 5, 2, 12, 13, 14, 4, 6, 17, 18, 19, 20, 21, 22, 15, 24, 25, 26, 27, 16, 29, 30], [1, 2, 3, 10, 11, 23, 7, 8, 9, 5, 28, 12, 13, 14, 4, 6, 17, 18, 19, 20, 21, 22, 15, 24, 25, 26, 27, 16, 29, 30], [1, 2, 3, 10, 11, 6, 7, 8, 9, 5, 28, 12, 13, 14, 4, 23, 17, 18, 19, 20, 21, 22, 15, 24, 25, 26, 27, 16, 29, 30], [1, 2, 3, 10, 11, 6, 7, 8, 9, 5, 28, 12, 13, 14, 4, 15, 17, 18, 19, 20, 21, 22, 23, 24, 25, 26, 27, 16, 29, 30], [1, 2, 3, 10, 11, 6, 7, 8, 9, 5, 16, 12, 13, 14, 4, 15, 17, 18, 19, 20, 21, 22, 23, 24, 25, 26, 27, 28, 29, 30], [1, 2, 3, 10, 11, 6, 7, 8, 9, 5, 15, 12, 13, 14, 4, 16, 17, 18, 19, 20, 21, 22, 23, 24, 25, 26, 27, 28, 29, 30], [1, 2, 3, 10, 15, 6, 7, 8, 9, 5, 11, 12, 13, 14, 4, 16, 17, 18, 19, 20, 21, 22, 23, 24, 25, 26, 27, 28, 29, 30], [1, 2, 3, 10, 4, 6, 7, 8, 9, 5, 11, 12, 13, 14, 15, 16, 17, 18, 19, 20, 21, 22, 23, 24, 25, 26, 27, 28, 29, 30], [1, 2, 3, 4, 10, 6, 7, 8, 9, 5, 11, 12, 13, 14, 15, 16, 17, 18, 19, 20, 21, 22, 23, 24, 25, 26, 27, 28, 29, 30], [1, 2, 3, 4, 5, 6, 7, 8, 9, 10, 11, 12, 13, 14, 15, 16, 17, 18, 19, 20, 21, 22, 23, 24, 25, 26, 27, 28, 29, 30]], idx1=[7, 8, 14, 16, 18, 13, 19, 20, 1, 6, 6, 19, 4, 5, 7, 22, 28, 28, 20, 2, 6, 15, 16, 15, 11, 4, 4, 5], idx2=[9, 29, 15, 17, 25, 25, 21, 26, 20, 12, 13, 27, 19, 24, 22, 28, 29, 30, 28, 28, 23, 23, 28, 16, 15, 15, 10, 10], _checker='')