============================================================
BENCHMARK ID: 45 | DIMENSIONE: 25 | STRATEGIA: linear
============================================================

Input Vector: [7, 16, 12, 13, 4, 5, 23, 21, 15, 14, 11, 18, 17, 25, 9, 2, 3, 22, 24, 10, 6, 19, 8, 1, 20]

STATO: RISOLTO
K: 20
TEMPO: 17.3250s
----------------------------------------
PIANO:
Solution(v=[[7, 16, 12, 13, 4, 5, 23, 21, 15, 14, 11, 18, 17, 25, 9, 2, 3, 22, 24, 10, 6, 19, 8, 1, 20], [7, 2, 12, 13, 4, 5, 23, 21, 15, 14, 11, 18, 17, 25, 9, 16, 3, 22, 24, 10, 6, 19, 8, 1, 20], [7, 2, 12, 17, 4, 5, 23, 21, 15, 14, 11, 18, 13, 25, 9, 16, 3, 22, 24, 10, 6, 19, 8, 1, 20], [7, 2, 12, 4, 17, 5, 23, 21, 15, 14, 11, 18, 13, 25, 9, 16, 3, 22, 24, 10, 6, 19, 8, 1, 20], [7, 2, 12, 4, 17, 5, 23, 21, 15, 10, 11, 18, 13, 25, 9, 16, 3, 22, 24, 14, 6, 19, 8, 1, 20], [7, 2, 12, 4, 17, 5, 23, 21, 15, 10, 11, 18, 13, 14, 9, 16, 3, 22, 24, 25, 6, 19, 8, 1, 20], [7, 2, 12, 4, 17, 5, 23, 21, 15, 10, 11, 18, 13, 14, 9, 16, 3, 22, 1, 25, 6, 19, 8, 24, 20], [7, 2, 12, 4, 17, 5, 23, 21, 15, 10, 11, 18, 13, 14, 9, 16, 3, 22, 19, 25, 6, 1, 8, 24, 20], [1, 2, 12, 4, 17, 5, 23, 21, 15, 10, 11, 18, 13, 14, 9, 16, 3, 22, 19, 25, 6, 7, 8, 24, 20], [1, 2, 12, 4, 17, 5, 23, 21, 15, 10, 11, 18, 13, 14, 9, 16, 3, 7, 19, 25, 6, 22, 8, 24, 20], [1, 2, 12, 4, 17, 5, 23, 21, 15, 10, 11, 7, 13, 14, 9, 16, 3, 18, 19, 25, 6, 22, 8, 24, 20], [1, 2, 7, 4, 17, 5, 23, 21, 15, 10, 11, 12, 13, 14, 9, 16, 3, 18, 19, 25, 6, 22, 8, 24, 20], [1, 2, 7, 4, 5, 17, 23, 21, 15, 10, 11, 12, 13, 14, 9, 16, 3, 18, 19, 25, 6, 22, 8, 24, 20], [1, 2, 7, 4, 5, 3, 23, 21, 15, 10, 11, 12, 13, 14, 9, 16, 17, 18, 19, 25, 6, 22, 8, 24, 20], [1, 2, 3, 4, 5, 7, 23, 21, 15, 10, 11, 12, 13, 14, 9, 16, 17, 18, 19, 25, 6, 22, 8, 24, 20], [1, 2, 3, 4, 5, 23, 7, 21, 15, 10, 11, 12, 13, 14, 9, 16, 17, 18, 19, 25, 6, 22, 8, 24, 20], [1, 2, 3, 4, 5, 23, 7, 6, 15, 10, 11, 12, 13, 14, 9, 16, 17, 18, 19, 25, 21, 22, 8, 24, 20], [1, 2, 3, 4, 5, 6, 7, 23, 15, 10, 11, 12, 13, 14, 9, 16, 17, 18, 19, 25, 21, 22, 8, 24, 20], [1, 2, 3, 4, 5, 6, 7, 8, 15, 10, 11, 12, 13, 14, 9, 16, 17, 18, 19, 25, 21, 22, 23, 24, 20], [1, 2, 3, 4, 5, 6, 7, 8, 9, 10, 11, 12, 13, 14, 15, 16, 17, 18, 19, 25, 21, 22, 23, 24, 20], [1, 2, 3, 4, 5, 6, 7, 8, 9, 10, 11, 12, 13, 14, 15, 16, 17, 18, 19, 20, 21, 22, 23, 24, 25]], pos=[[24, 16, 17, 5, 6, 21, 1, 23, 15, 20, 11, 3, 4, 10, 9, 2, 13, 12, 22, 25, 8, 18, 7, 19, 14], [24, 2, 17, 5, 6, 21, 1, 23, 15, 20, 11, 3, 4, 10, 9, 16, 13, 12, 22, 25, 8, 18, 7, 19, 14], [24, 2, 17, 5, 6, 21, 1, 23, 15, 20, 11, 3, 13, 10, 9, 16, 4, 12, 22, 25, 8, 18, 7, 19, 14], [24, 2, 17, 4, 6, 21, 1, 23, 15, 20, 11, 3, 13, 10, 9, 16, 5, 12, 22, 25, 8, 18, 7, 19, 14], [24, 2, 17, 4, 6, 21, 1, 23, 15, 10, 11, 3, 13, 20, 9, 16, 5, 12, 22, 25, 8, 18, 7, 19, 14], [24, 2, 17, 4, 6, 21, 1, 23, 15, 10, 11, 3, 13, 14, 9, 16, 5, 12, 22, 25, 8, 18, 7, 19, 20], [19, 2, 17, 4, 6, 21, 1, 23, 15, 10, 11, 3, 13, 14, 9, 16, 5, 12, 22, 25, 8, 18, 7, 24, 20], [22, 2, 17, 4, 6, 21, 1, 23, 15, 10, 11, 3, 13, 14, 9, 16, 5, 12, 19, 25, 8, 18, 7, 24, 20], [1, 2, 17, 4, 6, 21, 22, 23, 15, 10, 11, 3, 13, 14, 9, 16, 5, 12, 19, 25, 8, 18, 7, 24, 20], [1, 2, 17, 4, 6, 21, 18, 23, 15, 10, 11, 3, 13, 14, 9, 16, 5, 12, 19, 25, 8, 22, 7, 24, 20], [1, 2, 17, 4, 6, 21, 12, 23, 15, 10, 11, 3, 13, 14, 9, 16, 5, 18, 19, 25, 8, 22, 7, 24, 20], [1, 2, 17, 4, 6, 21, 3, 23, 15, 10, 11, 12, 13, 14, 9, 16, 5, 18, 19, 25, 8, 22, 7, 24, 20], [1, 2, 17, 4, 5, 21, 3, 23, 15, 10, 11, 12, 13, 14, 9, 16, 6, 18, 19, 25, 8, 22, 7, 24, 20], [1, 2, 6, 4, 5, 21, 3, 23, 15, 10, 11, 12, 13, 14, 9, 16, 17, 18, 19, 25, 8, 22, 7, 24, 20], [1, 2, 3, 4, 5, 21, 6, 23, 15, 10, 11, 12, 13, 14, 9, 16, 17, 18, 19, 25, 8, 22, 7, 24, 20], [1, 2, 3, 4, 5, 21, 7, 23, 15, 10, 11, 12, 13, 14, 9, 16, 17, 18, 19, 25, 8, 22, 6, 24, 20], [1, 2, 3, 4, 5, 8, 7, 23, 15, 10, 11, 12, 13, 14, 9, 16, 17, 18, 19, 25, 21, 22, 6, 24, 20], [1, 2, 3, 4, 5, 6, 7, 23, 15, 10, 11, 12, 13, 14, 9, 16, 17, 18, 19, 25, 21, 22, 8, 24, 20], [1, 2, 3, 4, 5, 6, 7, 8, 15, 10, 11, 12, 13, 14, 9, 16, 17, 18, 19, 25, 21, 22, 23, 24, 20], [1, 2, 3, 4, 5, 6, 7, 8, 9, 10, 11, 12, 13, 14, 15, 16, 17, 18, 19, 25, 21, 22, 23, 24, 20], [1, 2, 3, 4, 5, 6, 7, 8, 9, 10, 11, 12, 13, 14, 15, 16, 17, 18, 19, 20, 21, 22, 23, 24, 25]], idx1=[2, 4, 4, 10, 14, 19, 19, 1, 18, 12, 3, 5, 6, 3, 6, 8, 6, 8, 9, 20], idx2=[16, 13, 5, 20, 20, 24, 22, 22, 22, 18, 12, 6, 17, 6, 7, 21, 8, 23, 15, 25], _checker='')