============================================================
BENCHMARK ID: 31 | DIMENSIONE: 20 | STRATEGIA: linear
============================================================

Input Vector: [8, 7, 20, 2, 3, 18, 1, 11, 15, 17, 9, 6, 19, 5, 13, 4, 14, 12, 10, 16]

STATO: RISOLTO
K: 18
TEMPO: 3.5160s
----------------------------------------
PIANO:
Solution(v=[[8, 7, 20, 2, 3, 18, 1, 11, 15, 17, 9, 6, 19, 5, 13, 4, 14, 12, 10, 16], [8, 7, 20, 2, 3, 12, 1, 11, 15, 17, 9, 6, 19, 5, 13, 4, 14, 18, 10, 16], [8, 7, 20, 2, 3, 6, 1, 11, 15, 17, 9, 12, 19, 5, 13, 4, 14, 18, 10, 16], [8, 7, 20, 2, 3, 6, 1, 9, 15, 17, 11, 12, 19, 5, 13, 4, 14, 18, 10, 16], [9, 7, 20, 2, 3, 6, 1, 8, 15, 17, 11, 12, 19, 5, 13, 4, 14, 18, 10, 16], [1, 7, 20, 2, 3, 6, 9, 8, 15, 17, 11, 12, 19, 5, 13, 4, 14, 18, 10, 16], [1, 7, 20, 2, 3, 6, 9, 8, 15, 14, 11, 12, 19, 5, 13, 4, 17, 18, 10, 16], [1, 7, 20, 2, 3, 6, 9, 8, 15, 10, 11, 12, 19, 5, 13, 4, 17, 18, 14, 16], [1, 7, 20, 2, 3, 6, 9, 8, 15, 10, 11, 12, 19, 5, 13, 16, 17, 18, 14, 4], [1, 7, 20, 4, 3, 6, 9, 8, 15, 10, 11, 12, 19, 5, 13, 16, 17, 18, 14, 2], [1, 7, 20, 4, 5, 6, 9, 8, 15, 10, 11, 12, 19, 3, 13, 16, 17, 18, 14, 2], [1, 7, 20, 4, 5, 6, 15, 8, 9, 10, 11, 12, 19, 3, 13, 16, 17, 18, 14, 2], [1, 7, 20, 4, 5, 6, 13, 8, 9, 10, 11, 12, 19, 3, 15, 16, 17, 18, 14, 2], [1, 13, 20, 4, 5, 6, 7, 8, 9, 10, 11, 12, 19, 3, 15, 16, 17, 18, 14, 2], [1, 2, 20, 4, 5, 6, 7, 8, 9, 10, 11, 12, 19, 3, 15, 16, 17, 18, 14, 13], [1, 2, 3, 4, 5, 6, 7, 8, 9, 10, 11, 12, 19, 20, 15, 16, 17, 18, 14, 13], [1, 2, 3, 4, 5, 6, 7, 8, 9, 10, 11, 12, 19, 13, 15, 16, 17, 18, 14, 20], [1, 2, 3, 4, 5, 6, 7, 8, 9, 10, 11, 12, 13, 19, 15, 16, 17, 18, 14, 20], [1, 2, 3, 4, 5, 6, 7, 8, 9, 10, 11, 12, 13, 14, 15, 16, 17, 18, 19, 20]], pos=[[7, 4, 5, 16, 14, 12, 2, 1, 11, 19, 8, 18, 15, 17, 9, 20, 10, 6, 13, 3], [7, 4, 5, 16, 14, 12, 2, 1, 11, 19, 8, 6, 15, 17, 9, 20, 10, 18, 13, 3], [7, 4, 5, 16, 14, 6, 2, 1, 11, 19, 8, 12, 15, 17, 9, 20, 10, 18, 13, 3], [7, 4, 5, 16, 14, 6, 2, 1, 8, 19, 11, 12, 15, 17, 9, 20, 10, 18, 13, 3], [7, 4, 5, 16, 14, 6, 2, 8, 1, 19, 11, 12, 15, 17, 9, 20, 10, 18, 13, 3], [1, 4, 5, 16, 14, 6, 2, 8, 7, 19, 11, 12, 15, 17, 9, 20, 10, 18, 13, 3], [1, 4, 5, 16, 14, 6, 2, 8, 7, 19, 11, 12, 15, 10, 9, 20, 17, 18, 13, 3], [1, 4, 5, 16, 14, 6, 2, 8, 7, 10, 11, 12, 15, 19, 9, 20, 17, 18, 13, 3], [1, 4, 5, 20, 14, 6, 2, 8, 7, 10, 11, 12, 15, 19, 9, 16, 17, 18, 13, 3], [1, 20, 5, 4, 14, 6, 2, 8, 7, 10, 11, 12, 15, 19, 9, 16, 17, 18, 13, 3], [1, 20, 14, 4, 5, 6, 2, 8, 7, 10, 11, 12, 15, 19, 9, 16, 17, 18, 13, 3], [1, 20, 14, 4, 5, 6, 2, 8, 9, 10, 11, 12, 15, 19, 7, 16, 17, 18, 13, 3], [1, 20, 14, 4, 5, 6, 2, 8, 9, 10, 11, 12, 7, 19, 15, 16, 17, 18, 13, 3], [1, 20, 14, 4, 5, 6, 7, 8, 9, 10, 11, 12, 2, 19, 15, 16, 17, 18, 13, 3], [1, 2, 14, 4, 5, 6, 7, 8, 9, 10, 11, 12, 20, 19, 15, 16, 17, 18, 13, 3], [1, 2, 3, 4, 5, 6, 7, 8, 9, 10, 11, 12, 20, 19, 15, 16, 17, 18, 13, 14], [1, 2, 3, 4, 5, 6, 7, 8, 9, 10, 11, 12, 14, 19, 15, 16, 17, 18, 13, 20], [1, 2, 3, 4, 5, 6, 7, 8, 9, 10, 11, 12, 13, 19, 15, 16, 17, 18, 14, 20], [1, 2, 3, 4, 5, 6, 7, 8, 9, 10, 11, 12, 13, 14, 15, 16, 17, 18, 19, 20]], idx1=[6, 6, 8, 1, 1, 10, 10, 16, 4, 5, 7, 7, 2, 2, 3, 14, 13, 14], idx2=[18, 12, 11, 8, 7, 17, 19, 20, 20, 14, 9, 15, 7, 20, 14, 20, 14, 19], _checker='')