============================================================
BENCHMARK ID: 22 | DIMENSIONE: 15 | STRATEGIA: linear
============================================================

Input Vector: [11, 8, 15, 10, 5, 14, 4, 7, 3, 1, 9, 13, 6, 12, 2]

STATO: RISOLTO
K: 12
TEMPO: 0.4440s
----------------------------------------
PIANO:
Solution(v=[[11, 8, 15, 10, 5, 14, 4, 7, 3, 1, 9, 13, 6, 12, 2], [11, 8, 15, 10, 5, 14, 4, 7, 3, 1, 9, 6, 13, 12, 2], [11, 8, 15, 10, 5, 14, 4, 7, 3, 1, 9, 12, 13, 6, 2], [11, 8, 15, 10, 5, 6, 4, 7, 3, 1, 9, 12, 13, 14, 2], [11, 8, 15, 10, 5, 6, 7, 4, 3, 1, 9, 12, 13, 14, 2], [11, 4, 15, 10, 5, 6, 7, 8, 3, 1, 9, 12, 13, 14, 2], [11, 4, 15, 1, 5, 6, 7, 8, 3, 10, 9, 12, 13, 14, 2], [11, 4, 15, 1, 5, 6, 7, 8, 9, 10, 3, 12, 13, 14, 2], [3, 4, 15, 1, 5, 6, 7, 8, 9, 10, 11, 12, 13, 14, 2], [1, 4, 15, 3, 5, 6, 7, 8, 9, 10, 11, 12, 13, 14, 2], [1, 4, 3, 15, 5, 6, 7, 8, 9, 10, 11, 12, 13, 14, 2], [1, 15, 3, 4, 5, 6, 7, 8, 9, 10, 11, 12, 13, 14, 2], [1, 2, 3, 4, 5, 6, 7, 8, 9, 10, 11, 12, 13, 14, 15]], pos=[[10, 15, 9, 7, 5, 13, 8, 2, 11, 4, 1, 14, 12, 6, 3], [10, 15, 9, 7, 5, 12, 8, 2, 11, 4, 1, 14, 13, 6, 3], [10, 15, 9, 7, 5, 14, 8, 2, 11, 4, 1, 12, 13, 6, 3], [10, 15, 9, 7, 5, 6, 8, 2, 11, 4, 1, 12, 13, 14, 3], [10, 15, 9, 8, 5, 6, 7, 2, 11, 4, 1, 12, 13, 14, 3], [10, 15, 9, 2, 5, 6, 7, 8, 11, 4, 1, 12, 13, 14, 3], [4, 15, 9, 2, 5, 6, 7, 8, 11, 10, 1, 12, 13, 14, 3], [4, 15, 11, 2, 5, 6, 7, 8, 9, 10, 1, 12, 13, 14, 3], [4, 15, 1, 2, 5, 6, 7, 8, 9, 10, 11, 12, 13, 14, 3], [1, 15, 4, 2, 5, 6, 7, 8, 9, 10, 11, 12, 13, 14, 3], [1, 15, 3, 2, 5, 6, 7, 8, 9, 10, 11, 12, 13, 14, 4], [1, 15, 3, 4, 5, 6, 7, 8, 9, 10, 11, 12, 13, 14, 2], [1, 2, 3, 4, 5, 6, 7, 8, 9, 10, 11, 12, 13, 14, 15]], idx1=[12, 12, 6, 7, 2, 4, 9, 1, 1, 3, 2, 2], idx2=[13, 14, 14, 8, 8, 10, 11, 11, 4, 4, 4, 15], _checker='')