============================================================
BENCHMARK ID: 47 | DIMENSIONE: 25 | STRATEGIA: linear
============================================================

Input Vector: [14, 7, 16, 10, 22, 17, 6, 25, 15, 8, 1, 20, 13, 19, 11, 9, 2, 12, 23, 21, 4, 18, 5, 24, 3]

STATO: RISOLTO
K: 21
TEMPO: 2.6600s
----------------------------------------
PIANO:
Solution(v=[[14, 7, 16, 10, 22, 17, 6, 25, 15, 8, 1, 20, 13, 19, 11, 9, 2, 12, 23, 21, 4, 18, 5, 24, 3], [14, 7, 16, 10, 22, 17, 6, 25, 15, 8, 1, 20, 13, 23, 11, 9, 2, 12, 19, 21, 4, 18, 5, 24, 3], [14, 7, 16, 10, 22, 17, 6, 25, 15, 8, 1, 20, 13, 23, 11, 9, 2, 12, 19, 4, 21, 18, 5, 24, 3], [14, 7, 16, 4, 22, 17, 6, 25, 15, 8, 1, 20, 13, 23, 11, 9, 2, 12, 19, 10, 21, 18, 5, 24, 3], [14, 7, 16, 4, 22, 17, 6, 8, 15, 25, 1, 20, 13, 23, 11, 9, 2, 12, 19, 10, 21, 18, 5, 24, 3], [14, 7, 16, 4, 22, 17, 6, 8, 15, 25, 11, 20, 13, 23, 1, 9, 2, 12, 19, 10, 21, 18, 5, 24, 3], [14, 7, 16, 4, 22, 17, 6, 8, 15, 25, 11, 12, 13, 23, 1, 9, 2, 20, 19, 10, 21, 18, 5, 24, 3], [14, 7, 16, 4, 22, 17, 6, 8, 15, 25, 11, 12, 13, 5, 1, 9, 2, 20, 19, 10, 21, 18, 23, 24, 3], [14, 7, 16, 4, 5, 17, 6, 8, 15, 25, 11, 12, 13, 22, 1, 9, 2, 20, 19, 10, 21, 18, 23, 24, 3], [14, 7, 16, 4, 5, 17, 6, 8, 15, 25, 11, 12, 13, 18, 1, 9, 2, 20, 19, 10, 21, 22, 23, 24, 3], [14, 7, 16, 4, 5, 17, 6, 8, 15, 25, 11, 12, 13, 18, 1, 9, 2, 10, 19, 20, 21, 22, 23, 24, 3], [14, 7, 16, 4, 5, 17, 6, 8, 15, 10, 11, 12, 13, 18, 1, 9, 2, 25, 19, 20, 21, 22, 23, 24, 3], [14, 7, 16, 4, 5, 17, 6, 8, 15, 10, 11, 12, 13, 25, 1, 9, 2, 18, 19, 20, 21, 22, 23, 24, 3], [25, 7, 16, 4, 5, 17, 6, 8, 15, 10, 11, 12, 13, 14, 1, 9, 2, 18, 19, 20, 21, 22, 23, 24, 3], [25, 2, 16, 4, 5, 17, 6, 8, 15, 10, 11, 12, 13, 14, 1, 9, 7, 18, 19, 20, 21, 22, 23, 24, 3], [25, 2, 9, 4, 5, 17, 6, 8, 15, 10, 11, 12, 13, 14, 1, 16, 7, 18, 19, 20, 21, 22, 23, 24, 3], [25, 2, 9, 4, 5, 17, 6, 8, 1, 10, 11, 12, 13, 14, 15, 16, 7, 18, 19, 20, 21, 22, 23, 24, 3], [1, 2, 9, 4, 5, 17, 6, 8, 25, 10, 11, 12, 13, 14, 15, 16, 7, 18, 19, 20, 21, 22, 23, 24, 3], [1, 2, 9, 4, 5, 17, 6, 8, 3, 10, 11, 12, 13, 14, 15, 16, 7, 18, 19, 20, 21, 22, 23, 24, 25], [1, 2, 3, 4, 5, 17, 6, 8, 9, 10, 11, 12, 13, 14, 15, 16, 7, 18, 19, 20, 21, 22, 23, 24, 25], [1, 2, 3, 4, 5, 17, 7, 8, 9, 10, 11, 12, 13, 14, 15, 16, 6, 18, 19, 20, 21, 22, 23, 24, 25], [1, 2, 3, 4, 5, 6, 7, 8, 9, 10, 11, 12, 13, 14, 15, 16, 17, 18, 19, 20, 21, 22, 23, 24, 25]], pos=[[11, 17, 25, 21, 23, 7, 2, 10, 16, 4, 15, 18, 13, 1, 9, 3, 6, 22, 14, 12, 20, 5, 19, 24, 8], [11, 17, 25, 21, 23, 7, 2, 10, 16, 4, 15, 18, 13, 1, 9, 3, 6, 22, 19, 12, 20, 5, 14, 24, 8], [11, 17, 25, 20, 23, 7, 2, 10, 16, 4, 15, 18, 13, 1, 9, 3, 6, 22, 19, 12, 21, 5, 14, 24, 8], [11, 17, 25, 4, 23, 7, 2, 10, 16, 20, 15, 18, 13, 1, 9, 3, 6, 22, 19, 12, 21, 5, 14, 24, 8], [11, 17, 25, 4, 23, 7, 2, 8, 16, 20, 15, 18, 13, 1, 9, 3, 6, 22, 19, 12, 21, 5, 14, 24, 10], [15, 17, 25, 4, 23, 7, 2, 8, 16, 20, 11, 18, 13, 1, 9, 3, 6, 22, 19, 12, 21, 5, 14, 24, 10], [15, 17, 25, 4, 23, 7, 2, 8, 16, 20, 11, 12, 13, 1, 9, 3, 6, 22, 19, 18, 21, 5, 14, 24, 10], [15, 17, 25, 4, 14, 7, 2, 8, 16, 20, 11, 12, 13, 1, 9, 3, 6, 22, 19, 18, 21, 5, 23, 24, 10], [15, 17, 25, 4, 5, 7, 2, 8, 16, 20, 11, 12, 13, 1, 9, 3, 6, 22, 19, 18, 21, 14, 23, 24, 10], [15, 17, 25, 4, 5, 7, 2, 8, 16, 20, 11, 12, 13, 1, 9, 3, 6, 14, 19, 18, 21, 22, 23, 24, 10], [15, 17, 25, 4, 5, 7, 2, 8, 16, 18, 11, 12, 13, 1, 9, 3, 6, 14, 19, 20, 21, 22, 23, 24, 10], [15, 17, 25, 4, 5, 7, 2, 8, 16, 10, 11, 12, 13, 1, 9, 3, 6, 14, 19, 20, 21, 22, 23, 24, 18], [15, 17, 25, 4, 5, 7, 2, 8, 16, 10, 11, 12, 13, 1, 9, 3, 6, 18, 19, 20, 21, 22, 23, 24, 14], [15, 17, 25, 4, 5, 7, 2, 8, 16, 10, 11, 12, 13, 14, 9, 3, 6, 18, 19, 20, 21, 22, 23, 24, 1], [15, 2, 25, 4, 5, 7, 17, 8, 16, 10, 11, 12, 13, 14, 9, 3, 6, 18, 19, 20, 21, 22, 23, 24, 1], [15, 2, 25, 4, 5, 7, 17, 8, 3, 10, 11, 12, 13, 14, 9, 16, 6, 18, 19, 20, 21, 22, 23, 24, 1], [9, 2, 25, 4, 5, 7, 17, 8, 3, 10, 11, 12, 13, 14, 15, 16, 6, 18, 19, 20, 21, 22, 23, 24, 1], [1, 2, 25, 4, 5, 7, 17, 8, 3, 10, 11, 12, 13, 14, 15, 16, 6, 18, 19, 20, 21, 22, 23, 24, 9], [1, 2, 9, 4, 5, 7, 17, 8, 3, 10, 11, 12, 13, 14, 15, 16, 6, 18, 19, 20, 21, 22, 23, 24, 25], [1, 2, 3, 4, 5, 7, 17, 8, 9, 10, 11, 12, 13, 14, 15, 16, 6, 18, 19, 20, 21, 22, 23, 24, 25], [1, 2, 3, 4, 5, 17, 7, 8, 9, 10, 11, 12, 13, 14, 15, 16, 6, 18, 19, 20, 21, 22, 23, 24, 25], [1, 2, 3, 4, 5, 6, 7, 8, 9, 10, 11, 12, 13, 14, 15, 16, 17, 18, 19, 20, 21, 22, 23, 24, 25]], idx1=[14, 20, 4, 8, 11, 12, 14, 5, 14, 18, 10, 14, 1, 2, 3, 9, 1, 9, 3, 7, 6], idx2=[19, 21, 20, 10, 15, 18, 23, 14, 22, 20, 18, 18, 14, 17, 16, 15, 9, 25, 9, 17, 17], _checker='')