============================================================
BENCHMARK ID: 18 | DIMENSIONE: 10 | STRATEGIA: linear
============================================================

Input Vector: [3, 9, 10, 6, 4, 7, 1, 2, 5, 8]

STATO: RISOLTO
K: 9
TEMPO: 0.2980s
----------------------------------------
PIANO:
Solution(v=[[3, 9, 10, 6, 4, 7, 1, 2, 5, 8], [3, 2, 10, 6, 4, 7, 1, 9, 5, 8], [3, 2, 10, 6, 5, 7, 1, 9, 4, 8], [3, 2, 10, 6, 5, 1, 7, 9, 4, 8], [3, 2, 10, 6, 5, 1, 7, 4, 9, 8], [3, 2, 10, 6, 5, 1, 7, 8, 9, 4], [3, 2, 10, 4, 5, 1, 7, 8, 9, 6], [3, 2, 10, 4, 5, 6, 7, 8, 9, 1], [1, 2, 10, 4, 5, 6, 7, 8, 9, 3], [1, 2, 3, 4, 5, 6, 7, 8, 9, 10]], pos=[[7, 8, 1, 5, 9, 4, 6, 10, 2, 3], [7, 2, 1, 5, 9, 4, 6, 10, 8, 3], [7, 2, 1, 9, 5, 4, 6, 10, 8, 3], [6, 2, 1, 9, 5, 4, 7, 10, 8, 3], [6, 2, 1, 8, 5, 4, 7, 10, 9, 3], [6, 2, 1, 10, 5, 4, 7, 8, 9, 3], [6, 2, 1, 4, 5, 10, 7, 8, 9, 3], [10, 2, 1, 4, 5, 6, 7, 8, 9, 3], [1, 2, 10, 4, 5, 6, 7, 8, 9, 3], [1, 2, 3, 4, 5, 6, 7, 8, 9, 10]], idx1=[2, 5, 6, 8, 8, 4, 6, 1, 3], idx2=[8, 9, 7, 9, 10, 10, 10, 10, 10], _checker='')