============================================================
BENCHMARK ID: 21 | DIMENSIONE: 15 | STRATEGIA: linear
============================================================

Input Vector: [1, 6, 13, 4, 5, 15, 12, 14, 9, 11, 3, 7, 2, 10, 8]

STATO: RISOLTO
K: 9
TEMPO: 0.2770s
----------------------------------------
PIANO:
Solution(v=[[1, 6, 13, 4, 5, 15, 12, 14, 9, 11, 3, 7, 2, 10, 8], [1, 6, 13, 4, 5, 8, 12, 14, 9, 11, 3, 7, 2, 10, 15], [1, 6, 13, 4, 5, 8, 12, 14, 9, 10, 3, 7, 2, 11, 15], [1, 6, 13, 4, 5, 8, 12, 14, 9, 10, 11, 7, 2, 3, 15], [1, 6, 3, 4, 5, 8, 12, 14, 9, 10, 11, 7, 2, 13, 15], [1, 6, 3, 4, 5, 14, 12, 8, 9, 10, 11, 7, 2, 13, 15], [1, 14, 3, 4, 5, 6, 12, 8, 9, 10, 11, 7, 2, 13, 15], [1, 2, 3, 4, 5, 6, 12, 8, 9, 10, 11, 7, 14, 13, 15], [1, 2, 3, 4, 5, 6, 7, 8, 9, 10, 11, 12, 14, 13, 15], [1, 2, 3, 4, 5, 6, 7, 8, 9, 10, 11, 12, 13, 14, 15]], pos=[[1, 13, 11, 4, 5, 2, 12, 15, 9, 14, 10, 7, 3, 8, 6], [1, 13, 11, 4, 5, 2, 12, 6, 9, 14, 10, 7, 3, 8, 15], [1, 13, 11, 4, 5, 2, 12, 6, 9, 10, 14, 7, 3, 8, 15], [1, 13, 14, 4, 5, 2, 12, 6, 9, 10, 11, 7, 3, 8, 15], [1, 13, 3, 4, 5, 2, 12, 6, 9, 10, 11, 7, 14, 8, 15], [1, 13, 3, 4, 5, 2, 12, 8, 9, 10, 11, 7, 14, 6, 15], [1, 13, 3, 4, 5, 6, 12, 8, 9, 10, 11, 7, 14, 2, 15], [1, 2, 3, 4, 5, 6, 12, 8, 9, 10, 11, 7, 14, 13, 15], [1, 2, 3, 4, 5, 6, 7, 8, 9, 10, 11, 12, 14, 13, 15], [1, 2, 3, 4, 5, 6, 7, 8, 9, 10, 11, 12, 13, 14, 15]], idx1=[6, 10, 11, 3, 6, 2, 2, 7, 13], idx2=[15, 14, 14, 14, 8, 6, 13, 12, 14], _checker='')