============================================================
BENCHMARK ID: 8 | DIMENSIONE: 5 | STRATEGIA: linear
============================================================

Input Vector: [3, 4, 5, 1, 2]

STATO: RISOLTO
K: 4
TEMPO: 0.2980s
----------------------------------------
PIANO:
Solution(v=[[3, 4, 5, 1, 2], [1, 4, 5, 3, 2], [1, 4, 2, 3, 5], [1, 4, 3, 2, 5], [1, 2, 3, 4, 5]], pos=[[4, 5, 1, 2, 3], [1, 5, 4, 2, 3], [1, 3, 4, 2, 5], [1, 4, 3, 2, 5], [1, 2, 3, 4, 5]], idx1=[1, 3, 3, 2], idx2=[4, 5, 4, 4], _checker='')