============================================================
BENCHMARK ID: 29 | DIMENSIONE: 15 | STRATEGIA: linear
============================================================

Input Vector: [11, 2, 1, 12, 6, 15, 4, 8, 5, 9, 13, 14, 3, 10, 7]

STATO: RISOLTO
K: 11
TEMPO: 0.5000s
----------------------------------------
PIANO:
Solution(v=[[11, 2, 1, 12, 6, 15, 4, 8, 5, 9, 13, 14, 3, 10, 7], [11, 2, 1, 12, 6, 15, 4, 8, 5, 9, 13, 10, 3, 14, 7], [11, 2, 1, 10, 6, 15, 4, 8, 5, 9, 13, 12, 3, 14, 7], [11, 2, 1, 10, 6, 15, 7, 8, 5, 9, 13, 12, 3, 14, 4], [11, 2, 1, 10, 6, 4, 7, 8, 5, 9, 13, 12, 3, 14, 15], [11, 2, 1, 10, 6, 4, 7, 8, 5, 9, 3, 12, 13, 14, 15], [11, 2, 3, 10, 6, 4, 7, 8, 5, 9, 1, 12, 13, 14, 15], [1, 2, 3, 10, 6, 4, 7, 8, 5, 9, 11, 12, 13, 14, 15], [1, 2, 3, 10, 6, 4, 7, 8, 9, 5, 11, 12, 13, 14, 15], [1, 2, 3, 10, 5, 4, 7, 8, 9, 6, 11, 12, 13, 14, 15], [1, 2, 3, 10, 5, 6, 7, 8, 9, 4, 11, 12, 13, 14, 15], [1, 2, 3, 4, 5, 6, 7, 8, 9, 10, 11, 12, 13, 14, 15]], pos=[[3, 2, 13, 7, 9, 5, 15, 8, 10, 14, 1, 4, 11, 12, 6], [3, 2, 13, 7, 9, 5, 15, 8, 10, 12, 1, 4, 11, 14, 6], [3, 2, 13, 7, 9, 5, 15, 8, 10, 4, 1, 12, 11, 14, 6], [3, 2, 13, 15, 9, 5, 7, 8, 10, 4, 1, 12, 11, 14, 6], [3, 2, 13, 6, 9, 5, 7, 8, 10, 4, 1, 12, 11, 14, 15], [3, 2, 11, 6, 9, 5, 7, 8, 10, 4, 1, 12, 13, 14, 15], [11, 2, 3, 6, 9, 5, 7, 8, 10, 4, 1, 12, 13, 14, 15], [1, 2, 3, 6, 9, 5, 7, 8, 10, 4, 11, 12, 13, 14, 15], [1, 2, 3, 6, 10, 5, 7, 8, 9, 4, 11, 12, 13, 14, 15], [1, 2, 3, 6, 5, 10, 7, 8, 9, 4, 11, 12, 13, 14, 15], [1, 2, 3, 10, 5, 6, 7, 8, 9, 4, 11, 12, 13, 14, 15], [1, 2, 3, 4, 5, 6, 7, 8, 9, 10, 11, 12, 13, 14, 15]], idx1=[12, 4, 7, 6, 11, 3, 1, 9, 5, 6, 4], idx2=[14, 12, 15, 15, 13, 11, 11, 10, 10, 10, 10], _checker='')