============================================================
BENCHMARK ID: 50 | DIMENSIONE: 25 | STRATEGIA: linear
============================================================

Input Vector: [14, 20, 15, 8, 10, 2, 16, 24, 19, 18, 21, 17, 9, 11, 3, 5, 23, 1, 6, 7, 22, 4, 25, 13, 12]

STATO: RISOLTO
K: 22
TEMPO: 10.5210s
----------------------------------------
PIANO:
Solution(v=[[14, 20, 15, 8, 10, 2, 16, 24, 19, 18, 21, 17, 9, 11, 3, 5, 23, 1, 6, 7, 22, 4, 25, 13, 12], [14, 7, 15, 8, 10, 2, 16, 24, 19, 18, 21, 17, 9, 11, 3, 5, 23, 1, 6, 20, 22, 4, 25, 13, 12], [14, 7, 15, 8, 10, 2, 16, 24, 19, 18, 21, 17, 9, 11, 3, 5, 25, 1, 6, 20, 22, 4, 23, 13, 12], [14, 7, 15, 8, 10, 2, 16, 24, 19, 18, 21, 17, 9, 11, 3, 5, 25, 1, 6, 20, 4, 22, 23, 13, 12], [14, 7, 15, 4, 10, 2, 16, 24, 19, 18, 21, 17, 9, 11, 3, 5, 25, 1, 6, 20, 8, 22, 23, 13, 12], [14, 7, 15, 4, 10, 6, 16, 24, 19, 18, 21, 17, 9, 11, 3, 5, 25, 1, 2, 20, 8, 22, 23, 13, 12], [14, 7, 15, 4, 10, 6, 16, 24, 19, 1, 21, 17, 9, 11, 3, 5, 25, 18, 2, 20, 8, 22, 23, 13, 12], [14, 7, 15, 4, 10, 6, 16, 24, 19, 1, 21, 25, 9, 11, 3, 5, 17, 18, 2, 20, 8, 22, 23, 13, 12], [14, 7, 15, 4, 10, 6, 16, 24, 19, 1, 21, 12, 9, 11, 3, 5, 17, 18, 2, 20, 8, 22, 23, 13, 25], [14, 7, 15, 4, 10, 6, 16, 24, 19, 1, 21, 12, 13, 11, 3, 5, 17, 18, 2, 20, 8, 22, 23, 9, 25], [14, 7, 15, 4, 10, 6, 16, 24, 9, 1, 21, 12, 13, 11, 3, 5, 17, 18, 2, 20, 8, 22, 23, 19, 25], [14, 7, 15, 4, 10, 6, 16, 24, 9, 1, 11, 12, 13, 21, 3, 5, 17, 18, 2, 20, 8, 22, 23, 19, 25], [21, 7, 15, 4, 10, 6, 16, 24, 9, 1, 11, 12, 13, 14, 3, 5, 17, 18, 2, 20, 8, 22, 23, 19, 25], [8, 7, 15, 4, 10, 6, 16, 24, 9, 1, 11, 12, 13, 14, 3, 5, 17, 18, 2, 20, 21, 22, 23, 19, 25], [24, 7, 15, 4, 10, 6, 16, 8, 9, 1, 11, 12, 13, 14, 3, 5, 17, 18, 2, 20, 21, 22, 23, 19, 25], [19, 7, 15, 4, 10, 6, 16, 8, 9, 1, 11, 12, 13, 14, 3, 5, 17, 18, 2, 20, 21, 22, 23, 24, 25], [19, 7, 15, 4, 1, 6, 16, 8, 9, 10, 11, 12, 13, 14, 3, 5, 17, 18, 2, 20, 21, 22, 23, 24, 25], [1, 7, 15, 4, 19, 6, 16, 8, 9, 10, 11, 12, 13, 14, 3, 5, 17, 18, 2, 20, 21, 22, 23, 24, 25], [1, 7, 15, 4, 19, 6, 5, 8, 9, 10, 11, 12, 13, 14, 3, 16, 17, 18, 2, 20, 21, 22, 23, 24, 25], [1, 7, 15, 4, 5, 6, 19, 8, 9, 10, 11, 12, 13, 14, 3, 16, 17, 18, 2, 20, 21, 22, 23, 24, 25], [1, 19, 15, 4, 5, 6, 7, 8, 9, 10, 11, 12, 13, 14, 3, 16, 17, 18, 2, 20, 21, 22, 23, 24, 25], [1, 2, 15, 4, 5, 6, 7, 8, 9, 10, 11, 12, 13, 14, 3, 16, 17, 18, 19, 20, 21, 22, 23, 24, 25], [1, 2, 3, 4, 5, 6, 7, 8, 9, 10, 11, 12, 13, 14, 15, 16, 17, 18, 19, 20, 21, 22, 23, 24, 25]], pos=[[18, 6, 15, 22, 16, 19, 20, 4, 13, 5, 14, 25, 24, 1, 3, 7, 12, 10, 9, 2, 11, 21, 17, 8, 23], [18, 6, 15, 22, 16, 19, 2, 4, 13, 5, 14, 25, 24, 1, 3, 7, 12, 10, 9, 20, 11, 21, 17, 8, 23], [18, 6, 15, 22, 16, 19, 2, 4, 13, 5, 14, 25, 24, 1, 3, 7, 12, 10, 9, 20, 11, 21, 23, 8, 17], [18, 6, 15, 21, 16, 19, 2, 4, 13, 5, 14, 25, 24, 1, 3, 7, 12, 10, 9, 20, 11, 22, 23, 8, 17], [18, 6, 15, 4, 16, 19, 2, 21, 13, 5, 14, 25, 24, 1, 3, 7, 12, 10, 9, 20, 11, 22, 23, 8, 17], [18, 19, 15, 4, 16, 6, 2, 21, 13, 5, 14, 25, 24, 1, 3, 7, 12, 10, 9, 20, 11, 22, 23, 8, 17], [10, 19, 15, 4, 16, 6, 2, 21, 13, 5, 14, 25, 24, 1, 3, 7, 12, 18, 9, 20, 11, 22, 23, 8, 17], [10, 19, 15, 4, 16, 6, 2, 21, 13, 5, 14, 25, 24, 1, 3, 7, 17, 18, 9, 20, 11, 22, 23, 8, 12], [10, 19, 15, 4, 16, 6, 2, 21, 13, 5, 14, 12, 24, 1, 3, 7, 17, 18, 9, 20, 11, 22, 23, 8, 25], [10, 19, 15, 4, 16, 6, 2, 21, 24, 5, 14, 12, 13, 1, 3, 7, 17, 18, 9, 20, 11, 22, 23, 8, 25], [10, 19, 15, 4, 16, 6, 2, 21, 9, 5, 14, 12, 13, 1, 3, 7, 17, 18, 24, 20, 11, 22, 23, 8, 25], [10, 19, 15, 4, 16, 6, 2, 21, 9, 5, 11, 12, 13, 1, 3, 7, 17, 18, 24, 20, 14, 22, 23, 8, 25], [10, 19, 15, 4, 16, 6, 2, 21, 9, 5, 11, 12, 13, 14, 3, 7, 17, 18, 24, 20, 1, 22, 23, 8, 25], [10, 19, 15, 4, 16, 6, 2, 1, 9, 5, 11, 12, 13, 14, 3, 7, 17, 18, 24, 20, 21, 22, 23, 8, 25], [10, 19, 15, 4, 16, 6, 2, 8, 9, 5, 11, 12, 13, 14, 3, 7, 17, 18, 24, 20, 21, 22, 23, 1, 25], [10, 19, 15, 4, 16, 6, 2, 8, 9, 5, 11, 12, 13, 14, 3, 7, 17, 18, 1, 20, 21, 22, 23, 24, 25], [5, 19, 15, 4, 16, 6, 2, 8, 9, 10, 11, 12, 13, 14, 3, 7, 17, 18, 1, 20, 21, 22, 23, 24, 25], [1, 19, 15, 4, 16, 6, 2, 8, 9, 10, 11, 12, 13, 14, 3, 7, 17, 18, 5, 20, 21, 22, 23, 24, 25], [1, 19, 15, 4, 7, 6, 2, 8, 9, 10, 11, 12, 13, 14, 3, 16, 17, 18, 5, 20, 21, 22, 23, 24, 25], [1, 19, 15, 4, 5, 6, 2, 8, 9, 10, 11, 12, 13, 14, 3, 16, 17, 18, 7, 20, 21, 22, 23, 24, 25], [1, 19, 15, 4, 5, 6, 7, 8, 9, 10, 11, 12, 13, 14, 3, 16, 17, 18, 2, 20, 21, 22, 23, 24, 25], [1, 2, 15, 4, 5, 6, 7, 8, 9, 10, 11, 12, 13, 14, 3, 16, 17, 18, 19, 20, 21, 22, 23, 24, 25], [1, 2, 3, 4, 5, 6, 7, 8, 9, 10, 11, 12, 13, 14, 15, 16, 17, 18, 19, 20, 21, 22, 23, 24, 25]], idx1=[2, 17, 21, 4, 6, 10, 12, 12, 13, 9, 11, 1, 1, 1, 1, 5, 1, 7, 5, 2, 2, 3], idx2=[20, 23, 22, 21, 19, 18, 17, 25, 24, 24, 14, 14, 21, 8, 24, 10, 5, 16, 7, 7, 19, 15], _checker='')