============================================================
BENCHMARK ID: 37 | DIMENSIONE: 20 | STRATEGIA: linear
============================================================

Input Vector: [18, 12, 10, 4, 16, 13, 8, 6, 15, 20, 11, 19, 3, 1, 17, 9, 14, 7, 5, 2]

STATO: RISOLTO
K: 17
TEMPO: 1.2770s
----------------------------------------
PIANO:
Solution(v=[[18, 12, 10, 4, 16, 13, 8, 6, 15, 20, 11, 19, 3, 1, 17, 9, 14, 7, 5, 2], [7, 12, 10, 4, 16, 13, 8, 6, 15, 20, 11, 19, 3, 1, 17, 9, 14, 18, 5, 2], [1, 12, 10, 4, 16, 13, 8, 6, 15, 20, 11, 19, 3, 7, 17, 9, 14, 18, 5, 2], [1, 2, 10, 4, 16, 13, 8, 6, 15, 20, 11, 19, 3, 7, 17, 9, 14, 18, 5, 12], [1, 2, 3, 4, 16, 13, 8, 6, 15, 20, 11, 19, 10, 7, 17, 9, 14, 18, 5, 12], [1, 2, 3, 4, 16, 6, 8, 13, 15, 20, 11, 19, 10, 7, 17, 9, 14, 18, 5, 12], [1, 2, 3, 4, 16, 6, 8, 13, 15, 10, 11, 19, 20, 7, 17, 9, 14, 18, 5, 12], [1, 2, 3, 4, 16, 6, 8, 13, 15, 10, 11, 12, 20, 7, 17, 9, 14, 18, 5, 19], [1, 2, 3, 4, 16, 6, 8, 13, 15, 10, 11, 12, 19, 7, 17, 9, 14, 18, 5, 20], [1, 2, 3, 4, 16, 6, 8, 19, 15, 10, 11, 12, 13, 7, 17, 9, 14, 18, 5, 20], [1, 2, 3, 4, 16, 6, 8, 19, 17, 10, 11, 12, 13, 7, 15, 9, 14, 18, 5, 20], [1, 2, 3, 4, 16, 6, 8, 19, 17, 10, 11, 12, 13, 14, 15, 9, 7, 18, 5, 20], [1, 2, 3, 4, 16, 6, 8, 19, 7, 10, 11, 12, 13, 14, 15, 9, 17, 18, 5, 20], [1, 2, 3, 4, 16, 6, 8, 19, 9, 10, 11, 12, 13, 14, 15, 7, 17, 18, 5, 20], [1, 2, 3, 4, 7, 6, 8, 19, 9, 10, 11, 12, 13, 14, 15, 16, 17, 18, 5, 20], [1, 2, 3, 4, 8, 6, 7, 19, 9, 10, 11, 12, 13, 14, 15, 16, 17, 18, 5, 20], [1, 2, 3, 4, 19, 6, 7, 8, 9, 10, 11, 12, 13, 14, 15, 16, 17, 18, 5, 20], [1, 2, 3, 4, 5, 6, 7, 8, 9, 10, 11, 12, 13, 14, 15, 16, 17, 18, 19, 20]], pos=[[14, 20, 13, 4, 19, 8, 18, 7, 16, 3, 11, 2, 6, 17, 9, 5, 15, 1, 12, 10], [14, 20, 13, 4, 19, 8, 1, 7, 16, 3, 11, 2, 6, 17, 9, 5, 15, 18, 12, 10], [1, 20, 13, 4, 19, 8, 14, 7, 16, 3, 11, 2, 6, 17, 9, 5, 15, 18, 12, 10], [1, 2, 13, 4, 19, 8, 14, 7, 16, 3, 11, 20, 6, 17, 9, 5, 15, 18, 12, 10], [1, 2, 3, 4, 19, 8, 14, 7, 16, 13, 11, 20, 6, 17, 9, 5, 15, 18, 12, 10], [1, 2, 3, 4, 19, 6, 14, 7, 16, 13, 11, 20, 8, 17, 9, 5, 15, 18, 12, 10], [1, 2, 3, 4, 19, 6, 14, 7, 16, 10, 11, 20, 8, 17, 9, 5, 15, 18, 12, 13], [1, 2, 3, 4, 19, 6, 14, 7, 16, 10, 11, 12, 8, 17, 9, 5, 15, 18, 20, 13], [1, 2, 3, 4, 19, 6, 14, 7, 16, 10, 11, 12, 8, 17, 9, 5, 15, 18, 13, 20], [1, 2, 3, 4, 19, 6, 14, 7, 16, 10, 11, 12, 13, 17, 9, 5, 15, 18, 8, 20], [1, 2, 3, 4, 19, 6, 14, 7, 16, 10, 11, 12, 13, 17, 15, 5, 9, 18, 8, 20], [1, 2, 3, 4, 19, 6, 17, 7, 16, 10, 11, 12, 13, 14, 15, 5, 9, 18, 8, 20], [1, 2, 3, 4, 19, 6, 9, 7, 16, 10, 11, 12, 13, 14, 15, 5, 17, 18, 8, 20], [1, 2, 3, 4, 19, 6, 16, 7, 9, 10, 11, 12, 13, 14, 15, 5, 17, 18, 8, 20], [1, 2, 3, 4, 19, 6, 5, 7, 9, 10, 11, 12, 13, 14, 15, 16, 17, 18, 8, 20], [1, 2, 3, 4, 19, 6, 7, 5, 9, 10, 11, 12, 13, 14, 15, 16, 17, 18, 8, 20], [1, 2, 3, 4, 19, 6, 7, 8, 9, 10, 11, 12, 13, 14, 15, 16, 17, 18, 5, 20], [1, 2, 3, 4, 5, 6, 7, 8, 9, 10, 11, 12, 13, 14, 15, 16, 17, 18, 19, 20]], idx1=[1, 1, 2, 3, 6, 10, 12, 13, 8, 9, 14, 9, 9, 5, 5, 5, 5], idx2=[18, 14, 20, 13, 8, 13, 20, 20, 13, 15, 17, 17, 16, 16, 7, 8, 19], _checker='')