============================================================
BENCHMARK ID: 58 | DIMENSIONE: 30 | STRATEGIA: linear
============================================================

Input Vector: [26, 22, 6, 24, 2, 12, 9, 30, 13, 28, 18, 21, 7, 16, 19, 8, 4, 3, 5, 23, 25, 14, 10, 15, 11, 20, 17, 27, 29, 1]

STATO: RISOLTO
K: 26
TEMPO: 63.0680s
----------------------------------------
PIANO:
Solution(v=[[26, 22, 6, 24, 2, 12, 9, 30, 13, 28, 18, 21, 7, 16, 19, 8, 4, 3, 5, 23, 25, 14, 10, 15, 11, 20, 17, 27, 29, 1], [26, 22, 6, 24, 2, 21, 9, 30, 13, 28, 18, 12, 7, 16, 19, 8, 4, 3, 5, 23, 25, 14, 10, 15, 11, 20, 17, 27, 29, 1], [26, 22, 6, 24, 2, 21, 9, 30, 13, 28, 18, 12, 7, 16, 15, 8, 4, 3, 5, 23, 25, 14, 10, 19, 11, 20, 17, 27, 29, 1], [26, 22, 6, 24, 2, 21, 9, 30, 13, 28, 18, 12, 7, 16, 15, 8, 4, 3, 19, 23, 25, 14, 10, 5, 11, 20, 17, 27, 29, 1], [26, 22, 6, 5, 2, 21, 9, 30, 13, 28, 18, 12, 7, 16, 15, 8, 4, 3, 19, 23, 25, 14, 10, 24, 11, 20, 17, 27, 29, 1], [26, 22, 6, 5, 2, 21, 9, 30, 13, 28, 11, 12, 7, 16, 15, 8, 4, 3, 19, 23, 25, 14, 10, 24, 18, 20, 17, 27, 29, 1], [26, 22, 6, 5, 2, 21, 9, 30, 13, 28, 11, 12, 7, 16, 15, 8, 4, 18, 19, 23, 25, 14, 10, 24, 3, 20, 17, 27, 29, 1], [26, 22, 3, 5, 2, 21, 9, 30, 13, 28, 11, 12, 7, 16, 15, 8, 4, 18, 19, 23, 25, 14, 10, 24, 6, 20, 17, 27, 29, 1], [26, 22, 3, 4, 2, 21, 9, 30, 13, 28, 11, 12, 7, 16, 15, 8, 5, 18, 19, 23, 25, 14, 10, 24, 6, 20, 17, 27, 29, 1], [26, 22, 3, 4, 2, 21, 9, 1, 13, 28, 11, 12, 7, 16, 15, 8, 5, 18, 19, 23, 25, 14, 10, 24, 6, 20, 17, 27, 29, 30], [26, 22, 3, 4, 2, 21, 9, 1, 13, 27, 11, 12, 7, 16, 15, 8, 5, 18, 19, 23, 25, 14, 10, 24, 6, 20, 17, 28, 29, 30], [26, 22, 3, 4, 2, 21, 9, 1, 13, 27, 11, 12, 7, 8, 15, 16, 5, 18, 19, 23, 25, 14, 10, 24, 6, 20, 17, 28, 29, 30], [26, 22, 3, 4, 2, 21, 9, 1, 13, 27, 11, 12, 7, 8, 15, 16, 5, 18, 19, 20, 25, 14, 10, 24, 6, 23, 17, 28, 29, 30], [23, 22, 3, 4, 2, 21, 9, 1, 13, 27, 11, 12, 7, 8, 15, 16, 5, 18, 19, 20, 25, 14, 10, 24, 6, 26, 17, 28, 29, 30], [23, 22, 3, 4, 2, 21, 9, 1, 7, 27, 11, 12, 13, 8, 15, 16, 5, 18, 19, 20, 25, 14, 10, 24, 6, 26, 17, 28, 29, 30], [23, 22, 3, 4, 2, 21, 9, 1, 7, 10, 11, 12, 13, 8, 15, 16, 5, 18, 19, 20, 25, 14, 27, 24, 6, 26, 17, 28, 29, 30], [27, 22, 3, 4, 2, 21, 9, 1, 7, 10, 11, 12, 13, 8, 15, 16, 5, 18, 19, 20, 25, 14, 23, 24, 6, 26, 17, 28, 29, 30], [1, 22, 3, 4, 2, 21, 9, 27, 7, 10, 11, 12, 13, 8, 15, 16, 5, 18, 19, 20, 25, 14, 23, 24, 6, 26, 17, 28, 29, 30], [1, 22, 3, 4, 2, 21, 9, 27, 7, 10, 11, 12, 13, 8, 15, 16, 17, 18, 19, 20, 25, 14, 23, 24, 6, 26, 5, 28, 29, 30], [1, 22, 3, 4, 5, 21, 9, 27, 7, 10, 11, 12, 13, 8, 15, 16, 17, 18, 19, 20, 25, 14, 23, 24, 6, 26, 2, 28, 29, 30], [1, 22, 3, 4, 5, 21, 9, 27, 7, 10, 11, 12, 13, 14, 15, 16, 17, 18, 19, 20, 25, 8, 23, 24, 6, 26, 2, 28, 29, 30], [1, 8, 3, 4, 5, 21, 9, 27, 7, 10, 11, 12, 13, 14, 15, 16, 17, 18, 19, 20, 25, 22, 23, 24, 6, 26, 2, 28, 29, 30], [1, 8, 3, 4, 5, 21, 9, 27, 7, 10, 11, 12, 13, 14, 15, 16, 17, 18, 19, 20, 6, 22, 23, 24, 25, 26, 2, 28, 29, 30], [1, 8, 3, 4, 5, 6, 9, 27, 7, 10, 11, 12, 13, 14, 15, 16, 17, 18, 19, 20, 21, 22, 23, 24, 25, 26, 2, 28, 29, 30], [1, 8, 3, 4, 5, 6, 7, 27, 9, 10, 11, 12, 13, 14, 15, 16, 17, 18, 19, 20, 21, 22, 23, 24, 25, 26, 2, 28, 29, 30], [1, 8, 3, 4, 5, 6, 7, 2, 9, 10, 11, 12, 13, 14, 15, 16, 17, 18, 19, 20, 21, 22, 23, 24, 25, 26, 27, 28, 29, 30], [1, 2, 3, 4, 5, 6, 7, 8, 9, 10, 11, 12, 13, 14, 15, 16, 17, 18, 19, 20, 21, 22, 23, 24, 25, 26, 27, 28, 29, 30]], pos=[[30, 5, 18, 17, 19, 3, 13, 16, 7, 23, 25, 6, 9, 22, 24, 14, 27, 11, 15, 26, 12, 2, 20, 4, 21, 1, 28, 10, 29, 8], [30, 5, 18, 17, 19, 3, 13, 16, 7, 23, 25, 12, 9, 22, 24, 14, 27, 11, 15, 26, 6, 2, 20, 4, 21, 1, 28, 10, 29, 8], [30, 5, 18, 17, 19, 3, 13, 16, 7, 23, 25, 12, 9, 22, 15, 14, 27, 11, 24, 26, 6, 2, 20, 4, 21, 1, 28, 10, 29, 8], [30, 5, 18, 17, 24, 3, 13, 16, 7, 23, 25, 12, 9, 22, 15, 14, 27, 11, 19, 26, 6, 2, 20, 4, 21, 1, 28, 10, 29, 8], [30, 5, 18, 17, 4, 3, 13, 16, 7, 23, 25, 12, 9, 22, 15, 14, 27, 11, 19, 26, 6, 2, 20, 24, 21, 1, 28, 10, 29, 8], [30, 5, 18, 17, 4, 3, 13, 16, 7, 23, 11, 12, 9, 22, 15, 14, 27, 25, 19, 26, 6, 2, 20, 24, 21, 1, 28, 10, 29, 8], [30, 5, 25, 17, 4, 3, 13, 16, 7, 23, 11, 12, 9, 22, 15, 14, 27, 18, 19, 26, 6, 2, 20, 24, 21, 1, 28, 10, 29, 8], [30, 5, 3, 17, 4, 25, 13, 16, 7, 23, 11, 12, 9, 22, 15, 14, 27, 18, 19, 26, 6, 2, 20, 24, 21, 1, 28, 10, 29, 8], [30, 5, 3, 4, 17, 25, 13, 16, 7, 23, 11, 12, 9, 22, 15, 14, 27, 18, 19, 26, 6, 2, 20, 24, 21, 1, 28, 10, 29, 8], [8, 5, 3, 4, 17, 25, 13, 16, 7, 23, 11, 12, 9, 22, 15, 14, 27, 18, 19, 26, 6, 2, 20, 24, 21, 1, 28, 10, 29, 30], [8, 5, 3, 4, 17, 25, 13, 16, 7, 23, 11, 12, 9, 22, 15, 14, 27, 18, 19, 26, 6, 2, 20, 24, 21, 1, 10, 28, 29, 30], [8, 5, 3, 4, 17, 25, 13, 14, 7, 23, 11, 12, 9, 22, 15, 16, 27, 18, 19, 26, 6, 2, 20, 24, 21, 1, 10, 28, 29, 30], [8, 5, 3, 4, 17, 25, 13, 14, 7, 23, 11, 12, 9, 22, 15, 16, 27, 18, 19, 20, 6, 2, 26, 24, 21, 1, 10, 28, 29, 30], [8, 5, 3, 4, 17, 25, 13, 14, 7, 23, 11, 12, 9, 22, 15, 16, 27, 18, 19, 20, 6, 2, 1, 24, 21, 26, 10, 28, 29, 30], [8, 5, 3, 4, 17, 25, 9, 14, 7, 23, 11, 12, 13, 22, 15, 16, 27, 18, 19, 20, 6, 2, 1, 24, 21, 26, 10, 28, 29, 30], [8, 5, 3, 4, 17, 25, 9, 14, 7, 10, 11, 12, 13, 22, 15, 16, 27, 18, 19, 20, 6, 2, 1, 24, 21, 26, 23, 28, 29, 30], [8, 5, 3, 4, 17, 25, 9, 14, 7, 10, 11, 12, 13, 22, 15, 16, 27, 18, 19, 20, 6, 2, 23, 24, 21, 26, 1, 28, 29, 30], [1, 5, 3, 4, 17, 25, 9, 14, 7, 10, 11, 12, 13, 22, 15, 16, 27, 18, 19, 20, 6, 2, 23, 24, 21, 26, 8, 28, 29, 30], [1, 5, 3, 4, 27, 25, 9, 14, 7, 10, 11, 12, 13, 22, 15, 16, 17, 18, 19, 20, 6, 2, 23, 24, 21, 26, 8, 28, 29, 30], [1, 27, 3, 4, 5, 25, 9, 14, 7, 10, 11, 12, 13, 22, 15, 16, 17, 18, 19, 20, 6, 2, 23, 24, 21, 26, 8, 28, 29, 30], [1, 27, 3, 4, 5, 25, 9, 22, 7, 10, 11, 12, 13, 14, 15, 16, 17, 18, 19, 20, 6, 2, 23, 24, 21, 26, 8, 28, 29, 30], [1, 27, 3, 4, 5, 25, 9, 2, 7, 10, 11, 12, 13, 14, 15, 16, 17, 18, 19, 20, 6, 22, 23, 24, 21, 26, 8, 28, 29, 30], [1, 27, 3, 4, 5, 21, 9, 2, 7, 10, 11, 12, 13, 14, 15, 16, 17, 18, 19, 20, 6, 22, 23, 24, 25, 26, 8, 28, 29, 30], [1, 27, 3, 4, 5, 6, 9, 2, 7, 10, 11, 12, 13, 14, 15, 16, 17, 18, 19, 20, 21, 22, 23, 24, 25, 26, 8, 28, 29, 30], [1, 27, 3, 4, 5, 6, 7, 2, 9, 10, 11, 12, 13, 14, 15, 16, 17, 18, 19, 20, 21, 22, 23, 24, 25, 26, 8, 28, 29, 30], [1, 8, 3, 4, 5, 6, 7, 2, 9, 10, 11, 12, 13, 14, 15, 16, 17, 18, 19, 20, 21, 22, 23, 24, 25, 26, 27, 28, 29, 30], [1, 2, 3, 4, 5, 6, 7, 8, 9, 10, 11, 12, 13, 14, 15, 16, 17, 18, 19, 20, 21, 22, 23, 24, 25, 26, 27, 28, 29, 30]], idx1=[6, 15, 19, 4, 11, 18, 3, 4, 8, 10, 14, 20, 1, 9, 10, 1, 1, 17, 5, 14, 2, 21, 6, 7, 8, 2], idx2=[12, 24, 24, 24, 25, 25, 25, 17, 30, 28, 16, 26, 26, 13, 23, 23, 8, 27, 27, 22, 22, 25, 21, 9, 27, 8], _checker='')