============================================================
BENCHMARK ID: 17 | DIMENSIONE: 10 | STRATEGIA: linear
============================================================

Input Vector: [3, 6, 5, 4, 1, 9, 10, 7, 8, 2]

STATO: RISOLTO
K: 7
TEMPO: 0.3120s
----------------------------------------
PIANO:
Solution(v=[[3, 6, 5, 4, 1, 9, 10, 7, 8, 2], [1, 6, 5, 4, 3, 9, 10, 7, 8, 2], [1, 6, 3, 4, 5, 9, 10, 7, 8, 2], [1, 6, 3, 4, 5, 9, 2, 7, 8, 10], [1, 6, 3, 4, 5, 9, 2, 8, 7, 10], [1, 6, 3, 4, 5, 9, 7, 8, 2, 10], [1, 2, 3, 4, 5, 9, 7, 8, 6, 10], [1, 2, 3, 4, 5, 6, 7, 8, 9, 10]], pos=[[5, 10, 1, 4, 3, 2, 8, 9, 6, 7], [1, 10, 5, 4, 3, 2, 8, 9, 6, 7], [1, 10, 3, 4, 5, 2, 8, 9, 6, 7], [1, 7, 3, 4, 5, 2, 8, 9, 6, 10], [1, 7, 3, 4, 5, 2, 9, 8, 6, 10], [1, 9, 3, 4, 5, 2, 7, 8, 6, 10], [1, 2, 3, 4, 5, 9, 7, 8, 6, 10], [1, 2, 3, 4, 5, 6, 7, 8, 9, 10]], idx1=[1, 3, 7, 8, 7, 2, 6], idx2=[5, 5, 10, 9, 9, 9, 9], _checker='')