============================================================
BENCHMARK ID: 55 | DIMENSIONE: 30 | STRATEGIA: linear
============================================================

Input Vector: [10, 13, 26, 20, 21, 6, 16, 4, 22, 17, 3, 12, 27, 25, 24, 8, 2, 15, 5, 18, 1, 9, 7, 14, 29, 19, 11, 23, 30, 28]

STATO: RISOLTO
K: 25
TEMPO: 28.8680s
----------------------------------------
PIANO:
Solution(v=[[10, 13, 26, 20, 21, 6, 16, 4, 22, 17, 3, 12, 27, 25, 24, 8, 2, 15, 5, 18, 1, 9, 7, 14, 29, 19, 11, 23, 30, 28], [10, 13, 26, 20, 21, 6, 16, 4, 22, 17, 3, 12, 27, 25, 24, 8, 2, 15, 5, 18, 1, 9, 7, 14, 29, 19, 11, 23, 28, 30], [10, 13, 26, 20, 21, 6, 16, 4, 22, 17, 3, 12, 27, 25, 24, 8, 2, 15, 5, 18, 1, 9, 7, 14, 29, 19, 11, 28, 23, 30], [10, 13, 26, 20, 21, 6, 16, 4, 22, 17, 3, 12, 27, 25, 24, 8, 2, 15, 5, 18, 1, 9, 23, 14, 29, 19, 11, 28, 7, 30], [10, 13, 26, 20, 21, 6, 16, 4, 22, 17, 3, 12, 27, 25, 24, 8, 2, 15, 5, 18, 1, 9, 23, 14, 7, 19, 11, 28, 29, 30], [10, 13, 26, 20, 21, 6, 7, 4, 22, 17, 3, 12, 27, 25, 24, 8, 2, 15, 5, 18, 1, 9, 23, 14, 16, 19, 11, 28, 29, 30], [10, 13, 26, 20, 21, 6, 7, 4, 22, 17, 11, 12, 27, 25, 24, 8, 2, 15, 5, 18, 1, 9, 23, 14, 16, 19, 3, 28, 29, 30], [10, 13, 3, 20, 21, 6, 7, 4, 22, 17, 11, 12, 27, 25, 24, 8, 2, 15, 5, 18, 1, 9, 23, 14, 16, 19, 26, 28, 29, 30], [10, 13, 3, 20, 21, 6, 7, 4, 22, 17, 11, 12, 27, 25, 14, 8, 2, 15, 5, 18, 1, 9, 23, 24, 16, 19, 26, 28, 29, 30], [10, 13, 3, 20, 21, 6, 7, 4, 22, 17, 11, 12, 27, 25, 14, 8, 2, 15, 5, 18, 1, 9, 23, 24, 16, 26, 19, 28, 29, 30], [10, 13, 3, 20, 21, 6, 7, 4, 22, 17, 11, 12, 27, 25, 14, 8, 2, 15, 19, 18, 1, 9, 23, 24, 16, 26, 5, 28, 29, 30], [10, 13, 3, 20, 21, 6, 7, 4, 22, 17, 11, 12, 5, 25, 14, 8, 2, 15, 19, 18, 1, 9, 23, 24, 16, 26, 27, 28, 29, 30], [10, 5, 3, 20, 21, 6, 7, 4, 22, 17, 11, 12, 13, 25, 14, 8, 2, 15, 19, 18, 1, 9, 23, 24, 16, 26, 27, 28, 29, 30], [10, 5, 3, 20, 21, 6, 7, 8, 22, 17, 11, 12, 13, 25, 14, 4, 2, 15, 19, 18, 1, 9, 23, 24, 16, 26, 27, 28, 29, 30], [10, 5, 3, 20, 21, 6, 7, 8, 22, 17, 11, 12, 13, 25, 14, 16, 2, 15, 19, 18, 1, 9, 23, 24, 4, 26, 27, 28, 29, 30], [10, 5, 3, 20, 21, 6, 7, 8, 22, 17, 11, 12, 13, 25, 14, 16, 2, 18, 19, 15, 1, 9, 23, 24, 4, 26, 27, 28, 29, 30], [10, 5, 3, 20, 21, 6, 7, 8, 22, 17, 11, 12, 13, 25, 15, 16, 2, 18, 19, 14, 1, 9, 23, 24, 4, 26, 27, 28, 29, 30], [10, 5, 3, 14, 21, 6, 7, 8, 22, 17, 11, 12, 13, 25, 15, 16, 2, 18, 19, 20, 1, 9, 23, 24, 4, 26, 27, 28, 29, 30], [10, 5, 3, 14, 21, 6, 7, 8, 22, 2, 11, 12, 13, 25, 15, 16, 17, 18, 19, 20, 1, 9, 23, 24, 4, 26, 27, 28, 29, 30], [10, 5, 3, 14, 21, 6, 7, 8, 22, 2, 11, 12, 13, 4, 15, 16, 17, 18, 19, 20, 1, 9, 23, 24, 25, 26, 27, 28, 29, 30], [10, 5, 3, 4, 21, 6, 7, 8, 22, 2, 11, 12, 13, 14, 15, 16, 17, 18, 19, 20, 1, 9, 23, 24, 25, 26, 27, 28, 29, 30], [10, 5, 3, 4, 1, 6, 7, 8, 22, 2, 11, 12, 13, 14, 15, 16, 17, 18, 19, 20, 21, 9, 23, 24, 25, 26, 27, 28, 29, 30], [10, 1, 3, 4, 5, 6, 7, 8, 22, 2, 11, 12, 13, 14, 15, 16, 17, 18, 19, 20, 21, 9, 23, 24, 25, 26, 27, 28, 29, 30], [10, 2, 3, 4, 5, 6, 7, 8, 22, 1, 11, 12, 13, 14, 15, 16, 17, 18, 19, 20, 21, 9, 23, 24, 25, 26, 27, 28, 29, 30], [1, 2, 3, 4, 5, 6, 7, 8, 22, 10, 11, 12, 13, 14, 15, 16, 17, 18, 19, 20, 21, 9, 23, 24, 25, 26, 27, 28, 29, 30], [1, 2, 3, 4, 5, 6, 7, 8, 9, 10, 11, 12, 13, 14, 15, 16, 17, 18, 19, 20, 21, 22, 23, 24, 25, 26, 27, 28, 29, 30]], pos=[[21, 17, 11, 8, 19, 6, 23, 16, 22, 1, 27, 12, 2, 24, 18, 7, 10, 20, 26, 4, 5, 9, 28, 15, 14, 3, 13, 30, 25, 29], [21, 17, 11, 8, 19, 6, 23, 16, 22, 1, 27, 12, 2, 24, 18, 7, 10, 20, 26, 4, 5, 9, 28, 15, 14, 3, 13, 29, 25, 30], [21, 17, 11, 8, 19, 6, 23, 16, 22, 1, 27, 12, 2, 24, 18, 7, 10, 20, 26, 4, 5, 9, 29, 15, 14, 3, 13, 28, 25, 30], [21, 17, 11, 8, 19, 6, 29, 16, 22, 1, 27, 12, 2, 24, 18, 7, 10, 20, 26, 4, 5, 9, 23, 15, 14, 3, 13, 28, 25, 30], [21, 17, 11, 8, 19, 6, 25, 16, 22, 1, 27, 12, 2, 24, 18, 7, 10, 20, 26, 4, 5, 9, 23, 15, 14, 3, 13, 28, 29, 30], [21, 17, 11, 8, 19, 6, 7, 16, 22, 1, 27, 12, 2, 24, 18, 25, 10, 20, 26, 4, 5, 9, 23, 15, 14, 3, 13, 28, 29, 30], [21, 17, 27, 8, 19, 6, 7, 16, 22, 1, 11, 12, 2, 24, 18, 25, 10, 20, 26, 4, 5, 9, 23, 15, 14, 3, 13, 28, 29, 30], [21, 17, 3, 8, 19, 6, 7, 16, 22, 1, 11, 12, 2, 24, 18, 25, 10, 20, 26, 4, 5, 9, 23, 15, 14, 27, 13, 28, 29, 30], [21, 17, 3, 8, 19, 6, 7, 16, 22, 1, 11, 12, 2, 15, 18, 25, 10, 20, 26, 4, 5, 9, 23, 24, 14, 27, 13, 28, 29, 30], [21, 17, 3, 8, 19, 6, 7, 16, 22, 1, 11, 12, 2, 15, 18, 25, 10, 20, 27, 4, 5, 9, 23, 24, 14, 26, 13, 28, 29, 30], [21, 17, 3, 8, 27, 6, 7, 16, 22, 1, 11, 12, 2, 15, 18, 25, 10, 20, 19, 4, 5, 9, 23, 24, 14, 26, 13, 28, 29, 30], [21, 17, 3, 8, 13, 6, 7, 16, 22, 1, 11, 12, 2, 15, 18, 25, 10, 20, 19, 4, 5, 9, 23, 24, 14, 26, 27, 28, 29, 30], [21, 17, 3, 8, 2, 6, 7, 16, 22, 1, 11, 12, 13, 15, 18, 25, 10, 20, 19, 4, 5, 9, 23, 24, 14, 26, 27, 28, 29, 30], [21, 17, 3, 16, 2, 6, 7, 8, 22, 1, 11, 12, 13, 15, 18, 25, 10, 20, 19, 4, 5, 9, 23, 24, 14, 26, 27, 28, 29, 30], [21, 17, 3, 25, 2, 6, 7, 8, 22, 1, 11, 12, 13, 15, 18, 16, 10, 20, 19, 4, 5, 9, 23, 24, 14, 26, 27, 28, 29, 30], [21, 17, 3, 25, 2, 6, 7, 8, 22, 1, 11, 12, 13, 15, 20, 16, 10, 18, 19, 4, 5, 9, 23, 24, 14, 26, 27, 28, 29, 30], [21, 17, 3, 25, 2, 6, 7, 8, 22, 1, 11, 12, 13, 20, 15, 16, 10, 18, 19, 4, 5, 9, 23, 24, 14, 26, 27, 28, 29, 30], [21, 17, 3, 25, 2, 6, 7, 8, 22, 1, 11, 12, 13, 4, 15, 16, 10, 18, 19, 20, 5, 9, 23, 24, 14, 26, 27, 28, 29, 30], [21, 10, 3, 25, 2, 6, 7, 8, 22, 1, 11, 12, 13, 4, 15, 16, 17, 18, 19, 20, 5, 9, 23, 24, 14, 26, 27, 28, 29, 30], [21, 10, 3, 14, 2, 6, 7, 8, 22, 1, 11, 12, 13, 4, 15, 16, 17, 18, 19, 20, 5, 9, 23, 24, 25, 26, 27, 28, 29, 30], [21, 10, 3, 4, 2, 6, 7, 8, 22, 1, 11, 12, 13, 14, 15, 16, 17, 18, 19, 20, 5, 9, 23, 24, 25, 26, 27, 28, 29, 30], [5, 10, 3, 4, 2, 6, 7, 8, 22, 1, 11, 12, 13, 14, 15, 16, 17, 18, 19, 20, 21, 9, 23, 24, 25, 26, 27, 28, 29, 30], [2, 10, 3, 4, 5, 6, 7, 8, 22, 1, 11, 12, 13, 14, 15, 16, 17, 18, 19, 20, 21, 9, 23, 24, 25, 26, 27, 28, 29, 30], [10, 2, 3, 4, 5, 6, 7, 8, 22, 1, 11, 12, 13, 14, 15, 16, 17, 18, 19, 20, 21, 9, 23, 24, 25, 26, 27, 28, 29, 30], [1, 2, 3, 4, 5, 6, 7, 8, 22, 10, 11, 12, 13, 14, 15, 16, 17, 18, 19, 20, 21, 9, 23, 24, 25, 26, 27, 28, 29, 30], [1, 2, 3, 4, 5, 6, 7, 8, 9, 10, 11, 12, 13, 14, 15, 16, 17, 18, 19, 20, 21, 22, 23, 24, 25, 26, 27, 28, 29, 30]], idx1=[29, 28, 23, 25, 7, 11, 3, 15, 26, 19, 13, 2, 8, 16, 18, 15, 4, 10, 14, 4, 5, 2, 2, 1, 9], idx2=[30, 29, 29, 29, 25, 27, 27, 24, 27, 27, 27, 13, 16, 25, 20, 20, 20, 17, 25, 14, 21, 5, 10, 10, 22], _checker='')