============================================================
BENCHMARK ID: 42 | DIMENSIONE: 25 | STRATEGIA: linear
============================================================

Input Vector: [25, 3, 20, 2, 9, 7, 16, 5, 18, 13, 1, 22, 8, 11, 21, 19, 24, 14, 15, 4, 12, 10, 17, 6, 23]

STATO: RISOLTO
K: 23
TEMPO: 21.9030s
----------------------------------------
PIANO:
Solution(v=[[25, 3, 20, 2, 9, 7, 16, 5, 18, 13, 1, 22, 8, 11, 21, 19, 24, 14, 15, 4, 12, 10, 17, 6, 23], [25, 3, 20, 4, 9, 7, 16, 5, 18, 13, 1, 22, 8, 11, 21, 19, 24, 14, 15, 2, 12, 10, 17, 6, 23], [25, 3, 20, 4, 9, 7, 16, 5, 18, 8, 1, 22, 13, 11, 21, 19, 24, 14, 15, 2, 12, 10, 17, 6, 23], [25, 3, 20, 4, 9, 7, 16, 5, 18, 8, 1, 22, 13, 11, 21, 19, 17, 14, 15, 2, 12, 10, 24, 6, 23], [25, 3, 20, 4, 9, 7, 16, 5, 18, 8, 1, 22, 13, 11, 21, 19, 17, 14, 15, 2, 12, 10, 23, 6, 24], [24, 3, 20, 4, 9, 7, 16, 5, 18, 8, 1, 22, 13, 11, 21, 19, 17, 14, 15, 2, 12, 10, 23, 6, 25], [24, 2, 20, 4, 9, 7, 16, 5, 18, 8, 1, 22, 13, 11, 21, 19, 17, 14, 15, 3, 12, 10, 23, 6, 25], [24, 2, 20, 4, 18, 7, 16, 5, 9, 8, 1, 22, 13, 11, 21, 19, 17, 14, 15, 3, 12, 10, 23, 6, 25], [24, 2, 20, 4, 18, 7, 16, 5, 9, 8, 1, 10, 13, 11, 21, 19, 17, 14, 15, 3, 12, 22, 23, 6, 25], [24, 2, 20, 4, 18, 7, 16, 5, 9, 10, 1, 8, 13, 11, 21, 19, 17, 14, 15, 3, 12, 22, 23, 6, 25], [24, 2, 20, 4, 18, 7, 16, 5, 9, 10, 1, 8, 13, 14, 21, 19, 17, 11, 15, 3, 12, 22, 23, 6, 25], [24, 2, 20, 4, 18, 7, 16, 5, 9, 10, 11, 8, 13, 14, 21, 19, 17, 1, 15, 3, 12, 22, 23, 6, 25], [24, 2, 20, 4, 18, 7, 16, 5, 9, 10, 11, 8, 13, 14, 12, 19, 17, 1, 15, 3, 21, 22, 23, 6, 25], [24, 2, 20, 4, 18, 7, 16, 5, 9, 10, 11, 12, 13, 14, 8, 19, 17, 1, 15, 3, 21, 22, 23, 6, 25], [24, 2, 20, 4, 18, 7, 16, 5, 9, 10, 11, 12, 13, 14, 8, 15, 17, 1, 19, 3, 21, 22, 23, 6, 25], [24, 2, 20, 4, 18, 7, 15, 5, 9, 10, 11, 12, 13, 14, 8, 16, 17, 1, 19, 3, 21, 22, 23, 6, 25], [24, 2, 20, 4, 18, 15, 7, 5, 9, 10, 11, 12, 13, 14, 8, 16, 17, 1, 19, 3, 21, 22, 23, 6, 25], [24, 2, 20, 4, 18, 6, 7, 5, 9, 10, 11, 12, 13, 14, 8, 16, 17, 1, 19, 3, 21, 22, 23, 15, 25], [24, 2, 20, 4, 18, 6, 7, 8, 9, 10, 11, 12, 13, 14, 5, 16, 17, 1, 19, 3, 21, 22, 23, 15, 25], [24, 2, 20, 4, 18, 6, 7, 8, 9, 10, 11, 12, 13, 14, 15, 16, 17, 1, 19, 3, 21, 22, 23, 5, 25], [24, 2, 20, 4, 5, 6, 7, 8, 9, 10, 11, 12, 13, 14, 15, 16, 17, 1, 19, 3, 21, 22, 23, 18, 25], [18, 2, 20, 4, 5, 6, 7, 8, 9, 10, 11, 12, 13, 14, 15, 16, 17, 1, 19, 3, 21, 22, 23, 24, 25], [1, 2, 20, 4, 5, 6, 7, 8, 9, 10, 11, 12, 13, 14, 15, 16, 17, 18, 19, 3, 21, 22, 23, 24, 25], [1, 2, 3, 4, 5, 6, 7, 8, 9, 10, 11, 12, 13, 14, 15, 16, 17, 18, 19, 20, 21, 22, 23, 24, 25]], pos=[[11, 4, 2, 20, 8, 24, 6, 13, 5, 22, 14, 21, 10, 18, 19, 7, 23, 9, 16, 3, 15, 12, 25, 17, 1], [11, 20, 2, 4, 8, 24, 6, 13, 5, 22, 14, 21, 10, 18, 19, 7, 23, 9, 16, 3, 15, 12, 25, 17, 1], [11, 20, 2, 4, 8, 24, 6, 10, 5, 22, 14, 21, 13, 18, 19, 7, 23, 9, 16, 3, 15, 12, 25, 17, 1], [11, 20, 2, 4, 8, 24, 6, 10, 5, 22, 14, 21, 13, 18, 19, 7, 17, 9, 16, 3, 15, 12, 25, 23, 1], [11, 20, 2, 4, 8, 24, 6, 10, 5, 22, 14, 21, 13, 18, 19, 7, 17, 9, 16, 3, 15, 12, 23, 25, 1], [11, 20, 2, 4, 8, 24, 6, 10, 5, 22, 14, 21, 13, 18, 19, 7, 17, 9, 16, 3, 15, 12, 23, 1, 25], [11, 2, 20, 4, 8, 24, 6, 10, 5, 22, 14, 21, 13, 18, 19, 7, 17, 9, 16, 3, 15, 12, 23, 1, 25], [11, 2, 20, 4, 8, 24, 6, 10, 9, 22, 14, 21, 13, 18, 19, 7, 17, 5, 16, 3, 15, 12, 23, 1, 25], [11, 2, 20, 4, 8, 24, 6, 10, 9, 12, 14, 21, 13, 18, 19, 7, 17, 5, 16, 3, 15, 22, 23, 1, 25], [11, 2, 20, 4, 8, 24, 6, 12, 9, 10, 14, 21, 13, 18, 19, 7, 17, 5, 16, 3, 15, 22, 23, 1, 25], [11, 2, 20, 4, 8, 24, 6, 12, 9, 10, 18, 21, 13, 14, 19, 7, 17, 5, 16, 3, 15, 22, 23, 1, 25], [18, 2, 20, 4, 8, 24, 6, 12, 9, 10, 11, 21, 13, 14, 19, 7, 17, 5, 16, 3, 15, 22, 23, 1, 25], [18, 2, 20, 4, 8, 24, 6, 12, 9, 10, 11, 15, 13, 14, 19, 7, 17, 5, 16, 3, 21, 22, 23, 1, 25], [18, 2, 20, 4, 8, 24, 6, 15, 9, 10, 11, 12, 13, 14, 19, 7, 17, 5, 16, 3, 21, 22, 23, 1, 25], [18, 2, 20, 4, 8, 24, 6, 15, 9, 10, 11, 12, 13, 14, 16, 7, 17, 5, 19, 3, 21, 22, 23, 1, 25], [18, 2, 20, 4, 8, 24, 6, 15, 9, 10, 11, 12, 13, 14, 7, 16, 17, 5, 19, 3, 21, 22, 23, 1, 25], [18, 2, 20, 4, 8, 24, 7, 15, 9, 10, 11, 12, 13, 14, 6, 16, 17, 5, 19, 3, 21, 22, 23, 1, 25], [18, 2, 20, 4, 8, 6, 7, 15, 9, 10, 11, 12, 13, 14, 24, 16, 17, 5, 19, 3, 21, 22, 23, 1, 25], [18, 2, 20, 4, 15, 6, 7, 8, 9, 10, 11, 12, 13, 14, 24, 16, 17, 5, 19, 3, 21, 22, 23, 1, 25], [18, 2, 20, 4, 24, 6, 7, 8, 9, 10, 11, 12, 13, 14, 15, 16, 17, 5, 19, 3, 21, 22, 23, 1, 25], [18, 2, 20, 4, 5, 6, 7, 8, 9, 10, 11, 12, 13, 14, 15, 16, 17, 24, 19, 3, 21, 22, 23, 1, 25], [18, 2, 20, 4, 5, 6, 7, 8, 9, 10, 11, 12, 13, 14, 15, 16, 17, 1, 19, 3, 21, 22, 23, 24, 25], [1, 2, 20, 4, 5, 6, 7, 8, 9, 10, 11, 12, 13, 14, 15, 16, 17, 18, 19, 3, 21, 22, 23, 24, 25], [1, 2, 3, 4, 5, 6, 7, 8, 9, 10, 11, 12, 13, 14, 15, 16, 17, 18, 19, 20, 21, 22, 23, 24, 25]], idx1=[4, 10, 17, 23, 1, 2, 5, 12, 10, 14, 11, 15, 12, 16, 7, 6, 6, 8, 15, 5, 1, 1, 3], idx2=[20, 13, 23, 25, 25, 20, 9, 22, 12, 18, 18, 21, 15, 19, 16, 7, 24, 15, 24, 24, 24, 18, 20], _checker='')