============================================================
BENCHMARK ID: 13 | DIMENSIONE: 10 | STRATEGIA: linear
============================================================

Input Vector: [10, 7, 3, 2, 9, 4, 8, 5, 1, 6]

STATO: RISOLTO
K: 8
TEMPO: 0.2660s
----------------------------------------
PIANO:
Solution(v=[[10, 7, 3, 2, 9, 4, 8, 5, 1, 6], [10, 8, 3, 2, 9, 4, 7, 5, 1, 6], [10, 8, 3, 4, 9, 2, 7, 5, 1, 6], [10, 8, 3, 4, 9, 6, 7, 5, 1, 2], [2, 8, 3, 4, 9, 6, 7, 5, 1, 10], [1, 8, 3, 4, 9, 6, 7, 5, 2, 10], [1, 5, 3, 4, 9, 6, 7, 8, 2, 10], [1, 2, 3, 4, 9, 6, 7, 8, 5, 10], [1, 2, 3, 4, 5, 6, 7, 8, 9, 10]], pos=[[9, 4, 3, 6, 8, 10, 2, 7, 5, 1], [9, 4, 3, 6, 8, 10, 7, 2, 5, 1], [9, 6, 3, 4, 8, 10, 7, 2, 5, 1], [9, 10, 3, 4, 8, 6, 7, 2, 5, 1], [9, 1, 3, 4, 8, 6, 7, 2, 5, 10], [1, 9, 3, 4, 8, 6, 7, 2, 5, 10], [1, 9, 3, 4, 2, 6, 7, 8, 5, 10], [1, 2, 3, 4, 9, 6, 7, 8, 5, 10], [1, 2, 3, 4, 5, 6, 7, 8, 9, 10]], idx1=[2, 4, 6, 1, 1, 2, 2, 5], idx2=[7, 6, 10, 10, 9, 8, 9, 9], _checker='')