============================================================
BENCHMARK ID: 39 | DIMENSIONE: 20 | STRATEGIA: linear
============================================================

Input Vector: [12, 17, 2, 9, 16, 13, 14, 11, 8, 18, 15, 4, 1, 5, 7, 3, 6, 10, 20, 19]

STATO: RISOLTO
K: 17
TEMPO: 5.3220s
----------------------------------------
PIANO:
Solution(v=[[12, 17, 2, 9, 16, 13, 14, 11, 8, 18, 15, 4, 1, 5, 7, 3, 6, 10, 20, 19], [1, 17, 2, 9, 16, 13, 14, 11, 8, 18, 15, 4, 12, 5, 7, 3, 6, 10, 20, 19], [1, 17, 2, 9, 3, 13, 14, 11, 8, 18, 15, 4, 12, 5, 7, 16, 6, 10, 20, 19], [1, 17, 3, 9, 2, 13, 14, 11, 8, 18, 15, 4, 12, 5, 7, 16, 6, 10, 20, 19], [1, 17, 3, 9, 2, 13, 14, 8, 11, 18, 15, 4, 12, 5, 7, 16, 6, 10, 20, 19], [1, 17, 3, 9, 2, 13, 14, 8, 11, 10, 15, 4, 12, 5, 7, 16, 6, 18, 20, 19], [1, 17, 3, 9, 2, 13, 14, 8, 11, 10, 15, 12, 4, 5, 7, 16, 6, 18, 20, 19], [1, 17, 3, 9, 2, 4, 14, 8, 11, 10, 15, 12, 13, 5, 7, 16, 6, 18, 20, 19], [1, 17, 3, 9, 2, 4, 14, 8, 15, 10, 11, 12, 13, 5, 7, 16, 6, 18, 20, 19], [1, 17, 3, 9, 2, 4, 14, 8, 7, 10, 11, 12, 13, 5, 15, 16, 6, 18, 20, 19], [1, 17, 3, 7, 2, 4, 14, 8, 9, 10, 11, 12, 13, 5, 15, 16, 6, 18, 20, 19], [1, 17, 3, 7, 2, 4, 5, 8, 9, 10, 11, 12, 13, 14, 15, 16, 6, 18, 20, 19], [1, 17, 3, 5, 2, 4, 7, 8, 9, 10, 11, 12, 13, 14, 15, 16, 6, 18, 20, 19], [1, 17, 3, 5, 2, 6, 7, 8, 9, 10, 11, 12, 13, 14, 15, 16, 4, 18, 20, 19], [1, 4, 3, 5, 2, 6, 7, 8, 9, 10, 11, 12, 13, 14, 15, 16, 17, 18, 20, 19], [1, 2, 3, 5, 4, 6, 7, 8, 9, 10, 11, 12, 13, 14, 15, 16, 17, 18, 20, 19], [1, 2, 3, 4, 5, 6, 7, 8, 9, 10, 11, 12, 13, 14, 15, 16, 17, 18, 20, 19], [1, 2, 3, 4, 5, 6, 7, 8, 9, 10, 11, 12, 13, 14, 15, 16, 17, 18, 19, 20]], pos=[[13, 3, 16, 12, 14, 17, 15, 9, 4, 18, 8, 1, 6, 7, 11, 5, 2, 10, 20, 19], [1, 3, 16, 12, 14, 17, 15, 9, 4, 18, 8, 13, 6, 7, 11, 5, 2, 10, 20, 19], [1, 3, 5, 12, 14, 17, 15, 9, 4, 18, 8, 13, 6, 7, 11, 16, 2, 10, 20, 19], [1, 5, 3, 12, 14, 17, 15, 9, 4, 18, 8, 13, 6, 7, 11, 16, 2, 10, 20, 19], [1, 5, 3, 12, 14, 17, 15, 8, 4, 18, 9, 13, 6, 7, 11, 16, 2, 10, 20, 19], [1, 5, 3, 12, 14, 17, 15, 8, 4, 10, 9, 13, 6, 7, 11, 16, 2, 18, 20, 19], [1, 5, 3, 13, 14, 17, 15, 8, 4, 10, 9, 12, 6, 7, 11, 16, 2, 18, 20, 19], [1, 5, 3, 6, 14, 17, 15, 8, 4, 10, 9, 12, 13, 7, 11, 16, 2, 18, 20, 19], [1, 5, 3, 6, 14, 17, 15, 8, 4, 10, 11, 12, 13, 7, 9, 16, 2, 18, 20, 19], [1, 5, 3, 6, 14, 17, 9, 8, 4, 10, 11, 12, 13, 7, 15, 16, 2, 18, 20, 19], [1, 5, 3, 6, 14, 17, 4, 8, 9, 10, 11, 12, 13, 7, 15, 16, 2, 18, 20, 19], [1, 5, 3, 6, 7, 17, 4, 8, 9, 10, 11, 12, 13, 14, 15, 16, 2, 18, 20, 19], [1, 5, 3, 6, 4, 17, 7, 8, 9, 10, 11, 12, 13, 14, 15, 16, 2, 18, 20, 19], [1, 5, 3, 17, 4, 6, 7, 8, 9, 10, 11, 12, 13, 14, 15, 16, 2, 18, 20, 19], [1, 5, 3, 2, 4, 6, 7, 8, 9, 10, 11, 12, 13, 14, 15, 16, 17, 18, 20, 19], [1, 2, 3, 5, 4, 6, 7, 8, 9, 10, 11, 12, 13, 14, 15, 16, 17, 18, 20, 19], [1, 2, 3, 4, 5, 6, 7, 8, 9, 10, 11, 12, 13, 14, 15, 16, 17, 18, 20, 19], [1, 2, 3, 4, 5, 6, 7, 8, 9, 10, 11, 12, 13, 14, 15, 16, 17, 18, 19, 20]], idx1=[1, 5, 3, 8, 10, 12, 6, 9, 9, 4, 7, 4, 6, 2, 2, 4, 19], idx2=[13, 16, 5, 9, 18, 13, 13, 11, 15, 9, 14, 7, 17, 17, 5, 5, 20], _checker='')