============================================================
BENCHMARK ID: 23 | DIMENSIONE: 15 | STRATEGIA: linear
============================================================

Input Vector: [4, 15, 10, 6, 14, 11, 12, 13, 8, 2, 1, 7, 5, 3, 9]

STATO: RISOLTO
K: 12
TEMPO: 0.6010s
----------------------------------------
PIANO:
Solution(v=[[4, 15, 10, 6, 14, 11, 12, 13, 8, 2, 1, 7, 5, 3, 9], [6, 15, 10, 4, 14, 11, 12, 13, 8, 2, 1, 7, 5, 3, 9], [6, 9, 10, 4, 14, 11, 12, 13, 8, 2, 1, 7, 5, 3, 15], [6, 9, 10, 4, 14, 11, 7, 13, 8, 2, 1, 12, 5, 3, 15], [6, 9, 10, 4, 14, 11, 7, 5, 8, 2, 1, 12, 13, 3, 15], [6, 9, 10, 4, 5, 11, 7, 14, 8, 2, 1, 12, 13, 3, 15], [6, 9, 10, 4, 5, 11, 7, 3, 8, 2, 1, 12, 13, 14, 15], [6, 9, 10, 4, 5, 11, 7, 8, 3, 2, 1, 12, 13, 14, 15], [6, 3, 10, 4, 5, 11, 7, 8, 9, 2, 1, 12, 13, 14, 15], [6, 3, 2, 4, 5, 11, 7, 8, 9, 10, 1, 12, 13, 14, 15], [6, 3, 2, 4, 5, 1, 7, 8, 9, 10, 11, 12, 13, 14, 15], [1, 3, 2, 4, 5, 6, 7, 8, 9, 10, 11, 12, 13, 14, 15], [1, 2, 3, 4, 5, 6, 7, 8, 9, 10, 11, 12, 13, 14, 15]], pos=[[11, 10, 14, 1, 13, 4, 12, 9, 15, 3, 6, 7, 8, 5, 2], [11, 10, 14, 4, 13, 1, 12, 9, 15, 3, 6, 7, 8, 5, 2], [11, 10, 14, 4, 13, 1, 12, 9, 2, 3, 6, 7, 8, 5, 15], [11, 10, 14, 4, 13, 1, 7, 9, 2, 3, 6, 12, 8, 5, 15], [11, 10, 14, 4, 8, 1, 7, 9, 2, 3, 6, 12, 13, 5, 15], [11, 10, 14, 4, 5, 1, 7, 9, 2, 3, 6, 12, 13, 8, 15], [11, 10, 8, 4, 5, 1, 7, 9, 2, 3, 6, 12, 13, 14, 15], [11, 10, 9, 4, 5, 1, 7, 8, 2, 3, 6, 12, 13, 14, 15], [11, 10, 2, 4, 5, 1, 7, 8, 9, 3, 6, 12, 13, 14, 15], [11, 3, 2, 4, 5, 1, 7, 8, 9, 10, 6, 12, 13, 14, 15], [6, 3, 2, 4, 5, 1, 7, 8, 9, 10, 11, 12, 13, 14, 15], [1, 3, 2, 4, 5, 6, 7, 8, 9, 10, 11, 12, 13, 14, 15], [1, 2, 3, 4, 5, 6, 7, 8, 9, 10, 11, 12, 13, 14, 15]], idx1=[1, 2, 7, 8, 5, 8, 8, 2, 3, 6, 1, 2], idx2=[4, 15, 12, 13, 8, 14, 9, 9, 10, 11, 6, 3], _checker='')