============================================================
BENCHMARK ID: 51 | DIMENSIONE: 30 | STRATEGIA: linear
============================================================

Input Vector: [18, 23, 6, 4, 30, 14, 21, 29, 20, 7, 2, 5, 1, 28, 11, 15, 8, 27, 16, 25, 10, 19, 26, 24, 3, 12, 13, 9, 17, 22]

STATO: RISOLTO
K: 23
TEMPO: 46.7940s
----------------------------------------
PIANO:
Solution(v=[[18, 23, 6, 4, 30, 14, 21, 29, 20, 7, 2, 5, 1, 28, 11, 15, 8, 27, 16, 25, 10, 19, 26, 24, 3, 12, 13, 9, 17, 22], [1, 23, 6, 4, 30, 14, 21, 29, 20, 7, 2, 5, 18, 28, 11, 15, 8, 27, 16, 25, 10, 19, 26, 24, 3, 12, 13, 9, 17, 22], [1, 23, 6, 4, 30, 14, 21, 29, 20, 7, 2, 5, 18, 28, 11, 15, 8, 27, 19, 25, 10, 16, 26, 24, 3, 12, 13, 9, 17, 22], [1, 23, 6, 4, 30, 14, 21, 29, 20, 7, 2, 5, 18, 28, 11, 15, 8, 27, 19, 25, 10, 16, 12, 24, 3, 26, 13, 9, 17, 22], [1, 12, 6, 4, 30, 14, 21, 29, 20, 7, 2, 5, 18, 28, 11, 15, 8, 27, 19, 25, 10, 16, 23, 24, 3, 26, 13, 9, 17, 22], [1, 12, 6, 4, 30, 14, 21, 29, 20, 10, 2, 5, 18, 28, 11, 15, 8, 27, 19, 25, 7, 16, 23, 24, 3, 26, 13, 9, 17, 22], [1, 12, 6, 4, 30, 14, 7, 29, 20, 10, 2, 5, 18, 28, 11, 15, 8, 27, 19, 25, 21, 16, 23, 24, 3, 26, 13, 9, 17, 22], [1, 12, 6, 4, 30, 14, 7, 29, 20, 10, 2, 5, 18, 28, 11, 15, 8, 27, 19, 3, 21, 16, 23, 24, 25, 26, 13, 9, 17, 22], [1, 12, 6, 4, 30, 14, 7, 29, 3, 10, 2, 5, 18, 28, 11, 15, 8, 27, 19, 20, 21, 16, 23, 24, 25, 26, 13, 9, 17, 22], [1, 12, 6, 4, 30, 14, 7, 29, 3, 10, 2, 5, 18, 28, 15, 11, 8, 27, 19, 20, 21, 16, 23, 24, 25, 26, 13, 9, 17, 22], [1, 12, 6, 4, 30, 14, 7, 29, 3, 10, 2, 5, 18, 28, 15, 11, 8, 13, 19, 20, 21, 16, 23, 24, 25, 26, 27, 9, 17, 22], [1, 12, 6, 4, 30, 14, 7, 29, 3, 10, 2, 5, 13, 28, 15, 11, 8, 18, 19, 20, 21, 16, 23, 24, 25, 26, 27, 9, 17, 22], [1, 12, 6, 4, 30, 14, 7, 29, 3, 10, 2, 5, 13, 28, 15, 11, 17, 18, 19, 20, 21, 16, 23, 24, 25, 26, 27, 9, 8, 22], [1, 12, 6, 4, 30, 14, 7, 8, 3, 10, 2, 5, 13, 28, 15, 11, 17, 18, 19, 20, 21, 16, 23, 24, 25, 26, 27, 9, 29, 22], [1, 12, 6, 4, 30, 14, 7, 8, 3, 10, 11, 5, 13, 28, 15, 2, 17, 18, 19, 20, 21, 16, 23, 24, 25, 26, 27, 9, 29, 22], [1, 2, 6, 4, 30, 14, 7, 8, 3, 10, 11, 5, 13, 28, 15, 12, 17, 18, 19, 20, 21, 16, 23, 24, 25, 26, 27, 9, 29, 22], [1, 2, 3, 4, 30, 14, 7, 8, 6, 10, 11, 5, 13, 28, 15, 12, 17, 18, 19, 20, 21, 16, 23, 24, 25, 26, 27, 9, 29, 22], [1, 2, 3, 4, 5, 14, 7, 8, 6, 10, 11, 30, 13, 28, 15, 12, 17, 18, 19, 20, 21, 16, 23, 24, 25, 26, 27, 9, 29, 22], [1, 2, 3, 4, 5, 28, 7, 8, 6, 10, 11, 30, 13, 14, 15, 12, 17, 18, 19, 20, 21, 16, 23, 24, 25, 26, 27, 9, 29, 22], [1, 2, 3, 4, 5, 9, 7, 8, 6, 10, 11, 30, 13, 14, 15, 12, 17, 18, 19, 20, 21, 16, 23, 24, 25, 26, 27, 28, 29, 22], [1, 2, 3, 4, 5, 6, 7, 8, 9, 10, 11, 30, 13, 14, 15, 12, 17, 18, 19, 20, 21, 16, 23, 24, 25, 26, 27, 28, 29, 22], [1, 2, 3, 4, 5, 6, 7, 8, 9, 10, 11, 30, 13, 14, 15, 16, 17, 18, 19, 20, 21, 12, 23, 24, 25, 26, 27, 28, 29, 22], [1, 2, 3, 4, 5, 6, 7, 8, 9, 10, 11, 30, 13, 14, 15, 16, 17, 18, 19, 20, 21, 22, 23, 24, 25, 26, 27, 28, 29, 12], [1, 2, 3, 4, 5, 6, 7, 8, 9, 10, 11, 12, 13, 14, 15, 16, 17, 18, 19, 20, 21, 22, 23, 24, 25, 26, 27, 28, 29, 30]], pos=[[13, 11, 25, 4, 12, 3, 10, 17, 28, 21, 15, 26, 27, 6, 16, 19, 29, 1, 22, 9, 7, 30, 2, 24, 20, 23, 18, 14, 8, 5], [1, 11, 25, 4, 12, 3, 10, 17, 28, 21, 15, 26, 27, 6, 16, 19, 29, 13, 22, 9, 7, 30, 2, 24, 20, 23, 18, 14, 8, 5], [1, 11, 25, 4, 12, 3, 10, 17, 28, 21, 15, 26, 27, 6, 16, 22, 29, 13, 19, 9, 7, 30, 2, 24, 20, 23, 18, 14, 8, 5], [1, 11, 25, 4, 12, 3, 10, 17, 28, 21, 15, 23, 27, 6, 16, 22, 29, 13, 19, 9, 7, 30, 2, 24, 20, 26, 18, 14, 8, 5], [1, 11, 25, 4, 12, 3, 10, 17, 28, 21, 15, 2, 27, 6, 16, 22, 29, 13, 19, 9, 7, 30, 23, 24, 20, 26, 18, 14, 8, 5], [1, 11, 25, 4, 12, 3, 21, 17, 28, 10, 15, 2, 27, 6, 16, 22, 29, 13, 19, 9, 7, 30, 23, 24, 20, 26, 18, 14, 8, 5], [1, 11, 25, 4, 12, 3, 7, 17, 28, 10, 15, 2, 27, 6, 16, 22, 29, 13, 19, 9, 21, 30, 23, 24, 20, 26, 18, 14, 8, 5], [1, 11, 20, 4, 12, 3, 7, 17, 28, 10, 15, 2, 27, 6, 16, 22, 29, 13, 19, 9, 21, 30, 23, 24, 25, 26, 18, 14, 8, 5], [1, 11, 9, 4, 12, 3, 7, 17, 28, 10, 15, 2, 27, 6, 16, 22, 29, 13, 19, 20, 21, 30, 23, 24, 25, 26, 18, 14, 8, 5], [1, 11, 9, 4, 12, 3, 7, 17, 28, 10, 16, 2, 27, 6, 15, 22, 29, 13, 19, 20, 21, 30, 23, 24, 25, 26, 18, 14, 8, 5], [1, 11, 9, 4, 12, 3, 7, 17, 28, 10, 16, 2, 18, 6, 15, 22, 29, 13, 19, 20, 21, 30, 23, 24, 25, 26, 27, 14, 8, 5], [1, 11, 9, 4, 12, 3, 7, 17, 28, 10, 16, 2, 13, 6, 15, 22, 29, 18, 19, 20, 21, 30, 23, 24, 25, 26, 27, 14, 8, 5], [1, 11, 9, 4, 12, 3, 7, 29, 28, 10, 16, 2, 13, 6, 15, 22, 17, 18, 19, 20, 21, 30, 23, 24, 25, 26, 27, 14, 8, 5], [1, 11, 9, 4, 12, 3, 7, 8, 28, 10, 16, 2, 13, 6, 15, 22, 17, 18, 19, 20, 21, 30, 23, 24, 25, 26, 27, 14, 29, 5], [1, 16, 9, 4, 12, 3, 7, 8, 28, 10, 11, 2, 13, 6, 15, 22, 17, 18, 19, 20, 21, 30, 23, 24, 25, 26, 27, 14, 29, 5], [1, 2, 9, 4, 12, 3, 7, 8, 28, 10, 11, 16, 13, 6, 15, 22, 17, 18, 19, 20, 21, 30, 23, 24, 25, 26, 27, 14, 29, 5], [1, 2, 3, 4, 12, 9, 7, 8, 28, 10, 11, 16, 13, 6, 15, 22, 17, 18, 19, 20, 21, 30, 23, 24, 25, 26, 27, 14, 29, 5], [1, 2, 3, 4, 5, 9, 7, 8, 28, 10, 11, 16, 13, 6, 15, 22, 17, 18, 19, 20, 21, 30, 23, 24, 25, 26, 27, 14, 29, 12], [1, 2, 3, 4, 5, 9, 7, 8, 28, 10, 11, 16, 13, 14, 15, 22, 17, 18, 19, 20, 21, 30, 23, 24, 25, 26, 27, 6, 29, 12], [1, 2, 3, 4, 5, 9, 7, 8, 6, 10, 11, 16, 13, 14, 15, 22, 17, 18, 19, 20, 21, 30, 23, 24, 25, 26, 27, 28, 29, 12], [1, 2, 3, 4, 5, 6, 7, 8, 9, 10, 11, 16, 13, 14, 15, 22, 17, 18, 19, 20, 21, 30, 23, 24, 25, 26, 27, 28, 29, 12], [1, 2, 3, 4, 5, 6, 7, 8, 9, 10, 11, 22, 13, 14, 15, 16, 17, 18, 19, 20, 21, 30, 23, 24, 25, 26, 27, 28, 29, 12], [1, 2, 3, 4, 5, 6, 7, 8, 9, 10, 11, 30, 13, 14, 15, 16, 17, 18, 19, 20, 21, 22, 23, 24, 25, 26, 27, 28, 29, 12], [1, 2, 3, 4, 5, 6, 7, 8, 9, 10, 11, 12, 13, 14, 15, 16, 17, 18, 19, 20, 21, 22, 23, 24, 25, 26, 27, 28, 29, 30]], idx1=[1, 19, 23, 2, 10, 7, 20, 9, 15, 18, 13, 17, 8, 11, 2, 3, 5, 6, 6, 6, 16, 22, 12], idx2=[13, 22, 26, 23, 21, 21, 25, 20, 16, 27, 18, 29, 29, 16, 16, 9, 12, 14, 28, 9, 22, 30, 30], _checker='')