============================================================
BENCHMARK ID: 57 | DIMENSIONE: 30 | STRATEGIA: linear
============================================================

Input Vector: [25, 1, 4, 26, 12, 22, 27, 8, 29, 13, 17, 10, 6, 11, 2, 21, 30, 5, 15, 18, 9, 7, 20, 23, 28, 24, 14, 19, 16, 3]

STATO: RISOLTO
K: 26
TEMPO: 74.2880s
----------------------------------------
PIANO:
Solution(v=[[25, 1, 4, 26, 12, 22, 27, 8, 29, 13, 17, 10, 6, 11, 2, 21, 30, 5, 15, 18, 9, 7, 20, 23, 28, 24, 14, 19, 16, 3], [25, 1, 4, 26, 12, 22, 27, 8, 29, 13, 17, 10, 6, 11, 2, 21, 30, 5, 15, 18, 9, 7, 20, 24, 28, 23, 14, 19, 16, 3], [25, 1, 4, 26, 12, 22, 27, 8, 29, 13, 17, 10, 6, 11, 2, 21, 30, 5, 15, 18, 9, 7, 20, 24, 19, 23, 14, 28, 16, 3], [19, 1, 4, 26, 12, 22, 27, 8, 29, 13, 17, 10, 6, 11, 2, 21, 30, 5, 15, 18, 9, 7, 20, 24, 25, 23, 14, 28, 16, 3], [1, 19, 4, 26, 12, 22, 27, 8, 29, 13, 17, 10, 6, 11, 2, 21, 30, 5, 15, 18, 9, 7, 20, 24, 25, 23, 14, 28, 16, 3], [1, 19, 4, 26, 12, 6, 27, 8, 29, 13, 17, 10, 22, 11, 2, 21, 30, 5, 15, 18, 9, 7, 20, 24, 25, 23, 14, 28, 16, 3], [1, 19, 4, 26, 12, 6, 27, 8, 29, 13, 17, 10, 7, 11, 2, 21, 30, 5, 15, 18, 9, 22, 20, 24, 25, 23, 14, 28, 16, 3], [1, 19, 4, 26, 12, 6, 27, 8, 29, 13, 17, 10, 7, 11, 2, 9, 30, 5, 15, 18, 21, 22, 20, 24, 25, 23, 14, 28, 16, 3], [1, 19, 4, 26, 12, 6, 27, 8, 9, 13, 17, 10, 7, 11, 2, 29, 30, 5, 15, 18, 21, 22, 20, 24, 25, 23, 14, 28, 16, 3], [1, 19, 4, 26, 12, 6, 27, 8, 9, 13, 17, 10, 7, 11, 2, 29, 3, 5, 15, 18, 21, 22, 20, 24, 25, 23, 14, 28, 16, 30], [1, 19, 3, 26, 12, 6, 27, 8, 9, 13, 17, 10, 7, 11, 2, 29, 4, 5, 15, 18, 21, 22, 20, 24, 25, 23, 14, 28, 16, 30], [1, 19, 3, 26, 12, 6, 7, 8, 9, 13, 17, 10, 27, 11, 2, 29, 4, 5, 15, 18, 21, 22, 20, 24, 25, 23, 14, 28, 16, 30], [1, 19, 3, 26, 12, 6, 7, 8, 9, 13, 17, 10, 27, 11, 2, 16, 4, 5, 15, 18, 21, 22, 20, 24, 25, 23, 14, 28, 29, 30], [1, 19, 3, 26, 12, 6, 7, 8, 9, 13, 17, 10, 27, 11, 2, 16, 4, 5, 15, 18, 21, 22, 23, 24, 25, 20, 14, 28, 29, 30], [1, 19, 3, 26, 12, 6, 7, 8, 9, 13, 17, 10, 27, 11, 2, 16, 4, 5, 15, 20, 21, 22, 23, 24, 25, 18, 14, 28, 29, 30], [1, 19, 3, 18, 12, 6, 7, 8, 9, 13, 17, 10, 27, 11, 2, 16, 4, 5, 15, 20, 21, 22, 23, 24, 25, 26, 14, 28, 29, 30], [1, 19, 3, 18, 10, 6, 7, 8, 9, 13, 17, 12, 27, 11, 2, 16, 4, 5, 15, 20, 21, 22, 23, 24, 25, 26, 14, 28, 29, 30], [1, 19, 3, 18, 13, 6, 7, 8, 9, 10, 17, 12, 27, 11, 2, 16, 4, 5, 15, 20, 21, 22, 23, 24, 25, 26, 14, 28, 29, 30], [1, 19, 3, 18, 5, 6, 7, 8, 9, 10, 17, 12, 27, 11, 2, 16, 4, 13, 15, 20, 21, 22, 23, 24, 25, 26, 14, 28, 29, 30], [1, 19, 3, 18, 5, 6, 7, 8, 9, 10, 4, 12, 27, 11, 2, 16, 17, 13, 15, 20, 21, 22, 23, 24, 25, 26, 14, 28, 29, 30], [1, 19, 3, 18, 5, 6, 7, 8, 9, 10, 4, 12, 13, 11, 2, 16, 17, 27, 15, 20, 21, 22, 23, 24, 25, 26, 14, 28, 29, 30], [1, 19, 3, 18, 5, 6, 7, 8, 9, 10, 4, 12, 13, 11, 2, 16, 17, 14, 15, 20, 21, 22, 23, 24, 25, 26, 27, 28, 29, 30], [1, 19, 3, 18, 5, 6, 7, 8, 9, 10, 4, 12, 13, 14, 2, 16, 17, 11, 15, 20, 21, 22, 23, 24, 25, 26, 27, 28, 29, 30], [1, 19, 3, 18, 5, 6, 7, 8, 9, 10, 11, 12, 13, 14, 2, 16, 17, 4, 15, 20, 21, 22, 23, 24, 25, 26, 27, 28, 29, 30], [1, 19, 3, 4, 5, 6, 7, 8, 9, 10, 11, 12, 13, 14, 2, 16, 17, 18, 15, 20, 21, 22, 23, 24, 25, 26, 27, 28, 29, 30], [1, 19, 3, 4, 5, 6, 7, 8, 9, 10, 11, 12, 13, 14, 15, 16, 17, 18, 2, 20, 21, 22, 23, 24, 25, 26, 27, 28, 29, 30], [1, 2, 3, 4, 5, 6, 7, 8, 9, 10, 11, 12, 13, 14, 15, 16, 17, 18, 19, 20, 21, 22, 23, 24, 25, 26, 27, 28, 29, 30]], pos=[[2, 15, 30, 3, 18, 13, 22, 8, 21, 12, 14, 5, 10, 27, 19, 29, 11, 20, 28, 23, 16, 6, 24, 26, 1, 4, 7, 25, 9, 17], [2, 15, 30, 3, 18, 13, 22, 8, 21, 12, 14, 5, 10, 27, 19, 29, 11, 20, 28, 23, 16, 6, 26, 24, 1, 4, 7, 25, 9, 17], [2, 15, 30, 3, 18, 13, 22, 8, 21, 12, 14, 5, 10, 27, 19, 29, 11, 20, 25, 23, 16, 6, 26, 24, 1, 4, 7, 28, 9, 17], [2, 15, 30, 3, 18, 13, 22, 8, 21, 12, 14, 5, 10, 27, 19, 29, 11, 20, 1, 23, 16, 6, 26, 24, 25, 4, 7, 28, 9, 17], [1, 15, 30, 3, 18, 13, 22, 8, 21, 12, 14, 5, 10, 27, 19, 29, 11, 20, 2, 23, 16, 6, 26, 24, 25, 4, 7, 28, 9, 17], [1, 15, 30, 3, 18, 6, 22, 8, 21, 12, 14, 5, 10, 27, 19, 29, 11, 20, 2, 23, 16, 13, 26, 24, 25, 4, 7, 28, 9, 17], [1, 15, 30, 3, 18, 6, 13, 8, 21, 12, 14, 5, 10, 27, 19, 29, 11, 20, 2, 23, 16, 22, 26, 24, 25, 4, 7, 28, 9, 17], [1, 15, 30, 3, 18, 6, 13, 8, 16, 12, 14, 5, 10, 27, 19, 29, 11, 20, 2, 23, 21, 22, 26, 24, 25, 4, 7, 28, 9, 17], [1, 15, 30, 3, 18, 6, 13, 8, 9, 12, 14, 5, 10, 27, 19, 29, 11, 20, 2, 23, 21, 22, 26, 24, 25, 4, 7, 28, 16, 17], [1, 15, 17, 3, 18, 6, 13, 8, 9, 12, 14, 5, 10, 27, 19, 29, 11, 20, 2, 23, 21, 22, 26, 24, 25, 4, 7, 28, 16, 30], [1, 15, 3, 17, 18, 6, 13, 8, 9, 12, 14, 5, 10, 27, 19, 29, 11, 20, 2, 23, 21, 22, 26, 24, 25, 4, 7, 28, 16, 30], [1, 15, 3, 17, 18, 6, 7, 8, 9, 12, 14, 5, 10, 27, 19, 29, 11, 20, 2, 23, 21, 22, 26, 24, 25, 4, 13, 28, 16, 30], [1, 15, 3, 17, 18, 6, 7, 8, 9, 12, 14, 5, 10, 27, 19, 16, 11, 20, 2, 23, 21, 22, 26, 24, 25, 4, 13, 28, 29, 30], [1, 15, 3, 17, 18, 6, 7, 8, 9, 12, 14, 5, 10, 27, 19, 16, 11, 20, 2, 26, 21, 22, 23, 24, 25, 4, 13, 28, 29, 30], [1, 15, 3, 17, 18, 6, 7, 8, 9, 12, 14, 5, 10, 27, 19, 16, 11, 26, 2, 20, 21, 22, 23, 24, 25, 4, 13, 28, 29, 30], [1, 15, 3, 17, 18, 6, 7, 8, 9, 12, 14, 5, 10, 27, 19, 16, 11, 4, 2, 20, 21, 22, 23, 24, 25, 26, 13, 28, 29, 30], [1, 15, 3, 17, 18, 6, 7, 8, 9, 5, 14, 12, 10, 27, 19, 16, 11, 4, 2, 20, 21, 22, 23, 24, 25, 26, 13, 28, 29, 30], [1, 15, 3, 17, 18, 6, 7, 8, 9, 10, 14, 12, 5, 27, 19, 16, 11, 4, 2, 20, 21, 22, 23, 24, 25, 26, 13, 28, 29, 30], [1, 15, 3, 17, 5, 6, 7, 8, 9, 10, 14, 12, 18, 27, 19, 16, 11, 4, 2, 20, 21, 22, 23, 24, 25, 26, 13, 28, 29, 30], [1, 15, 3, 11, 5, 6, 7, 8, 9, 10, 14, 12, 18, 27, 19, 16, 17, 4, 2, 20, 21, 22, 23, 24, 25, 26, 13, 28, 29, 30], [1, 15, 3, 11, 5, 6, 7, 8, 9, 10, 14, 12, 13, 27, 19, 16, 17, 4, 2, 20, 21, 22, 23, 24, 25, 26, 18, 28, 29, 30], [1, 15, 3, 11, 5, 6, 7, 8, 9, 10, 14, 12, 13, 18, 19, 16, 17, 4, 2, 20, 21, 22, 23, 24, 25, 26, 27, 28, 29, 30], [1, 15, 3, 11, 5, 6, 7, 8, 9, 10, 18, 12, 13, 14, 19, 16, 17, 4, 2, 20, 21, 22, 23, 24, 25, 26, 27, 28, 29, 30], [1, 15, 3, 18, 5, 6, 7, 8, 9, 10, 11, 12, 13, 14, 19, 16, 17, 4, 2, 20, 21, 22, 23, 24, 25, 26, 27, 28, 29, 30], [1, 15, 3, 4, 5, 6, 7, 8, 9, 10, 11, 12, 13, 14, 19, 16, 17, 18, 2, 20, 21, 22, 23, 24, 25, 26, 27, 28, 29, 30], [1, 19, 3, 4, 5, 6, 7, 8, 9, 10, 11, 12, 13, 14, 15, 16, 17, 18, 2, 20, 21, 22, 23, 24, 25, 26, 27, 28, 29, 30], [1, 2, 3, 4, 5, 6, 7, 8, 9, 10, 11, 12, 13, 14, 15, 16, 17, 18, 19, 20, 21, 22, 23, 24, 25, 26, 27, 28, 29, 30]], idx1=[24, 25, 1, 1, 6, 13, 16, 9, 17, 3, 7, 16, 23, 20, 4, 5, 5, 5, 11, 13, 18, 14, 11, 4, 15, 2], idx2=[26, 28, 25, 2, 13, 22, 21, 16, 30, 17, 13, 29, 26, 26, 26, 12, 10, 18, 17, 18, 27, 18, 18, 18, 19, 19], _checker='')