============================================================
BENCHMARK ID: 43 | DIMENSIONE: 25 | STRATEGIA: linear
============================================================

Input Vector: [18, 8, 4, 17, 9, 10, 12, 22, 16, 3, 6, 15, 7, 21, 19, 24, 25, 20, 1, 5, 13, 23, 11, 2, 14]

STATO: RISOLTO
K: 24
TEMPO: 11.7840s
----------------------------------------
PIANO:
Solution(v=[[18, 8, 4, 17, 9, 10, 12, 22, 16, 3, 6, 15, 7, 21, 19, 24, 25, 20, 1, 5, 13, 23, 11, 2, 14], [18, 8, 4, 17, 9, 10, 15, 22, 16, 3, 6, 12, 7, 21, 19, 24, 25, 20, 1, 5, 13, 23, 11, 2, 14], [18, 8, 4, 17, 9, 10, 15, 22, 16, 3, 6, 12, 7, 21, 1, 24, 25, 20, 19, 5, 13, 23, 11, 2, 14], [18, 8, 4, 17, 9, 10, 15, 22, 16, 3, 6, 12, 7, 21, 1, 24, 14, 20, 19, 5, 13, 23, 11, 2, 25], [18, 8, 4, 17, 9, 10, 15, 22, 16, 3, 6, 12, 7, 14, 1, 24, 21, 20, 19, 5, 13, 23, 11, 2, 25], [18, 8, 4, 21, 9, 10, 15, 22, 16, 3, 6, 12, 7, 14, 1, 24, 17, 20, 19, 5, 13, 23, 11, 2, 25], [18, 8, 4, 13, 9, 10, 15, 22, 16, 3, 6, 12, 7, 14, 1, 24, 17, 20, 19, 5, 21, 23, 11, 2, 25], [18, 8, 4, 13, 9, 10, 1, 22, 16, 3, 6, 12, 7, 14, 15, 24, 17, 20, 19, 5, 21, 23, 11, 2, 25], [18, 8, 4, 13, 9, 10, 1, 22, 24, 3, 6, 12, 7, 14, 15, 16, 17, 20, 19, 5, 21, 23, 11, 2, 25], [18, 8, 4, 13, 9, 10, 1, 22, 24, 3, 11, 12, 7, 14, 15, 16, 17, 20, 19, 5, 21, 23, 6, 2, 25], [18, 8, 4, 13, 9, 10, 1, 22, 24, 3, 11, 12, 7, 14, 15, 16, 17, 5, 19, 20, 21, 23, 6, 2, 25], [5, 8, 4, 13, 9, 10, 1, 22, 24, 3, 11, 12, 7, 14, 15, 16, 17, 18, 19, 20, 21, 23, 6, 2, 25], [5, 8, 4, 13, 9, 10, 7, 22, 24, 3, 11, 12, 1, 14, 15, 16, 17, 18, 19, 20, 21, 23, 6, 2, 25], [5, 8, 4, 13, 9, 10, 7, 23, 24, 3, 11, 12, 1, 14, 15, 16, 17, 18, 19, 20, 21, 22, 6, 2, 25], [5, 23, 4, 13, 9, 10, 7, 8, 24, 3, 11, 12, 1, 14, 15, 16, 17, 18, 19, 20, 21, 22, 6, 2, 25], [5, 23, 4, 1, 9, 10, 7, 8, 24, 3, 11, 12, 13, 14, 15, 16, 17, 18, 19, 20, 21, 22, 6, 2, 25], [5, 23, 4, 1, 9, 6, 7, 8, 24, 3, 11, 12, 13, 14, 15, 16, 17, 18, 19, 20, 21, 22, 10, 2, 25], [5, 23, 4, 1, 9, 6, 7, 8, 2, 3, 11, 12, 13, 14, 15, 16, 17, 18, 19, 20, 21, 22, 10, 24, 25], [5, 2, 4, 1, 9, 6, 7, 8, 23, 3, 11, 12, 13, 14, 15, 16, 17, 18, 19, 20, 21, 22, 10, 24, 25], [5, 2, 1, 4, 9, 6, 7, 8, 23, 3, 11, 12, 13, 14, 15, 16, 17, 18, 19, 20, 21, 22, 10, 24, 25], [5, 2, 1, 4, 23, 6, 7, 8, 9, 3, 11, 12, 13, 14, 15, 16, 17, 18, 19, 20, 21, 22, 10, 24, 25], [5, 2, 1, 4, 10, 6, 7, 8, 9, 3, 11, 12, 13, 14, 15, 16, 17, 18, 19, 20, 21, 22, 23, 24, 25], [10, 2, 1, 4, 5, 6, 7, 8, 9, 3, 11, 12, 13, 14, 15, 16, 17, 18, 19, 20, 21, 22, 23, 24, 25], [1, 2, 10, 4, 5, 6, 7, 8, 9, 3, 11, 12, 13, 14, 15, 16, 17, 18, 19, 20, 21, 22, 23, 24, 25], [1, 2, 3, 4, 5, 6, 7, 8, 9, 10, 11, 12, 13, 14, 15, 16, 17, 18, 19, 20, 21, 22, 23, 24, 25]], pos=[[19, 24, 10, 3, 20, 11, 13, 2, 5, 6, 23, 7, 21, 25, 12, 9, 4, 1, 15, 18, 14, 8, 22, 16, 17], [19, 24, 10, 3, 20, 11, 13, 2, 5, 6, 23, 12, 21, 25, 7, 9, 4, 1, 15, 18, 14, 8, 22, 16, 17], [15, 24, 10, 3, 20, 11, 13, 2, 5, 6, 23, 12, 21, 25, 7, 9, 4, 1, 19, 18, 14, 8, 22, 16, 17], [15, 24, 10, 3, 20, 11, 13, 2, 5, 6, 23, 12, 21, 17, 7, 9, 4, 1, 19, 18, 14, 8, 22, 16, 25], [15, 24, 10, 3, 20, 11, 13, 2, 5, 6, 23, 12, 21, 14, 7, 9, 4, 1, 19, 18, 17, 8, 22, 16, 25], [15, 24, 10, 3, 20, 11, 13, 2, 5, 6, 23, 12, 21, 14, 7, 9, 17, 1, 19, 18, 4, 8, 22, 16, 25], [15, 24, 10, 3, 20, 11, 13, 2, 5, 6, 23, 12, 4, 14, 7, 9, 17, 1, 19, 18, 21, 8, 22, 16, 25], [7, 24, 10, 3, 20, 11, 13, 2, 5, 6, 23, 12, 4, 14, 15, 9, 17, 1, 19, 18, 21, 8, 22, 16, 25], [7, 24, 10, 3, 20, 11, 13, 2, 5, 6, 23, 12, 4, 14, 15, 16, 17, 1, 19, 18, 21, 8, 22, 9, 25], [7, 24, 10, 3, 20, 23, 13, 2, 5, 6, 11, 12, 4, 14, 15, 16, 17, 1, 19, 18, 21, 8, 22, 9, 25], [7, 24, 10, 3, 18, 23, 13, 2, 5, 6, 11, 12, 4, 14, 15, 16, 17, 1, 19, 20, 21, 8, 22, 9, 25], [7, 24, 10, 3, 1, 23, 13, 2, 5, 6, 11, 12, 4, 14, 15, 16, 17, 18, 19, 20, 21, 8, 22, 9, 25], [13, 24, 10, 3, 1, 23, 7, 2, 5, 6, 11, 12, 4, 14, 15, 16, 17, 18, 19, 20, 21, 8, 22, 9, 25], [13, 24, 10, 3, 1, 23, 7, 2, 5, 6, 11, 12, 4, 14, 15, 16, 17, 18, 19, 20, 21, 22, 8, 9, 25], [13, 24, 10, 3, 1, 23, 7, 8, 5, 6, 11, 12, 4, 14, 15, 16, 17, 18, 19, 20, 21, 22, 2, 9, 25], [4, 24, 10, 3, 1, 23, 7, 8, 5, 6, 11, 12, 13, 14, 15, 16, 17, 18, 19, 20, 21, 22, 2, 9, 25], [4, 24, 10, 3, 1, 6, 7, 8, 5, 23, 11, 12, 13, 14, 15, 16, 17, 18, 19, 20, 21, 22, 2, 9, 25], [4, 9, 10, 3, 1, 6, 7, 8, 5, 23, 11, 12, 13, 14, 15, 16, 17, 18, 19, 20, 21, 22, 2, 24, 25], [4, 2, 10, 3, 1, 6, 7, 8, 5, 23, 11, 12, 13, 14, 15, 16, 17, 18, 19, 20, 21, 22, 9, 24, 25], [3, 2, 10, 4, 1, 6, 7, 8, 5, 23, 11, 12, 13, 14, 15, 16, 17, 18, 19, 20, 21, 22, 9, 24, 25], [3, 2, 10, 4, 1, 6, 7, 8, 9, 23, 11, 12, 13, 14, 15, 16, 17, 18, 19, 20, 21, 22, 5, 24, 25], [3, 2, 10, 4, 1, 6, 7, 8, 9, 5, 11, 12, 13, 14, 15, 16, 17, 18, 19, 20, 21, 22, 23, 24, 25], [3, 2, 10, 4, 5, 6, 7, 8, 9, 1, 11, 12, 13, 14, 15, 16, 17, 18, 19, 20, 21, 22, 23, 24, 25], [1, 2, 10, 4, 5, 6, 7, 8, 9, 3, 11, 12, 13, 14, 15, 16, 17, 18, 19, 20, 21, 22, 23, 24, 25], [1, 2, 3, 4, 5, 6, 7, 8, 9, 10, 11, 12, 13, 14, 15, 16, 17, 18, 19, 20, 21, 22, 23, 24, 25]], idx1=[7, 15, 17, 14, 4, 4, 7, 9, 11, 18, 1, 7, 8, 2, 4, 6, 9, 2, 3, 5, 5, 1, 1, 3], idx2=[12, 19, 25, 17, 17, 21, 15, 16, 23, 20, 18, 13, 22, 8, 13, 23, 24, 9, 4, 9, 23, 5, 3, 10], _checker='')