============================================================
BENCHMARK ID: 36 | DIMENSIONE: 20 | STRATEGIA: linear
============================================================

Input Vector: [13, 20, 1, 15, 5, 19, 6, 18, 3, 14, 16, 12, 10, 7, 4, 9, 2, 11, 8, 17]

STATO: RISOLTO
K: 15
TEMPO: 1.6190s
----------------------------------------
PIANO:
Solution(v=[[13, 20, 1, 15, 5, 19, 6, 18, 3, 14, 16, 12, 10, 7, 4, 9, 2, 11, 8, 17], [13, 20, 1, 15, 5, 19, 6, 18, 3, 14, 9, 12, 10, 7, 4, 16, 2, 11, 8, 17], [13, 20, 1, 15, 5, 19, 6, 18, 3, 14, 9, 12, 10, 7, 4, 16, 17, 11, 8, 2], [13, 2, 1, 15, 5, 19, 6, 18, 3, 14, 9, 12, 10, 7, 4, 16, 17, 11, 8, 20], [13, 2, 1, 15, 5, 19, 6, 18, 3, 14, 11, 12, 10, 7, 4, 16, 17, 9, 8, 20], [13, 2, 1, 15, 5, 19, 6, 9, 3, 14, 11, 12, 10, 7, 4, 16, 17, 18, 8, 20], [13, 2, 1, 15, 5, 19, 6, 9, 3, 10, 11, 12, 14, 7, 4, 16, 17, 18, 8, 20], [14, 2, 1, 15, 5, 19, 6, 9, 3, 10, 11, 12, 13, 7, 4, 16, 17, 18, 8, 20], [14, 2, 1, 4, 5, 19, 6, 9, 3, 10, 11, 12, 13, 7, 15, 16, 17, 18, 8, 20], [14, 2, 1, 4, 5, 8, 6, 9, 3, 10, 11, 12, 13, 7, 15, 16, 17, 18, 19, 20], [14, 2, 1, 4, 5, 9, 6, 8, 3, 10, 11, 12, 13, 7, 15, 16, 17, 18, 19, 20], [14, 2, 1, 4, 5, 6, 9, 8, 3, 10, 11, 12, 13, 7, 15, 16, 17, 18, 19, 20], [14, 2, 1, 4, 5, 6, 7, 8, 3, 10, 11, 12, 13, 9, 15, 16, 17, 18, 19, 20], [14, 2, 1, 4, 5, 6, 7, 8, 9, 10, 11, 12, 13, 3, 15, 16, 17, 18, 19, 20], [3, 2, 1, 4, 5, 6, 7, 8, 9, 10, 11, 12, 13, 14, 15, 16, 17, 18, 19, 20], [1, 2, 3, 4, 5, 6, 7, 8, 9, 10, 11, 12, 13, 14, 15, 16, 17, 18, 19, 20]], pos=[[3, 17, 9, 15, 5, 7, 14, 19, 16, 13, 18, 12, 1, 10, 4, 11, 20, 8, 6, 2], [3, 17, 9, 15, 5, 7, 14, 19, 11, 13, 18, 12, 1, 10, 4, 16, 20, 8, 6, 2], [3, 20, 9, 15, 5, 7, 14, 19, 11, 13, 18, 12, 1, 10, 4, 16, 17, 8, 6, 2], [3, 2, 9, 15, 5, 7, 14, 19, 11, 13, 18, 12, 1, 10, 4, 16, 17, 8, 6, 20], [3, 2, 9, 15, 5, 7, 14, 19, 18, 13, 11, 12, 1, 10, 4, 16, 17, 8, 6, 20], [3, 2, 9, 15, 5, 7, 14, 19, 8, 13, 11, 12, 1, 10, 4, 16, 17, 18, 6, 20], [3, 2, 9, 15, 5, 7, 14, 19, 8, 10, 11, 12, 1, 13, 4, 16, 17, 18, 6, 20], [3, 2, 9, 15, 5, 7, 14, 19, 8, 10, 11, 12, 13, 1, 4, 16, 17, 18, 6, 20], [3, 2, 9, 4, 5, 7, 14, 19, 8, 10, 11, 12, 13, 1, 15, 16, 17, 18, 6, 20], [3, 2, 9, 4, 5, 7, 14, 6, 8, 10, 11, 12, 13, 1, 15, 16, 17, 18, 19, 20], [3, 2, 9, 4, 5, 7, 14, 8, 6, 10, 11, 12, 13, 1, 15, 16, 17, 18, 19, 20], [3, 2, 9, 4, 5, 6, 14, 8, 7, 10, 11, 12, 13, 1, 15, 16, 17, 18, 19, 20], [3, 2, 9, 4, 5, 6, 7, 8, 14, 10, 11, 12, 13, 1, 15, 16, 17, 18, 19, 20], [3, 2, 14, 4, 5, 6, 7, 8, 9, 10, 11, 12, 13, 1, 15, 16, 17, 18, 19, 20], [3, 2, 1, 4, 5, 6, 7, 8, 9, 10, 11, 12, 13, 14, 15, 16, 17, 18, 19, 20], [1, 2, 3, 4, 5, 6, 7, 8, 9, 10, 11, 12, 13, 14, 15, 16, 17, 18, 19, 20]], idx1=[11, 17, 2, 11, 8, 10, 1, 4, 6, 6, 6, 7, 9, 1, 1], idx2=[16, 20, 20, 18, 18, 13, 13, 15, 19, 8, 7, 14, 14, 14, 3], _checker='')