============================================================
BENCHMARK ID: 53 | DIMENSIONE: 30 | STRATEGIA: linear
============================================================

Input Vector: [2, 17, 23, 5, 19, 29, 6, 14, 4, 15, 28, 9, 25, 27, 26, 10, 18, 13, 16, 30, 7, 24, 3, 1, 21, 12, 11, 22, 8, 20]

STATO: RISOLTO
K: 26
TEMPO: 77.8020s
----------------------------------------
PIANO:
Solution(v=[[2, 17, 23, 5, 19, 29, 6, 14, 4, 15, 28, 9, 25, 27, 26, 10, 18, 13, 16, 30, 7, 24, 3, 1, 21, 12, 11, 22, 8, 20], [2, 17, 23, 5, 19, 29, 6, 14, 4, 15, 28, 9, 25, 27, 26, 10, 13, 18, 16, 30, 7, 24, 3, 1, 21, 12, 11, 22, 8, 20], [2, 13, 23, 5, 19, 29, 6, 14, 4, 15, 28, 9, 25, 27, 26, 10, 17, 18, 16, 30, 7, 24, 3, 1, 21, 12, 11, 22, 8, 20], [2, 13, 23, 19, 5, 29, 6, 14, 4, 15, 28, 9, 25, 27, 26, 10, 17, 18, 16, 30, 7, 24, 3, 1, 21, 12, 11, 22, 8, 20], [2, 13, 23, 19, 5, 6, 29, 14, 4, 15, 28, 9, 25, 27, 26, 10, 17, 18, 16, 30, 7, 24, 3, 1, 21, 12, 11, 22, 8, 20], [2, 13, 23, 19, 5, 6, 29, 14, 4, 15, 11, 9, 25, 27, 26, 10, 17, 18, 16, 30, 7, 24, 3, 1, 21, 12, 28, 22, 8, 20], [2, 13, 23, 19, 5, 6, 29, 14, 4, 15, 11, 9, 25, 27, 26, 10, 17, 18, 16, 30, 21, 24, 3, 1, 7, 12, 28, 22, 8, 20], [2, 13, 23, 19, 5, 6, 29, 14, 4, 15, 11, 9, 25, 27, 26, 10, 17, 18, 16, 30, 21, 1, 3, 24, 7, 12, 28, 22, 8, 20], [1, 13, 23, 19, 5, 6, 29, 14, 4, 15, 11, 9, 25, 27, 26, 10, 17, 18, 16, 30, 21, 2, 3, 24, 7, 12, 28, 22, 8, 20], [1, 13, 23, 19, 5, 6, 8, 14, 4, 15, 11, 9, 25, 27, 26, 10, 17, 18, 16, 30, 21, 2, 3, 24, 7, 12, 28, 22, 29, 20], [1, 13, 23, 19, 5, 6, 14, 8, 4, 15, 11, 9, 25, 27, 26, 10, 17, 18, 16, 30, 21, 2, 3, 24, 7, 12, 28, 22, 29, 20], [1, 13, 23, 19, 5, 6, 27, 8, 4, 15, 11, 9, 25, 14, 26, 10, 17, 18, 16, 30, 21, 2, 3, 24, 7, 12, 28, 22, 29, 20], [1, 13, 23, 19, 5, 6, 27, 8, 4, 15, 11, 9, 7, 14, 26, 10, 17, 18, 16, 30, 21, 2, 3, 24, 25, 12, 28, 22, 29, 20], [1, 7, 23, 19, 5, 6, 27, 8, 4, 15, 11, 9, 13, 14, 26, 10, 17, 18, 16, 30, 21, 2, 3, 24, 25, 12, 28, 22, 29, 20], [1, 7, 3, 19, 5, 6, 27, 8, 4, 15, 11, 9, 13, 14, 26, 10, 17, 18, 16, 30, 21, 2, 23, 24, 25, 12, 28, 22, 29, 20], [1, 7, 3, 19, 5, 6, 28, 8, 4, 15, 11, 9, 13, 14, 26, 10, 17, 18, 16, 30, 21, 2, 23, 24, 25, 12, 27, 22, 29, 20], [1, 7, 3, 19, 5, 6, 28, 8, 4, 15, 11, 9, 13, 14, 26, 10, 17, 18, 16, 20, 21, 2, 23, 24, 25, 12, 27, 22, 29, 30], [1, 7, 3, 19, 5, 6, 28, 8, 4, 15, 11, 9, 13, 14, 26, 10, 17, 18, 16, 20, 21, 22, 23, 24, 25, 12, 27, 2, 29, 30], [1, 2, 3, 19, 5, 6, 28, 8, 4, 15, 11, 9, 13, 14, 26, 10, 17, 18, 16, 20, 21, 22, 23, 24, 25, 12, 27, 7, 29, 30], [1, 2, 3, 16, 5, 6, 28, 8, 4, 15, 11, 9, 13, 14, 26, 10, 17, 18, 19, 20, 21, 22, 23, 24, 25, 12, 27, 7, 29, 30], [1, 2, 3, 16, 5, 6, 7, 8, 4, 15, 11, 9, 13, 14, 26, 10, 17, 18, 19, 20, 21, 22, 23, 24, 25, 12, 27, 28, 29, 30], [1, 2, 3, 16, 5, 6, 7, 8, 4, 10, 11, 9, 13, 14, 26, 15, 17, 18, 19, 20, 21, 22, 23, 24, 25, 12, 27, 28, 29, 30], [1, 2, 3, 16, 5, 6, 7, 8, 4, 10, 11, 9, 13, 14, 15, 26, 17, 18, 19, 20, 21, 22, 23, 24, 25, 12, 27, 28, 29, 30], [1, 2, 3, 16, 5, 6, 7, 8, 4, 10, 11, 9, 13, 14, 15, 12, 17, 18, 19, 20, 21, 22, 23, 24, 25, 26, 27, 28, 29, 30], [1, 2, 3, 12, 5, 6, 7, 8, 4, 10, 11, 9, 13, 14, 15, 16, 17, 18, 19, 20, 21, 22, 23, 24, 25, 26, 27, 28, 29, 30], [1, 2, 3, 12, 5, 6, 7, 8, 9, 10, 11, 4, 13, 14, 15, 16, 17, 18, 19, 20, 21, 22, 23, 24, 25, 26, 27, 28, 29, 30], [1, 2, 3, 4, 5, 6, 7, 8, 9, 10, 11, 12, 13, 14, 15, 16, 17, 18, 19, 20, 21, 22, 23, 24, 25, 26, 27, 28, 29, 30]], pos=[[24, 1, 23, 9, 4, 7, 21, 29, 12, 16, 27, 26, 18, 8, 10, 19, 2, 17, 5, 30, 25, 28, 3, 22, 13, 15, 14, 11, 6, 20], [24, 1, 23, 9, 4, 7, 21, 29, 12, 16, 27, 26, 17, 8, 10, 19, 2, 18, 5, 30, 25, 28, 3, 22, 13, 15, 14, 11, 6, 20], [24, 1, 23, 9, 4, 7, 21, 29, 12, 16, 27, 26, 2, 8, 10, 19, 17, 18, 5, 30, 25, 28, 3, 22, 13, 15, 14, 11, 6, 20], [24, 1, 23, 9, 5, 7, 21, 29, 12, 16, 27, 26, 2, 8, 10, 19, 17, 18, 4, 30, 25, 28, 3, 22, 13, 15, 14, 11, 6, 20], [24, 1, 23, 9, 5, 6, 21, 29, 12, 16, 27, 26, 2, 8, 10, 19, 17, 18, 4, 30, 25, 28, 3, 22, 13, 15, 14, 11, 7, 20], [24, 1, 23, 9, 5, 6, 21, 29, 12, 16, 11, 26, 2, 8, 10, 19, 17, 18, 4, 30, 25, 28, 3, 22, 13, 15, 14, 27, 7, 20], [24, 1, 23, 9, 5, 6, 25, 29, 12, 16, 11, 26, 2, 8, 10, 19, 17, 18, 4, 30, 21, 28, 3, 22, 13, 15, 14, 27, 7, 20], [22, 1, 23, 9, 5, 6, 25, 29, 12, 16, 11, 26, 2, 8, 10, 19, 17, 18, 4, 30, 21, 28, 3, 24, 13, 15, 14, 27, 7, 20], [1, 22, 23, 9, 5, 6, 25, 29, 12, 16, 11, 26, 2, 8, 10, 19, 17, 18, 4, 30, 21, 28, 3, 24, 13, 15, 14, 27, 7, 20], [1, 22, 23, 9, 5, 6, 25, 7, 12, 16, 11, 26, 2, 8, 10, 19, 17, 18, 4, 30, 21, 28, 3, 24, 13, 15, 14, 27, 29, 20], [1, 22, 23, 9, 5, 6, 25, 8, 12, 16, 11, 26, 2, 7, 10, 19, 17, 18, 4, 30, 21, 28, 3, 24, 13, 15, 14, 27, 29, 20], [1, 22, 23, 9, 5, 6, 25, 8, 12, 16, 11, 26, 2, 14, 10, 19, 17, 18, 4, 30, 21, 28, 3, 24, 13, 15, 7, 27, 29, 20], [1, 22, 23, 9, 5, 6, 13, 8, 12, 16, 11, 26, 2, 14, 10, 19, 17, 18, 4, 30, 21, 28, 3, 24, 25, 15, 7, 27, 29, 20], [1, 22, 23, 9, 5, 6, 2, 8, 12, 16, 11, 26, 13, 14, 10, 19, 17, 18, 4, 30, 21, 28, 3, 24, 25, 15, 7, 27, 29, 20], [1, 22, 3, 9, 5, 6, 2, 8, 12, 16, 11, 26, 13, 14, 10, 19, 17, 18, 4, 30, 21, 28, 23, 24, 25, 15, 7, 27, 29, 20], [1, 22, 3, 9, 5, 6, 2, 8, 12, 16, 11, 26, 13, 14, 10, 19, 17, 18, 4, 30, 21, 28, 23, 24, 25, 15, 27, 7, 29, 20], [1, 22, 3, 9, 5, 6, 2, 8, 12, 16, 11, 26, 13, 14, 10, 19, 17, 18, 4, 20, 21, 28, 23, 24, 25, 15, 27, 7, 29, 30], [1, 28, 3, 9, 5, 6, 2, 8, 12, 16, 11, 26, 13, 14, 10, 19, 17, 18, 4, 20, 21, 22, 23, 24, 25, 15, 27, 7, 29, 30], [1, 2, 3, 9, 5, 6, 28, 8, 12, 16, 11, 26, 13, 14, 10, 19, 17, 18, 4, 20, 21, 22, 23, 24, 25, 15, 27, 7, 29, 30], [1, 2, 3, 9, 5, 6, 28, 8, 12, 16, 11, 26, 13, 14, 10, 4, 17, 18, 19, 20, 21, 22, 23, 24, 25, 15, 27, 7, 29, 30], [1, 2, 3, 9, 5, 6, 7, 8, 12, 16, 11, 26, 13, 14, 10, 4, 17, 18, 19, 20, 21, 22, 23, 24, 25, 15, 27, 28, 29, 30], [1, 2, 3, 9, 5, 6, 7, 8, 12, 10, 11, 26, 13, 14, 16, 4, 17, 18, 19, 20, 21, 22, 23, 24, 25, 15, 27, 28, 29, 30], [1, 2, 3, 9, 5, 6, 7, 8, 12, 10, 11, 26, 13, 14, 15, 4, 17, 18, 19, 20, 21, 22, 23, 24, 25, 16, 27, 28, 29, 30], [1, 2, 3, 9, 5, 6, 7, 8, 12, 10, 11, 16, 13, 14, 15, 4, 17, 18, 19, 20, 21, 22, 23, 24, 25, 26, 27, 28, 29, 30], [1, 2, 3, 9, 5, 6, 7, 8, 12, 10, 11, 4, 13, 14, 15, 16, 17, 18, 19, 20, 21, 22, 23, 24, 25, 26, 27, 28, 29, 30], [1, 2, 3, 12, 5, 6, 7, 8, 9, 10, 11, 4, 13, 14, 15, 16, 17, 18, 19, 20, 21, 22, 23, 24, 25, 26, 27, 28, 29, 30], [1, 2, 3, 4, 5, 6, 7, 8, 9, 10, 11, 12, 13, 14, 15, 16, 17, 18, 19, 20, 21, 22, 23, 24, 25, 26, 27, 28, 29, 30]], idx1=[17, 2, 4, 6, 11, 21, 22, 1, 7, 7, 7, 13, 2, 3, 7, 20, 22, 2, 4, 7, 10, 15, 16, 4, 9, 4], idx2=[18, 17, 5, 7, 27, 25, 24, 22, 29, 8, 14, 25, 13, 23, 27, 30, 28, 28, 19, 28, 16, 16, 26, 16, 12, 12], _checker='')