============================================================
BENCHMARK ID: 11 | DIMENSIONE: 10 | STRATEGIA: linear
============================================================

Input Vector: [10, 9, 5, 2, 4, 1, 7, 6, 8, 3]

STATO: RISOLTO
K: 8
TEMPO: 0.3230s
----------------------------------------
PIANO:
Solution(v=[[10, 9, 5, 2, 4, 1, 7, 6, 8, 3], [10, 9, 5, 4, 2, 1, 7, 6, 8, 3], [10, 9, 2, 4, 5, 1, 7, 6, 8, 3], [10, 9, 3, 4, 5, 1, 7, 6, 8, 2], [10, 9, 3, 4, 5, 6, 7, 1, 8, 2], [1, 9, 3, 4, 5, 6, 7, 10, 8, 2], [1, 2, 3, 4, 5, 6, 7, 10, 8, 9], [1, 2, 3, 4, 5, 6, 7, 10, 9, 8], [1, 2, 3, 4, 5, 6, 7, 8, 9, 10]], pos=[[6, 4, 10, 5, 3, 8, 7, 9, 2, 1], [6, 5, 10, 4, 3, 8, 7, 9, 2, 1], [6, 3, 10, 4, 5, 8, 7, 9, 2, 1], [6, 10, 3, 4, 5, 8, 7, 9, 2, 1], [8, 10, 3, 4, 5, 6, 7, 9, 2, 1], [1, 10, 3, 4, 5, 6, 7, 9, 2, 8], [1, 2, 3, 4, 5, 6, 7, 9, 10, 8], [1, 2, 3, 4, 5, 6, 7, 10, 9, 8], [1, 2, 3, 4, 5, 6, 7, 8, 9, 10]], idx1=[4, 3, 3, 6, 1, 2, 9, 8], idx2=[5, 5, 10, 8, 8, 10, 10, 10], _checker='')