============================================================
BENCHMARK ID: 25 | DIMENSIONE: 15 | STRATEGIA: linear
============================================================

Input Vector: [10, 4, 15, 7, 6, 13, 9, 5, 14, 3, 1, 11, 12, 8, 2]

STATO: RISOLTO
K: 14
TEMPO: 0.3790s
----------------------------------------
PIANO:
Solution(v=[[10, 4, 15, 7, 6, 13, 9, 5, 14, 3, 1, 11, 12, 8, 2], [10, 4, 15, 7, 6, 13, 9, 5, 14, 3, 11, 1, 12, 8, 2], [10, 4, 15, 7, 6, 13, 9, 5, 14, 3, 11, 12, 1, 8, 2], [10, 4, 15, 7, 6, 1, 9, 5, 14, 3, 11, 12, 13, 8, 2], [10, 4, 15, 7, 6, 1, 14, 5, 9, 3, 11, 12, 13, 8, 2], [10, 4, 15, 14, 6, 1, 7, 5, 9, 3, 11, 12, 13, 8, 2], [10, 14, 15, 4, 6, 1, 7, 5, 9, 3, 11, 12, 13, 8, 2], [10, 14, 2, 4, 6, 1, 7, 5, 9, 3, 11, 12, 13, 8, 15], [10, 2, 14, 4, 6, 1, 7, 5, 9, 3, 11, 12, 13, 8, 15], [10, 2, 8, 4, 6, 1, 7, 5, 9, 3, 11, 12, 13, 14, 15], [10, 2, 5, 4, 6, 1, 7, 8, 9, 3, 11, 12, 13, 14, 15], [10, 2, 3, 4, 6, 1, 7, 8, 9, 5, 11, 12, 13, 14, 15], [5, 2, 3, 4, 6, 1, 7, 8, 9, 10, 11, 12, 13, 14, 15], [1, 2, 3, 4, 6, 5, 7, 8, 9, 10, 11, 12, 13, 14, 15], [1, 2, 3, 4, 5, 6, 7, 8, 9, 10, 11, 12, 13, 14, 15]], pos=[[11, 15, 10, 2, 8, 5, 4, 14, 7, 1, 12, 13, 6, 9, 3], [12, 15, 10, 2, 8, 5, 4, 14, 7, 1, 11, 13, 6, 9, 3], [13, 15, 10, 2, 8, 5, 4, 14, 7, 1, 11, 12, 6, 9, 3], [6, 15, 10, 2, 8, 5, 4, 14, 7, 1, 11, 12, 13, 9, 3], [6, 15, 10, 2, 8, 5, 4, 14, 9, 1, 11, 12, 13, 7, 3], [6, 15, 10, 2, 8, 5, 7, 14, 9, 1, 11, 12, 13, 4, 3], [6, 15, 10, 4, 8, 5, 7, 14, 9, 1, 11, 12, 13, 2, 3], [6, 3, 10, 4, 8, 5, 7, 14, 9, 1, 11, 12, 13, 2, 15], [6, 2, 10, 4, 8, 5, 7, 14, 9, 1, 11, 12, 13, 3, 15], [6, 2, 10, 4, 8, 5, 7, 3, 9, 1, 11, 12, 13, 14, 15], [6, 2, 10, 4, 3, 5, 7, 8, 9, 1, 11, 12, 13, 14, 15], [6, 2, 3, 4, 10, 5, 7, 8, 9, 1, 11, 12, 13, 14, 15], [6, 2, 3, 4, 1, 5, 7, 8, 9, 10, 11, 12, 13, 14, 15], [1, 2, 3, 4, 6, 5, 7, 8, 9, 10, 11, 12, 13, 14, 15], [1, 2, 3, 4, 5, 6, 7, 8, 9, 10, 11, 12, 13, 14, 15]], idx1=[11, 12, 6, 7, 4, 2, 3, 2, 3, 3, 3, 1, 1, 5], idx2=[12, 13, 13, 9, 7, 4, 15, 3, 14, 8, 10, 10, 6, 6], _checker='')