============================================================
BENCHMARK ID: 44 | DIMENSIONE: 25 | STRATEGIA: linear
============================================================

Input Vector: [24, 18, 2, 10, 23, 7, 15, 21, 5, 19, 8, 16, 13, 4, 17, 11, 9, 14, 6, 25, 12, 22, 20, 1, 3]

STATO: RISOLTO
K: 20
TEMPO: 204.6730s
----------------------------------------
PIANO:
Solution(v=[[24, 18, 2, 10, 23, 7, 15, 21, 5, 19, 8, 16, 13, 4, 17, 11, 9, 14, 6, 25, 12, 22, 20, 1, 3], [1, 18, 2, 10, 23, 7, 15, 21, 5, 19, 8, 16, 13, 4, 17, 11, 9, 14, 6, 25, 12, 22, 20, 24, 3], [1, 18, 3, 10, 23, 7, 15, 21, 5, 19, 8, 16, 13, 4, 17, 11, 9, 14, 6, 25, 12, 22, 20, 24, 2], [1, 18, 3, 10, 23, 7, 15, 21, 5, 19, 11, 16, 13, 4, 17, 8, 9, 14, 6, 25, 12, 22, 20, 24, 2], [1, 18, 3, 10, 23, 7, 15, 21, 5, 19, 11, 16, 13, 4, 9, 8, 17, 14, 6, 25, 12, 22, 20, 24, 2], [1, 18, 3, 10, 23, 7, 15, 21, 9, 19, 11, 16, 13, 4, 5, 8, 17, 14, 6, 25, 12, 22, 20, 24, 2], [1, 18, 3, 10, 23, 7, 15, 21, 9, 19, 11, 16, 13, 4, 5, 8, 17, 14, 6, 2, 12, 22, 20, 24, 25], [1, 2, 3, 10, 23, 7, 15, 21, 9, 19, 11, 16, 13, 4, 5, 8, 17, 14, 6, 18, 12, 22, 20, 24, 25], [1, 2, 3, 4, 23, 7, 15, 21, 9, 19, 11, 16, 13, 10, 5, 8, 17, 14, 6, 18, 12, 22, 20, 24, 25], [1, 2, 3, 4, 23, 7, 15, 21, 9, 10, 11, 16, 13, 19, 5, 8, 17, 14, 6, 18, 12, 22, 20, 24, 25], [1, 2, 3, 4, 23, 7, 15, 21, 9, 10, 11, 16, 13, 19, 5, 8, 17, 14, 6, 20, 12, 22, 18, 24, 25], [1, 2, 3, 4, 18, 7, 15, 21, 9, 10, 11, 16, 13, 19, 5, 8, 17, 14, 6, 20, 12, 22, 23, 24, 25], [1, 2, 3, 4, 18, 7, 5, 21, 9, 10, 11, 16, 13, 19, 15, 8, 17, 14, 6, 20, 12, 22, 23, 24, 25], [1, 2, 3, 4, 18, 7, 5, 21, 9, 10, 11, 16, 13, 6, 15, 8, 17, 14, 19, 20, 12, 22, 23, 24, 25], [1, 2, 3, 4, 18, 6, 5, 21, 9, 10, 11, 16, 13, 7, 15, 8, 17, 14, 19, 20, 12, 22, 23, 24, 25], [1, 2, 3, 4, 18, 6, 5, 21, 9, 10, 11, 12, 13, 7, 15, 8, 17, 14, 19, 20, 16, 22, 23, 24, 25], [1, 2, 3, 4, 18, 6, 5, 16, 9, 10, 11, 12, 13, 7, 15, 8, 17, 14, 19, 20, 21, 22, 23, 24, 25], [1, 2, 3, 4, 18, 6, 5, 8, 9, 10, 11, 12, 13, 7, 15, 16, 17, 14, 19, 20, 21, 22, 23, 24, 25], [1, 2, 3, 4, 18, 6, 5, 8, 9, 10, 11, 12, 13, 14, 15, 16, 17, 7, 19, 20, 21, 22, 23, 24, 25], [1, 2, 3, 4, 18, 6, 7, 8, 9, 10, 11, 12, 13, 14, 15, 16, 17, 5, 19, 20, 21, 22, 23, 24, 25], [1, 2, 3, 4, 5, 6, 7, 8, 9, 10, 11, 12, 13, 14, 15, 16, 17, 18, 19, 20, 21, 22, 23, 24, 25]], pos=[[24, 3, 25, 14, 9, 19, 6, 11, 17, 4, 16, 21, 13, 18, 7, 12, 15, 2, 10, 23, 8, 22, 5, 1, 20], [1, 3, 25, 14, 9, 19, 6, 11, 17, 4, 16, 21, 13, 18, 7, 12, 15, 2, 10, 23, 8, 22, 5, 24, 20], [1, 25, 3, 14, 9, 19, 6, 11, 17, 4, 16, 21, 13, 18, 7, 12, 15, 2, 10, 23, 8, 22, 5, 24, 20], [1, 25, 3, 14, 9, 19, 6, 16, 17, 4, 11, 21, 13, 18, 7, 12, 15, 2, 10, 23, 8, 22, 5, 24, 20], [1, 25, 3, 14, 9, 19, 6, 16, 15, 4, 11, 21, 13, 18, 7, 12, 17, 2, 10, 23, 8, 22, 5, 24, 20], [1, 25, 3, 14, 15, 19, 6, 16, 9, 4, 11, 21, 13, 18, 7, 12, 17, 2, 10, 23, 8, 22, 5, 24, 20], [1, 20, 3, 14, 15, 19, 6, 16, 9, 4, 11, 21, 13, 18, 7, 12, 17, 2, 10, 23, 8, 22, 5, 24, 25], [1, 2, 3, 14, 15, 19, 6, 16, 9, 4, 11, 21, 13, 18, 7, 12, 17, 20, 10, 23, 8, 22, 5, 24, 25], [1, 2, 3, 4, 15, 19, 6, 16, 9, 14, 11, 21, 13, 18, 7, 12, 17, 20, 10, 23, 8, 22, 5, 24, 25], [1, 2, 3, 4, 15, 19, 6, 16, 9, 10, 11, 21, 13, 18, 7, 12, 17, 20, 14, 23, 8, 22, 5, 24, 25], [1, 2, 3, 4, 15, 19, 6, 16, 9, 10, 11, 21, 13, 18, 7, 12, 17, 23, 14, 20, 8, 22, 5, 24, 25], [1, 2, 3, 4, 15, 19, 6, 16, 9, 10, 11, 21, 13, 18, 7, 12, 17, 5, 14, 20, 8, 22, 23, 24, 25], [1, 2, 3, 4, 7, 19, 6, 16, 9, 10, 11, 21, 13, 18, 15, 12, 17, 5, 14, 20, 8, 22, 23, 24, 25], [1, 2, 3, 4, 7, 14, 6, 16, 9, 10, 11, 21, 13, 18, 15, 12, 17, 5, 19, 20, 8, 22, 23, 24, 25], [1, 2, 3, 4, 7, 6, 14, 16, 9, 10, 11, 21, 13, 18, 15, 12, 17, 5, 19, 20, 8, 22, 23, 24, 25], [1, 2, 3, 4, 7, 6, 14, 16, 9, 10, 11, 12, 13, 18, 15, 21, 17, 5, 19, 20, 8, 22, 23, 24, 25], [1, 2, 3, 4, 7, 6, 14, 16, 9, 10, 11, 12, 13, 18, 15, 8, 17, 5, 19, 20, 21, 22, 23, 24, 25], [1, 2, 3, 4, 7, 6, 14, 8, 9, 10, 11, 12, 13, 18, 15, 16, 17, 5, 19, 20, 21, 22, 23, 24, 25], [1, 2, 3, 4, 7, 6, 18, 8, 9, 10, 11, 12, 13, 14, 15, 16, 17, 5, 19, 20, 21, 22, 23, 24, 25], [1, 2, 3, 4, 18, 6, 7, 8, 9, 10, 11, 12, 13, 14, 15, 16, 17, 5, 19, 20, 21, 22, 23, 24, 25], [1, 2, 3, 4, 5, 6, 7, 8, 9, 10, 11, 12, 13, 14, 15, 16, 17, 18, 19, 20, 21, 22, 23, 24, 25]], idx1=[1, 3, 11, 15, 9, 20, 2, 4, 10, 20, 5, 7, 14, 6, 12, 8, 8, 14, 7, 5], idx2=[24, 25, 16, 17, 15, 25, 20, 14, 14, 23, 23, 15, 19, 14, 21, 21, 16, 18, 18, 18], _checker='')