============================================================
BENCHMARK ID: 40 | DIMENSIONE: 20 | STRATEGIA: linear
============================================================

Input Vector: [15, 12, 11, 6, 10, 2, 17, 14, 19, 7, 16, 5, 4, 9, 13, 1, 18, 20, 8, 3]

STATO: RISOLTO
K: 18
TEMPO: 1.1780s
----------------------------------------
PIANO:
Solution(v=[[15, 12, 11, 6, 10, 2, 17, 14, 19, 7, 16, 5, 4, 9, 13, 1, 18, 20, 8, 3], [15, 12, 11, 4, 10, 2, 17, 14, 19, 7, 16, 5, 6, 9, 13, 1, 18, 20, 8, 3], [15, 12, 11, 4, 10, 2, 17, 14, 19, 7, 1, 5, 6, 9, 13, 16, 18, 20, 8, 3], [15, 12, 1, 4, 10, 2, 17, 14, 19, 7, 11, 5, 6, 9, 13, 16, 18, 20, 8, 3], [1, 12, 15, 4, 10, 2, 17, 14, 19, 7, 11, 5, 6, 9, 13, 16, 18, 20, 8, 3], [1, 12, 15, 4, 7, 2, 17, 14, 19, 10, 11, 5, 6, 9, 13, 16, 18, 20, 8, 3], [1, 12, 15, 4, 17, 2, 7, 14, 19, 10, 11, 5, 6, 9, 13, 16, 18, 20, 8, 3], [1, 12, 15, 4, 5, 2, 7, 14, 19, 10, 11, 17, 6, 9, 13, 16, 18, 20, 8, 3], [1, 12, 15, 4, 5, 2, 7, 14, 19, 10, 11, 17, 13, 9, 6, 16, 18, 20, 8, 3], [1, 12, 6, 4, 5, 2, 7, 14, 19, 10, 11, 17, 13, 9, 15, 16, 18, 20, 8, 3], [1, 12, 6, 4, 5, 2, 7, 9, 19, 10, 11, 17, 13, 14, 15, 16, 18, 20, 8, 3], [1, 12, 6, 4, 5, 2, 7, 19, 9, 10, 11, 17, 13, 14, 15, 16, 18, 20, 8, 3], [1, 12, 6, 4, 5, 2, 7, 8, 9, 10, 11, 17, 13, 14, 15, 16, 18, 20, 19, 3], [1, 12, 6, 4, 5, 2, 7, 8, 9, 10, 11, 18, 13, 14, 15, 16, 17, 20, 19, 3], [1, 12, 6, 4, 5, 2, 7, 8, 9, 10, 11, 20, 13, 14, 15, 16, 17, 18, 19, 3], [1, 20, 6, 4, 5, 2, 7, 8, 9, 10, 11, 12, 13, 14, 15, 16, 17, 18, 19, 3], [1, 2, 6, 4, 5, 20, 7, 8, 9, 10, 11, 12, 13, 14, 15, 16, 17, 18, 19, 3], [1, 2, 20, 4, 5, 6, 7, 8, 9, 10, 11, 12, 13, 14, 15, 16, 17, 18, 19, 3], [1, 2, 3, 4, 5, 6, 7, 8, 9, 10, 11, 12, 13, 14, 15, 16, 17, 18, 19, 20]], pos=[[16, 6, 20, 13, 12, 4, 10, 19, 14, 5, 3, 2, 15, 8, 1, 11, 7, 17, 9, 18], [16, 6, 20, 4, 12, 13, 10, 19, 14, 5, 3, 2, 15, 8, 1, 11, 7, 17, 9, 18], [11, 6, 20, 4, 12, 13, 10, 19, 14, 5, 3, 2, 15, 8, 1, 16, 7, 17, 9, 18], [3, 6, 20, 4, 12, 13, 10, 19, 14, 5, 11, 2, 15, 8, 1, 16, 7, 17, 9, 18], [1, 6, 20, 4, 12, 13, 10, 19, 14, 5, 11, 2, 15, 8, 3, 16, 7, 17, 9, 18], [1, 6, 20, 4, 12, 13, 5, 19, 14, 10, 11, 2, 15, 8, 3, 16, 7, 17, 9, 18], [1, 6, 20, 4, 12, 13, 7, 19, 14, 10, 11, 2, 15, 8, 3, 16, 5, 17, 9, 18], [1, 6, 20, 4, 5, 13, 7, 19, 14, 10, 11, 2, 15, 8, 3, 16, 12, 17, 9, 18], [1, 6, 20, 4, 5, 15, 7, 19, 14, 10, 11, 2, 13, 8, 3, 16, 12, 17, 9, 18], [1, 6, 20, 4, 5, 3, 7, 19, 14, 10, 11, 2, 13, 8, 15, 16, 12, 17, 9, 18], [1, 6, 20, 4, 5, 3, 7, 19, 8, 10, 11, 2, 13, 14, 15, 16, 12, 17, 9, 18], [1, 6, 20, 4, 5, 3, 7, 19, 9, 10, 11, 2, 13, 14, 15, 16, 12, 17, 8, 18], [1, 6, 20, 4, 5, 3, 7, 8, 9, 10, 11, 2, 13, 14, 15, 16, 12, 17, 19, 18], [1, 6, 20, 4, 5, 3, 7, 8, 9, 10, 11, 2, 13, 14, 15, 16, 17, 12, 19, 18], [1, 6, 20, 4, 5, 3, 7, 8, 9, 10, 11, 2, 13, 14, 15, 16, 17, 18, 19, 12], [1, 6, 20, 4, 5, 3, 7, 8, 9, 10, 11, 12, 13, 14, 15, 16, 17, 18, 19, 2], [1, 2, 20, 4, 5, 3, 7, 8, 9, 10, 11, 12, 13, 14, 15, 16, 17, 18, 19, 6], [1, 2, 20, 4, 5, 6, 7, 8, 9, 10, 11, 12, 13, 14, 15, 16, 17, 18, 19, 3], [1, 2, 3, 4, 5, 6, 7, 8, 9, 10, 11, 12, 13, 14, 15, 16, 17, 18, 19, 20]], idx1=[4, 11, 3, 1, 5, 5, 5, 13, 3, 8, 8, 8, 12, 12, 2, 2, 3, 3], idx2=[13, 16, 11, 3, 10, 7, 12, 15, 15, 14, 9, 19, 17, 18, 12, 6, 6, 20], _checker='')