============================================================
BENCHMARK ID: 54 | DIMENSIONE: 30 | STRATEGIA: linear
============================================================

Input Vector: [17, 14, 9, 2, 24, 20, 4, 27, 16, 1, 10, 6, 13, 8, 28, 15, 19, 29, 18, 23, 5, 7, 30, 12, 22, 21, 3, 25, 26, 11]

STATO: RISOLTO
K: 27
TEMPO: 23.6240s
----------------------------------------
PIANO:
Solution(v=[[17, 14, 9, 2, 24, 20, 4, 27, 16, 1, 10, 6, 13, 8, 28, 15, 19, 29, 18, 23, 5, 7, 30, 12, 22, 21, 3, 25, 26, 11], [17, 14, 9, 2, 24, 23, 4, 27, 16, 1, 10, 6, 13, 8, 28, 15, 19, 29, 18, 20, 5, 7, 30, 12, 22, 21, 3, 25, 26, 11], [17, 14, 9, 2, 24, 30, 4, 27, 16, 1, 10, 6, 13, 8, 28, 15, 19, 29, 18, 20, 5, 7, 23, 12, 22, 21, 3, 25, 26, 11], [17, 14, 9, 2, 24, 30, 4, 8, 16, 1, 10, 6, 13, 27, 28, 15, 19, 29, 18, 20, 5, 7, 23, 12, 22, 21, 3, 25, 26, 11], [17, 14, 9, 2, 24, 30, 4, 8, 16, 1, 10, 6, 13, 27, 28, 15, 19, 26, 18, 20, 5, 7, 23, 12, 22, 21, 3, 25, 29, 11], [17, 14, 9, 2, 24, 30, 4, 8, 16, 1, 10, 6, 13, 27, 28, 15, 19, 26, 18, 20, 5, 22, 23, 12, 7, 21, 3, 25, 29, 11], [17, 14, 9, 2, 24, 30, 7, 8, 16, 1, 10, 6, 13, 27, 28, 15, 19, 26, 18, 20, 5, 22, 23, 12, 4, 21, 3, 25, 29, 11], [17, 14, 9, 2, 24, 30, 7, 8, 16, 1, 10, 6, 13, 27, 28, 15, 18, 26, 19, 20, 5, 22, 23, 12, 4, 21, 3, 25, 29, 11], [17, 14, 9, 2, 24, 30, 7, 8, 16, 1, 10, 6, 13, 27, 28, 15, 26, 18, 19, 20, 5, 22, 23, 12, 4, 21, 3, 25, 29, 11], [26, 14, 9, 2, 24, 30, 7, 8, 16, 1, 10, 6, 13, 27, 28, 15, 17, 18, 19, 20, 5, 22, 23, 12, 4, 21, 3, 25, 29, 11], [26, 14, 9, 2, 12, 30, 7, 8, 16, 1, 10, 6, 13, 27, 28, 15, 17, 18, 19, 20, 5, 22, 23, 24, 4, 21, 3, 25, 29, 11], [26, 14, 9, 2, 12, 30, 7, 8, 16, 1, 10, 6, 13, 3, 28, 15, 17, 18, 19, 20, 5, 22, 23, 24, 4, 21, 27, 25, 29, 11], [26, 3, 9, 2, 12, 30, 7, 8, 16, 1, 10, 6, 13, 14, 28, 15, 17, 18, 19, 20, 5, 22, 23, 24, 4, 21, 27, 25, 29, 11], [26, 3, 9, 2, 12, 30, 7, 8, 16, 1, 11, 6, 13, 14, 28, 15, 17, 18, 19, 20, 5, 22, 23, 24, 4, 21, 27, 25, 29, 10], [26, 3, 9, 2, 12, 30, 7, 8, 16, 1, 11, 6, 13, 14, 28, 15, 17, 18, 19, 20, 21, 22, 23, 24, 4, 5, 27, 25, 29, 10], [5, 3, 9, 2, 12, 30, 7, 8, 16, 1, 11, 6, 13, 14, 28, 15, 17, 18, 19, 20, 21, 22, 23, 24, 4, 26, 27, 25, 29, 10], [12, 3, 9, 2, 5, 30, 7, 8, 16, 1, 11, 6, 13, 14, 28, 15, 17, 18, 19, 20, 21, 22, 23, 24, 4, 26, 27, 25, 29, 10], [6, 3, 9, 2, 5, 30, 7, 8, 16, 1, 11, 12, 13, 14, 28, 15, 17, 18, 19, 20, 21, 22, 23, 24, 4, 26, 27, 25, 29, 10], [6, 3, 9, 2, 5, 30, 7, 8, 15, 1, 11, 12, 13, 14, 28, 16, 17, 18, 19, 20, 21, 22, 23, 24, 4, 26, 27, 25, 29, 10], [6, 3, 9, 2, 5, 30, 7, 8, 15, 1, 11, 12, 13, 14, 25, 16, 17, 18, 19, 20, 21, 22, 23, 24, 4, 26, 27, 28, 29, 10], [6, 3, 9, 2, 5, 30, 7, 8, 25, 1, 11, 12, 13, 14, 15, 16, 17, 18, 19, 20, 21, 22, 23, 24, 4, 26, 27, 28, 29, 10], [6, 3, 25, 2, 5, 30, 7, 8, 9, 1, 11, 12, 13, 14, 15, 16, 17, 18, 19, 20, 21, 22, 23, 24, 4, 26, 27, 28, 29, 10], [6, 3, 4, 2, 5, 30, 7, 8, 9, 1, 11, 12, 13, 14, 15, 16, 17, 18, 19, 20, 21, 22, 23, 24, 25, 26, 27, 28, 29, 10], [6, 3, 2, 4, 5, 30, 7, 8, 9, 1, 11, 12, 13, 14, 15, 16, 17, 18, 19, 20, 21, 22, 23, 24, 25, 26, 27, 28, 29, 10], [6, 3, 2, 4, 5, 30, 7, 8, 9, 10, 11, 12, 13, 14, 15, 16, 17, 18, 19, 20, 21, 22, 23, 24, 25, 26, 27, 28, 29, 1], [6, 3, 2, 4, 5, 1, 7, 8, 9, 10, 11, 12, 13, 14, 15, 16, 17, 18, 19, 20, 21, 22, 23, 24, 25, 26, 27, 28, 29, 30], [1, 3, 2, 4, 5, 6, 7, 8, 9, 10, 11, 12, 13, 14, 15, 16, 17, 18, 19, 20, 21, 22, 23, 24, 25, 26, 27, 28, 29, 30], [1, 2, 3, 4, 5, 6, 7, 8, 9, 10, 11, 12, 13, 14, 15, 16, 17, 18, 19, 20, 21, 22, 23, 24, 25, 26, 27, 28, 29, 30]], pos=[[10, 4, 27, 7, 21, 12, 22, 14, 3, 11, 30, 24, 13, 2, 16, 9, 1, 19, 17, 6, 26, 25, 20, 5, 28, 29, 8, 15, 18, 23], [10, 4, 27, 7, 21, 12, 22, 14, 3, 11, 30, 24, 13, 2, 16, 9, 1, 19, 17, 20, 26, 25, 6, 5, 28, 29, 8, 15, 18, 23], [10, 4, 27, 7, 21, 12, 22, 14, 3, 11, 30, 24, 13, 2, 16, 9, 1, 19, 17, 20, 26, 25, 23, 5, 28, 29, 8, 15, 18, 6], [10, 4, 27, 7, 21, 12, 22, 8, 3, 11, 30, 24, 13, 2, 16, 9, 1, 19, 17, 20, 26, 25, 23, 5, 28, 29, 14, 15, 18, 6], [10, 4, 27, 7, 21, 12, 22, 8, 3, 11, 30, 24, 13, 2, 16, 9, 1, 19, 17, 20, 26, 25, 23, 5, 28, 18, 14, 15, 29, 6], [10, 4, 27, 7, 21, 12, 25, 8, 3, 11, 30, 24, 13, 2, 16, 9, 1, 19, 17, 20, 26, 22, 23, 5, 28, 18, 14, 15, 29, 6], [10, 4, 27, 25, 21, 12, 7, 8, 3, 11, 30, 24, 13, 2, 16, 9, 1, 19, 17, 20, 26, 22, 23, 5, 28, 18, 14, 15, 29, 6], [10, 4, 27, 25, 21, 12, 7, 8, 3, 11, 30, 24, 13, 2, 16, 9, 1, 17, 19, 20, 26, 22, 23, 5, 28, 18, 14, 15, 29, 6], [10, 4, 27, 25, 21, 12, 7, 8, 3, 11, 30, 24, 13, 2, 16, 9, 1, 18, 19, 20, 26, 22, 23, 5, 28, 17, 14, 15, 29, 6], [10, 4, 27, 25, 21, 12, 7, 8, 3, 11, 30, 24, 13, 2, 16, 9, 17, 18, 19, 20, 26, 22, 23, 5, 28, 1, 14, 15, 29, 6], [10, 4, 27, 25, 21, 12, 7, 8, 3, 11, 30, 5, 13, 2, 16, 9, 17, 18, 19, 20, 26, 22, 23, 24, 28, 1, 14, 15, 29, 6], [10, 4, 14, 25, 21, 12, 7, 8, 3, 11, 30, 5, 13, 2, 16, 9, 17, 18, 19, 20, 26, 22, 23, 24, 28, 1, 27, 15, 29, 6], [10, 4, 2, 25, 21, 12, 7, 8, 3, 11, 30, 5, 13, 14, 16, 9, 17, 18, 19, 20, 26, 22, 23, 24, 28, 1, 27, 15, 29, 6], [10, 4, 2, 25, 21, 12, 7, 8, 3, 30, 11, 5, 13, 14, 16, 9, 17, 18, 19, 20, 26, 22, 23, 24, 28, 1, 27, 15, 29, 6], [10, 4, 2, 25, 26, 12, 7, 8, 3, 30, 11, 5, 13, 14, 16, 9, 17, 18, 19, 20, 21, 22, 23, 24, 28, 1, 27, 15, 29, 6], [10, 4, 2, 25, 1, 12, 7, 8, 3, 30, 11, 5, 13, 14, 16, 9, 17, 18, 19, 20, 21, 22, 23, 24, 28, 26, 27, 15, 29, 6], [10, 4, 2, 25, 5, 12, 7, 8, 3, 30, 11, 1, 13, 14, 16, 9, 17, 18, 19, 20, 21, 22, 23, 24, 28, 26, 27, 15, 29, 6], [10, 4, 2, 25, 5, 1, 7, 8, 3, 30, 11, 12, 13, 14, 16, 9, 17, 18, 19, 20, 21, 22, 23, 24, 28, 26, 27, 15, 29, 6], [10, 4, 2, 25, 5, 1, 7, 8, 3, 30, 11, 12, 13, 14, 9, 16, 17, 18, 19, 20, 21, 22, 23, 24, 28, 26, 27, 15, 29, 6], [10, 4, 2, 25, 5, 1, 7, 8, 3, 30, 11, 12, 13, 14, 9, 16, 17, 18, 19, 20, 21, 22, 23, 24, 15, 26, 27, 28, 29, 6], [10, 4, 2, 25, 5, 1, 7, 8, 3, 30, 11, 12, 13, 14, 15, 16, 17, 18, 19, 20, 21, 22, 23, 24, 9, 26, 27, 28, 29, 6], [10, 4, 2, 25, 5, 1, 7, 8, 9, 30, 11, 12, 13, 14, 15, 16, 17, 18, 19, 20, 21, 22, 23, 24, 3, 26, 27, 28, 29, 6], [10, 4, 2, 3, 5, 1, 7, 8, 9, 30, 11, 12, 13, 14, 15, 16, 17, 18, 19, 20, 21, 22, 23, 24, 25, 26, 27, 28, 29, 6], [10, 3, 2, 4, 5, 1, 7, 8, 9, 30, 11, 12, 13, 14, 15, 16, 17, 18, 19, 20, 21, 22, 23, 24, 25, 26, 27, 28, 29, 6], [30, 3, 2, 4, 5, 1, 7, 8, 9, 10, 11, 12, 13, 14, 15, 16, 17, 18, 19, 20, 21, 22, 23, 24, 25, 26, 27, 28, 29, 6], [6, 3, 2, 4, 5, 1, 7, 8, 9, 10, 11, 12, 13, 14, 15, 16, 17, 18, 19, 20, 21, 22, 23, 24, 25, 26, 27, 28, 29, 30], [1, 3, 2, 4, 5, 6, 7, 8, 9, 10, 11, 12, 13, 14, 15, 16, 17, 18, 19, 20, 21, 22, 23, 24, 25, 26, 27, 28, 29, 30], [1, 2, 3, 4, 5, 6, 7, 8, 9, 10, 11, 12, 13, 14, 15, 16, 17, 18, 19, 20, 21, 22, 23, 24, 25, 26, 27, 28, 29, 30]], idx1=[6, 6, 8, 18, 22, 7, 17, 17, 1, 5, 14, 2, 11, 21, 1, 1, 1, 9, 15, 9, 3, 3, 3, 10, 6, 1, 2], idx2=[20, 23, 14, 29, 25, 25, 19, 18, 17, 24, 27, 14, 30, 26, 26, 5, 12, 16, 28, 15, 9, 25, 4, 30, 30, 6, 3], _checker='')