============================================================
BENCHMARK ID: 33 | DIMENSIONE: 20 | STRATEGIA: linear
============================================================

Input Vector: [19, 16, 17, 10, 6, 4, 5, 3, 14, 8, 13, 18, 20, 15, 9, 7, 1, 12, 2, 11]

STATO: RISOLTO
K: 16
TEMPO: 5.9350s
----------------------------------------
PIANO:
Solution(v=[[19, 16, 17, 10, 6, 4, 5, 3, 14, 8, 13, 18, 20, 15, 9, 7, 1, 12, 2, 11], [19, 2, 17, 10, 6, 4, 5, 3, 14, 8, 13, 18, 20, 15, 9, 7, 1, 12, 16, 11], [19, 2, 17, 10, 6, 4, 5, 3, 14, 8, 13, 12, 20, 15, 9, 7, 1, 18, 16, 11], [19, 2, 17, 10, 6, 4, 5, 3, 14, 8, 13, 12, 20, 9, 15, 7, 1, 18, 16, 11], [19, 2, 17, 10, 6, 4, 5, 3, 9, 8, 13, 12, 20, 14, 15, 7, 1, 18, 16, 11], [19, 2, 17, 10, 6, 4, 5, 3, 9, 8, 11, 12, 20, 14, 15, 7, 1, 18, 16, 13], [19, 2, 17, 10, 6, 4, 5, 3, 9, 8, 11, 12, 20, 14, 15, 16, 1, 18, 7, 13], [19, 2, 17, 10, 6, 4, 7, 3, 9, 8, 11, 12, 20, 14, 15, 16, 1, 18, 5, 13], [19, 2, 17, 10, 5, 4, 7, 3, 9, 8, 11, 12, 20, 14, 15, 16, 1, 18, 6, 13], [19, 2, 17, 10, 5, 6, 7, 3, 9, 8, 11, 12, 20, 14, 15, 16, 1, 18, 4, 13], [4, 2, 17, 10, 5, 6, 7, 3, 9, 8, 11, 12, 20, 14, 15, 16, 1, 18, 19, 13], [4, 2, 3, 10, 5, 6, 7, 17, 9, 8, 11, 12, 20, 14, 15, 16, 1, 18, 19, 13], [4, 2, 3, 8, 5, 6, 7, 17, 9, 10, 11, 12, 20, 14, 15, 16, 1, 18, 19, 13], [4, 2, 3, 17, 5, 6, 7, 8, 9, 10, 11, 12, 20, 14, 15, 16, 1, 18, 19, 13], [4, 2, 3, 1, 5, 6, 7, 8, 9, 10, 11, 12, 20, 14, 15, 16, 17, 18, 19, 13], [1, 2, 3, 4, 5, 6, 7, 8, 9, 10, 11, 12, 20, 14, 15, 16, 17, 18, 19, 13], [1, 2, 3, 4, 5, 6, 7, 8, 9, 10, 11, 12, 13, 14, 15, 16, 17, 18, 19, 20]], pos=[[17, 19, 8, 6, 7, 5, 16, 10, 15, 4, 20, 18, 11, 9, 14, 2, 3, 12, 1, 13], [17, 2, 8, 6, 7, 5, 16, 10, 15, 4, 20, 18, 11, 9, 14, 19, 3, 12, 1, 13], [17, 2, 8, 6, 7, 5, 16, 10, 15, 4, 20, 12, 11, 9, 14, 19, 3, 18, 1, 13], [17, 2, 8, 6, 7, 5, 16, 10, 14, 4, 20, 12, 11, 9, 15, 19, 3, 18, 1, 13], [17, 2, 8, 6, 7, 5, 16, 10, 9, 4, 20, 12, 11, 14, 15, 19, 3, 18, 1, 13], [17, 2, 8, 6, 7, 5, 16, 10, 9, 4, 11, 12, 20, 14, 15, 19, 3, 18, 1, 13], [17, 2, 8, 6, 7, 5, 19, 10, 9, 4, 11, 12, 20, 14, 15, 16, 3, 18, 1, 13], [17, 2, 8, 6, 19, 5, 7, 10, 9, 4, 11, 12, 20, 14, 15, 16, 3, 18, 1, 13], [17, 2, 8, 6, 5, 19, 7, 10, 9, 4, 11, 12, 20, 14, 15, 16, 3, 18, 1, 13], [17, 2, 8, 19, 5, 6, 7, 10, 9, 4, 11, 12, 20, 14, 15, 16, 3, 18, 1, 13], [17, 2, 8, 1, 5, 6, 7, 10, 9, 4, 11, 12, 20, 14, 15, 16, 3, 18, 19, 13], [17, 2, 3, 1, 5, 6, 7, 10, 9, 4, 11, 12, 20, 14, 15, 16, 8, 18, 19, 13], [17, 2, 3, 1, 5, 6, 7, 4, 9, 10, 11, 12, 20, 14, 15, 16, 8, 18, 19, 13], [17, 2, 3, 1, 5, 6, 7, 8, 9, 10, 11, 12, 20, 14, 15, 16, 4, 18, 19, 13], [4, 2, 3, 1, 5, 6, 7, 8, 9, 10, 11, 12, 20, 14, 15, 16, 17, 18, 19, 13], [1, 2, 3, 4, 5, 6, 7, 8, 9, 10, 11, 12, 20, 14, 15, 16, 17, 18, 19, 13], [1, 2, 3, 4, 5, 6, 7, 8, 9, 10, 11, 12, 13, 14, 15, 16, 17, 18, 19, 20]], idx1=[2, 12, 14, 9, 11, 16, 7, 5, 6, 1, 3, 4, 4, 4, 1, 13], idx2=[19, 18, 15, 14, 20, 19, 19, 19, 19, 19, 8, 10, 8, 17, 4, 20], _checker='')