============================================================
BENCHMARK ID: 35 | DIMENSIONE: 20 | STRATEGIA: linear
============================================================

Input Vector: [15, 13, 19, 2, 6, 17, 4, 8, 14, 16, 7, 11, 1, 3, 10, 12, 5, 20, 18, 9]

STATO: RISOLTO
K: 16
TEMPO: 0.5440s
----------------------------------------
PIANO:
Solution(v=[[15, 13, 19, 2, 6, 17, 4, 8, 14, 16, 7, 11, 1, 3, 10, 12, 5, 20, 18, 9], [15, 13, 18, 2, 6, 17, 4, 8, 14, 16, 7, 11, 1, 3, 10, 12, 5, 20, 19, 9], [15, 13, 18, 2, 6, 17, 4, 8, 14, 16, 11, 7, 1, 3, 10, 12, 5, 20, 19, 9], [15, 13, 18, 2, 6, 17, 4, 8, 14, 16, 11, 7, 1, 3, 10, 12, 5, 9, 19, 20], [15, 13, 9, 2, 6, 17, 4, 8, 14, 16, 11, 7, 1, 3, 10, 12, 5, 18, 19, 20], [15, 13, 9, 4, 6, 17, 2, 8, 14, 16, 11, 7, 1, 3, 10, 12, 5, 18, 19, 20], [15, 2, 9, 4, 6, 17, 13, 8, 14, 16, 11, 7, 1, 3, 10, 12, 5, 18, 19, 20], [15, 2, 9, 4, 5, 17, 13, 8, 14, 16, 11, 7, 1, 3, 10, 12, 6, 18, 19, 20], [15, 2, 9, 4, 5, 6, 13, 8, 14, 16, 11, 7, 1, 3, 10, 12, 17, 18, 19, 20], [15, 2, 9, 4, 5, 6, 1, 8, 14, 16, 11, 7, 13, 3, 10, 12, 17, 18, 19, 20], [15, 2, 9, 4, 5, 6, 7, 8, 14, 16, 11, 1, 13, 3, 10, 12, 17, 18, 19, 20], [15, 2, 9, 4, 5, 6, 7, 8, 3, 16, 11, 1, 13, 14, 10, 12, 17, 18, 19, 20], [15, 2, 3, 4, 5, 6, 7, 8, 9, 16, 11, 1, 13, 14, 10, 12, 17, 18, 19, 20], [15, 2, 3, 4, 5, 6, 7, 8, 9, 10, 11, 1, 13, 14, 16, 12, 17, 18, 19, 20], [15, 2, 3, 4, 5, 6, 7, 8, 9, 10, 11, 1, 13, 14, 12, 16, 17, 18, 19, 20], [15, 2, 3, 4, 5, 6, 7, 8, 9, 10, 11, 12, 13, 14, 1, 16, 17, 18, 19, 20], [1, 2, 3, 4, 5, 6, 7, 8, 9, 10, 11, 12, 13, 14, 15, 16, 17, 18, 19, 20]], pos=[[13, 4, 14, 7, 17, 5, 11, 8, 20, 15, 12, 16, 2, 9, 1, 10, 6, 19, 3, 18], [13, 4, 14, 7, 17, 5, 11, 8, 20, 15, 12, 16, 2, 9, 1, 10, 6, 3, 19, 18], [13, 4, 14, 7, 17, 5, 12, 8, 20, 15, 11, 16, 2, 9, 1, 10, 6, 3, 19, 18], [13, 4, 14, 7, 17, 5, 12, 8, 18, 15, 11, 16, 2, 9, 1, 10, 6, 3, 19, 20], [13, 4, 14, 7, 17, 5, 12, 8, 3, 15, 11, 16, 2, 9, 1, 10, 6, 18, 19, 20], [13, 7, 14, 4, 17, 5, 12, 8, 3, 15, 11, 16, 2, 9, 1, 10, 6, 18, 19, 20], [13, 2, 14, 4, 17, 5, 12, 8, 3, 15, 11, 16, 7, 9, 1, 10, 6, 18, 19, 20], [13, 2, 14, 4, 5, 17, 12, 8, 3, 15, 11, 16, 7, 9, 1, 10, 6, 18, 19, 20], [13, 2, 14, 4, 5, 6, 12, 8, 3, 15, 11, 16, 7, 9, 1, 10, 17, 18, 19, 20], [7, 2, 14, 4, 5, 6, 12, 8, 3, 15, 11, 16, 13, 9, 1, 10, 17, 18, 19, 20], [12, 2, 14, 4, 5, 6, 7, 8, 3, 15, 11, 16, 13, 9, 1, 10, 17, 18, 19, 20], [12, 2, 9, 4, 5, 6, 7, 8, 3, 15, 11, 16, 13, 14, 1, 10, 17, 18, 19, 20], [12, 2, 3, 4, 5, 6, 7, 8, 9, 15, 11, 16, 13, 14, 1, 10, 17, 18, 19, 20], [12, 2, 3, 4, 5, 6, 7, 8, 9, 10, 11, 16, 13, 14, 1, 15, 17, 18, 19, 20], [12, 2, 3, 4, 5, 6, 7, 8, 9, 10, 11, 15, 13, 14, 1, 16, 17, 18, 19, 20], [15, 2, 3, 4, 5, 6, 7, 8, 9, 10, 11, 12, 13, 14, 1, 16, 17, 18, 19, 20], [1, 2, 3, 4, 5, 6, 7, 8, 9, 10, 11, 12, 13, 14, 15, 16, 17, 18, 19, 20]], idx1=[3, 11, 18, 3, 4, 2, 5, 6, 7, 7, 9, 3, 10, 15, 12, 1], idx2=[19, 12, 20, 18, 7, 7, 17, 17, 13, 12, 14, 9, 15, 16, 15, 15], _checker='')