============================================================
BENCHMARK ID: 45 | DIMENSIONE: 25 | STRATEGIA: maxregret
============================================================

Input Vector: [7, 16, 12, 13, 4, 5, 23, 21, 15, 14, 11, 18, 17, 25, 9, 2, 3, 22, 24, 10, 6, 19, 8, 1, 20]

STATO: RISOLTO
K: 20
TEMPO: 0.3950s
----------------------------------------
PIANO:
Solution(v=[[7, 16, 12, 13, 4, 5, 23, 21, 15, 14, 11, 18, 17, 25, 9, 2, 3, 22, 24, 10, 6, 19, 8, 1, 20], [23, 16, 12, 13, 4, 5, 7, 21, 15, 14, 11, 18, 17, 25, 9, 2, 3, 22, 24, 10, 6, 19, 8, 1, 20], [23, 16, 12, 13, 4, 5, 7, 21, 15, 14, 11, 18, 17, 25, 9, 2, 3, 22, 24, 20, 6, 19, 8, 1, 10], [23, 16, 12, 13, 4, 5, 7, 21, 15, 10, 11, 18, 17, 25, 9, 2, 3, 22, 24, 20, 6, 19, 8, 1, 14], [23, 16, 12, 13, 4, 5, 7, 21, 15, 10, 11, 18, 17, 14, 9, 2, 3, 22, 24, 20, 6, 19, 8, 1, 25], [23, 16, 12, 13, 4, 5, 7, 21, 15, 10, 11, 18, 17, 14, 9, 2, 3, 19, 24, 20, 6, 22, 8, 1, 25], [23, 16, 12, 13, 4, 5, 7, 21, 15, 10, 11, 18, 17, 14, 9, 2, 3, 19, 1, 20, 6, 22, 8, 24, 25], [23, 16, 12, 13, 4, 5, 7, 21, 15, 10, 11, 18, 17, 14, 9, 2, 3, 1, 19, 20, 6, 22, 8, 24, 25], [23, 16, 12, 13, 4, 5, 7, 21, 15, 10, 11, 1, 17, 14, 9, 2, 3, 18, 19, 20, 6, 22, 8, 24, 25], [23, 16, 12, 13, 4, 5, 7, 21, 15, 10, 11, 1, 3, 14, 9, 2, 17, 18, 19, 20, 6, 22, 8, 24, 25], [23, 16, 12, 3, 4, 5, 7, 21, 15, 10, 11, 1, 13, 14, 9, 2, 17, 18, 19, 20, 6, 22, 8, 24, 25], [23, 16, 12, 3, 5, 4, 7, 21, 15, 10, 11, 1, 13, 14, 9, 2, 17, 18, 19, 20, 6, 22, 8, 24, 25], [23, 16, 12, 3, 5, 4, 7, 8, 15, 10, 11, 1, 13, 14, 9, 2, 17, 18, 19, 20, 6, 22, 21, 24, 25], [23, 16, 12, 3, 5, 4, 7, 8, 15, 10, 11, 1, 13, 14, 9, 2, 17, 18, 19, 20, 21, 22, 6, 24, 25], [23, 16, 12, 3, 5, 6, 7, 8, 15, 10, 11, 1, 13, 14, 9, 2, 17, 18, 19, 20, 21, 22, 4, 24, 25], [23, 16, 12, 4, 5, 6, 7, 8, 15, 10, 11, 1, 13, 14, 9, 2, 17, 18, 19, 20, 21, 22, 3, 24, 25], [3, 16, 12, 4, 5, 6, 7, 8, 15, 10, 11, 1, 13, 14, 9, 2, 17, 18, 19, 20, 21, 22, 23, 24, 25], [12, 16, 3, 4, 5, 6, 7, 8, 15, 10, 11, 1, 13, 14, 9, 2, 17, 18, 19, 20, 21, 22, 23, 24, 25], [1, 16, 3, 4, 5, 6, 7, 8, 15, 10, 11, 12, 13, 14, 9, 2, 17, 18, 19, 20, 21, 22, 23, 24, 25], [1, 2, 3, 4, 5, 6, 7, 8, 15, 10, 11, 12, 13, 14, 9, 16, 17, 18, 19, 20, 21, 22, 23, 24, 25], [1, 2, 3, 4, 5, 6, 7, 8, 9, 10, 11, 12, 13, 14, 15, 16, 17, 18, 19, 20, 21, 22, 23, 24, 25]], pos=[[24, 16, 17, 5, 6, 21, 1, 23, 15, 20, 11, 3, 4, 10, 9, 2, 13, 12, 22, 25, 8, 18, 7, 19, 14], [24, 16, 17, 5, 6, 21, 7, 23, 15, 20, 11, 3, 4, 10, 9, 2, 13, 12, 22, 25, 8, 18, 1, 19, 14], [24, 16, 17, 5, 6, 21, 7, 23, 15, 25, 11, 3, 4, 10, 9, 2, 13, 12, 22, 20, 8, 18, 1, 19, 14], [24, 16, 17, 5, 6, 21, 7, 23, 15, 10, 11, 3, 4, 25, 9, 2, 13, 12, 22, 20, 8, 18, 1, 19, 14], [24, 16, 17, 5, 6, 21, 7, 23, 15, 10, 11, 3, 4, 14, 9, 2, 13, 12, 22, 20, 8, 18, 1, 19, 25], [24, 16, 17, 5, 6, 21, 7, 23, 15, 10, 11, 3, 4, 14, 9, 2, 13, 12, 18, 20, 8, 22, 1, 19, 25], [19, 16, 17, 5, 6, 21, 7, 23, 15, 10, 11, 3, 4, 14, 9, 2, 13, 12, 18, 20, 8, 22, 1, 24, 25], [18, 16, 17, 5, 6, 21, 7, 23, 15, 10, 11, 3, 4, 14, 9, 2, 13, 12, 19, 20, 8, 22, 1, 24, 25], [12, 16, 17, 5, 6, 21, 7, 23, 15, 10, 11, 3, 4, 14, 9, 2, 13, 18, 19, 20, 8, 22, 1, 24, 25], [12, 16, 13, 5, 6, 21, 7, 23, 15, 10, 11, 3, 4, 14, 9, 2, 17, 18, 19, 20, 8, 22, 1, 24, 25], [12, 16, 4, 5, 6, 21, 7, 23, 15, 10, 11, 3, 13, 14, 9, 2, 17, 18, 19, 20, 8, 22, 1, 24, 25], [12, 16, 4, 6, 5, 21, 7, 23, 15, 10, 11, 3, 13, 14, 9, 2, 17, 18, 19, 20, 8, 22, 1, 24, 25], [12, 16, 4, 6, 5, 21, 7, 8, 15, 10, 11, 3, 13, 14, 9, 2, 17, 18, 19, 20, 23, 22, 1, 24, 25], [12, 16, 4, 6, 5, 23, 7, 8, 15, 10, 11, 3, 13, 14, 9, 2, 17, 18, 19, 20, 21, 22, 1, 24, 25], [12, 16, 4, 23, 5, 6, 7, 8, 15, 10, 11, 3, 13, 14, 9, 2, 17, 18, 19, 20, 21, 22, 1, 24, 25], [12, 16, 23, 4, 5, 6, 7, 8, 15, 10, 11, 3, 13, 14, 9, 2, 17, 18, 19, 20, 21, 22, 1, 24, 25], [12, 16, 1, 4, 5, 6, 7, 8, 15, 10, 11, 3, 13, 14, 9, 2, 17, 18, 19, 20, 21, 22, 23, 24, 25], [12, 16, 3, 4, 5, 6, 7, 8, 15, 10, 11, 1, 13, 14, 9, 2, 17, 18, 19, 20, 21, 22, 23, 24, 25], [1, 16, 3, 4, 5, 6, 7, 8, 15, 10, 11, 12, 13, 14, 9, 2, 17, 18, 19, 20, 21, 22, 23, 24, 25], [1, 2, 3, 4, 5, 6, 7, 8, 15, 10, 11, 12, 13, 14, 9, 16, 17, 18, 19, 20, 21, 22, 23, 24, 25], [1, 2, 3, 4, 5, 6, 7, 8, 9, 10, 11, 12, 13, 14, 15, 16, 17, 18, 19, 20, 21, 22, 23, 24, 25]], idx1=[1, 20, 10, 14, 18, 19, 18, 12, 13, 4, 5, 8, 21, 6, 4, 1, 1, 1, 2, 9], idx2=[7, 25, 25, 25, 22, 24, 19, 18, 17, 13, 6, 23, 23, 23, 23, 23, 3, 12, 16, 15], _checker='')