============================================================
BENCHMARK ID: 36 | DIMENSIONE: 20 | STRATEGIA: maxregret
============================================================

Input Vector: [13, 20, 1, 15, 5, 19, 6, 18, 3, 14, 16, 12, 10, 7, 4, 9, 2, 11, 8, 17]

STATO: RISOLTO
K: 15
TEMPO: 0.5810s
----------------------------------------
PIANO:
Solution(v=[[13, 20, 1, 15, 5, 19, 6, 18, 3, 14, 16, 12, 10, 7, 4, 9, 2, 11, 8, 17], [10, 20, 1, 15, 5, 19, 6, 18, 3, 14, 16, 12, 13, 7, 4, 9, 2, 11, 8, 17], [10, 17, 1, 15, 5, 19, 6, 18, 3, 14, 16, 12, 13, 7, 4, 9, 2, 11, 8, 20], [10, 17, 1, 15, 5, 19, 6, 18, 3, 14, 11, 12, 13, 7, 4, 9, 2, 16, 8, 20], [10, 17, 1, 15, 5, 19, 6, 18, 3, 14, 11, 12, 13, 7, 4, 16, 2, 9, 8, 20], [10, 17, 1, 15, 5, 19, 6, 18, 9, 14, 11, 12, 13, 7, 4, 16, 2, 3, 8, 20], [10, 17, 1, 15, 5, 19, 6, 18, 9, 7, 11, 12, 13, 14, 4, 16, 2, 3, 8, 20], [7, 17, 1, 15, 5, 19, 6, 18, 9, 10, 11, 12, 13, 14, 4, 16, 2, 3, 8, 20], [7, 17, 1, 15, 5, 19, 6, 8, 9, 10, 11, 12, 13, 14, 4, 16, 2, 3, 18, 20], [7, 17, 1, 15, 5, 19, 6, 8, 9, 10, 11, 12, 13, 14, 4, 16, 2, 18, 3, 20], [7, 17, 3, 15, 5, 19, 6, 8, 9, 10, 11, 12, 13, 14, 4, 16, 2, 18, 1, 20], [7, 17, 3, 15, 5, 1, 6, 8, 9, 10, 11, 12, 13, 14, 4, 16, 2, 18, 19, 20], [1, 17, 3, 15, 5, 7, 6, 8, 9, 10, 11, 12, 13, 14, 4, 16, 2, 18, 19, 20], [1, 2, 3, 15, 5, 7, 6, 8, 9, 10, 11, 12, 13, 14, 4, 16, 17, 18, 19, 20], [1, 2, 3, 4, 5, 7, 6, 8, 9, 10, 11, 12, 13, 14, 15, 16, 17, 18, 19, 20], [1, 2, 3, 4, 5, 6, 7, 8, 9, 10, 11, 12, 13, 14, 15, 16, 17, 18, 19, 20]], pos=[[3, 17, 9, 15, 5, 7, 14, 19, 16, 13, 18, 12, 1, 10, 4, 11, 20, 8, 6, 2], [3, 17, 9, 15, 5, 7, 14, 19, 16, 1, 18, 12, 13, 10, 4, 11, 20, 8, 6, 2], [3, 17, 9, 15, 5, 7, 14, 19, 16, 1, 18, 12, 13, 10, 4, 11, 2, 8, 6, 20], [3, 17, 9, 15, 5, 7, 14, 19, 16, 1, 11, 12, 13, 10, 4, 18, 2, 8, 6, 20], [3, 17, 9, 15, 5, 7, 14, 19, 18, 1, 11, 12, 13, 10, 4, 16, 2, 8, 6, 20], [3, 17, 18, 15, 5, 7, 14, 19, 9, 1, 11, 12, 13, 10, 4, 16, 2, 8, 6, 20], [3, 17, 18, 15, 5, 7, 10, 19, 9, 1, 11, 12, 13, 14, 4, 16, 2, 8, 6, 20], [3, 17, 18, 15, 5, 7, 1, 19, 9, 10, 11, 12, 13, 14, 4, 16, 2, 8, 6, 20], [3, 17, 18, 15, 5, 7, 1, 8, 9, 10, 11, 12, 13, 14, 4, 16, 2, 19, 6, 20], [3, 17, 19, 15, 5, 7, 1, 8, 9, 10, 11, 12, 13, 14, 4, 16, 2, 18, 6, 20], [19, 17, 3, 15, 5, 7, 1, 8, 9, 10, 11, 12, 13, 14, 4, 16, 2, 18, 6, 20], [6, 17, 3, 15, 5, 7, 1, 8, 9, 10, 11, 12, 13, 14, 4, 16, 2, 18, 19, 20], [1, 17, 3, 15, 5, 7, 6, 8, 9, 10, 11, 12, 13, 14, 4, 16, 2, 18, 19, 20], [1, 2, 3, 15, 5, 7, 6, 8, 9, 10, 11, 12, 13, 14, 4, 16, 17, 18, 19, 20], [1, 2, 3, 4, 5, 7, 6, 8, 9, 10, 11, 12, 13, 14, 15, 16, 17, 18, 19, 20], [1, 2, 3, 4, 5, 6, 7, 8, 9, 10, 11, 12, 13, 14, 15, 16, 17, 18, 19, 20]], idx1=[1, 2, 11, 16, 9, 10, 1, 8, 18, 3, 6, 1, 2, 4, 6], idx2=[13, 20, 18, 18, 18, 14, 10, 19, 19, 19, 19, 6, 17, 15, 7], _checker='')