============================================================
BENCHMARK ID: 18 | DIMENSIONE: 10 | STRATEGIA: maxregret
============================================================

Input Vector: [3, 9, 10, 6, 4, 7, 1, 2, 5, 8]

STATO: RISOLTO
K: 9
TEMPO: 0.2500s
----------------------------------------
PIANO:
Solution(v=[[3, 9, 10, 6, 4, 7, 1, 2, 5, 8], [3, 9, 10, 6, 4, 1, 7, 2, 5, 8], [1, 9, 10, 6, 4, 3, 7, 2, 5, 8], [1, 9, 10, 3, 4, 6, 7, 2, 5, 8], [1, 9, 10, 3, 5, 6, 7, 2, 4, 8], [1, 4, 10, 3, 5, 6, 7, 2, 9, 8], [1, 4, 10, 3, 5, 6, 7, 8, 9, 2], [1, 2, 10, 3, 5, 6, 7, 8, 9, 4], [1, 2, 4, 3, 5, 6, 7, 8, 9, 10], [1, 2, 3, 4, 5, 6, 7, 8, 9, 10]], pos=[[7, 8, 1, 5, 9, 4, 6, 10, 2, 3], [6, 8, 1, 5, 9, 4, 7, 10, 2, 3], [1, 8, 6, 5, 9, 4, 7, 10, 2, 3], [1, 8, 4, 5, 9, 6, 7, 10, 2, 3], [1, 8, 4, 9, 5, 6, 7, 10, 2, 3], [1, 8, 4, 2, 5, 6, 7, 10, 9, 3], [1, 10, 4, 2, 5, 6, 7, 8, 9, 3], [1, 2, 4, 10, 5, 6, 7, 8, 9, 3], [1, 2, 4, 3, 5, 6, 7, 8, 9, 10], [1, 2, 3, 4, 5, 6, 7, 8, 9, 10]], idx1=[6, 1, 4, 5, 2, 8, 2, 3, 3], idx2=[7, 6, 6, 9, 9, 10, 10, 10, 4], _checker='')