============================================================
BENCHMARK ID: 34 | DIMENSIONE: 20 | STRATEGIA: maxregret
============================================================

Input Vector: [20, 18, 5, 11, 1, 14, 16, 2, 8, 7, 13, 6, 10, 19, 12, 9, 4, 17, 15, 3]

STATO: RISOLTO
K: 17
TEMPO: 0.3650s
----------------------------------------
PIANO:
Solution(v=[[20, 18, 5, 11, 1, 14, 16, 2, 8, 7, 13, 6, 10, 19, 12, 9, 4, 17, 15, 3], [20, 18, 5, 11, 1, 14, 16, 2, 8, 7, 10, 6, 13, 19, 12, 9, 4, 17, 15, 3], [20, 18, 5, 11, 1, 14, 16, 2, 8, 7, 10, 12, 13, 19, 6, 9, 4, 17, 15, 3], [20, 18, 5, 11, 1, 14, 16, 2, 8, 7, 10, 12, 13, 15, 6, 9, 4, 17, 19, 3], [20, 18, 5, 11, 1, 15, 16, 2, 8, 7, 10, 12, 13, 14, 6, 9, 4, 17, 19, 3], [20, 18, 5, 11, 1, 15, 16, 2, 8, 7, 10, 12, 13, 14, 6, 9, 17, 4, 19, 3], [20, 4, 5, 11, 1, 15, 16, 2, 8, 7, 10, 12, 13, 14, 6, 9, 17, 18, 19, 3], [20, 4, 5, 11, 1, 15, 16, 2, 9, 7, 10, 12, 13, 14, 6, 8, 17, 18, 19, 3], [20, 4, 5, 11, 1, 15, 16, 8, 9, 7, 10, 12, 13, 14, 6, 2, 17, 18, 19, 3], [20, 4, 5, 11, 1, 15, 16, 8, 9, 10, 7, 12, 13, 14, 6, 2, 17, 18, 19, 3], [20, 4, 5, 7, 1, 15, 16, 8, 9, 10, 11, 12, 13, 14, 6, 2, 17, 18, 19, 3], [20, 7, 5, 4, 1, 15, 16, 8, 9, 10, 11, 12, 13, 14, 6, 2, 17, 18, 19, 3], [20, 7, 1, 4, 5, 15, 16, 8, 9, 10, 11, 12, 13, 14, 6, 2, 17, 18, 19, 3], [1, 7, 20, 4, 5, 15, 16, 8, 9, 10, 11, 12, 13, 14, 6, 2, 17, 18, 19, 3], [1, 7, 3, 4, 5, 15, 16, 8, 9, 10, 11, 12, 13, 14, 6, 2, 17, 18, 19, 20], [1, 7, 3, 4, 5, 6, 16, 8, 9, 10, 11, 12, 13, 14, 15, 2, 17, 18, 19, 20], [1, 7, 3, 4, 5, 6, 2, 8, 9, 10, 11, 12, 13, 14, 15, 16, 17, 18, 19, 20], [1, 2, 3, 4, 5, 6, 7, 8, 9, 10, 11, 12, 13, 14, 15, 16, 17, 18, 19, 20]], pos=[[5, 8, 20, 17, 3, 12, 10, 9, 16, 13, 4, 15, 11, 6, 19, 7, 18, 2, 14, 1], [5, 8, 20, 17, 3, 12, 10, 9, 16, 11, 4, 15, 13, 6, 19, 7, 18, 2, 14, 1], [5, 8, 20, 17, 3, 15, 10, 9, 16, 11, 4, 12, 13, 6, 19, 7, 18, 2, 14, 1], [5, 8, 20, 17, 3, 15, 10, 9, 16, 11, 4, 12, 13, 6, 14, 7, 18, 2, 19, 1], [5, 8, 20, 17, 3, 15, 10, 9, 16, 11, 4, 12, 13, 14, 6, 7, 18, 2, 19, 1], [5, 8, 20, 18, 3, 15, 10, 9, 16, 11, 4, 12, 13, 14, 6, 7, 17, 2, 19, 1], [5, 8, 20, 2, 3, 15, 10, 9, 16, 11, 4, 12, 13, 14, 6, 7, 17, 18, 19, 1], [5, 8, 20, 2, 3, 15, 10, 16, 9, 11, 4, 12, 13, 14, 6, 7, 17, 18, 19, 1], [5, 16, 20, 2, 3, 15, 10, 8, 9, 11, 4, 12, 13, 14, 6, 7, 17, 18, 19, 1], [5, 16, 20, 2, 3, 15, 11, 8, 9, 10, 4, 12, 13, 14, 6, 7, 17, 18, 19, 1], [5, 16, 20, 2, 3, 15, 4, 8, 9, 10, 11, 12, 13, 14, 6, 7, 17, 18, 19, 1], [5, 16, 20, 4, 3, 15, 2, 8, 9, 10, 11, 12, 13, 14, 6, 7, 17, 18, 19, 1], [3, 16, 20, 4, 5, 15, 2, 8, 9, 10, 11, 12, 13, 14, 6, 7, 17, 18, 19, 1], [1, 16, 20, 4, 5, 15, 2, 8, 9, 10, 11, 12, 13, 14, 6, 7, 17, 18, 19, 3], [1, 16, 3, 4, 5, 15, 2, 8, 9, 10, 11, 12, 13, 14, 6, 7, 17, 18, 19, 20], [1, 16, 3, 4, 5, 6, 2, 8, 9, 10, 11, 12, 13, 14, 15, 7, 17, 18, 19, 20], [1, 7, 3, 4, 5, 6, 2, 8, 9, 10, 11, 12, 13, 14, 15, 16, 17, 18, 19, 20], [1, 2, 3, 4, 5, 6, 7, 8, 9, 10, 11, 12, 13, 14, 15, 16, 17, 18, 19, 20]], idx1=[11, 12, 14, 6, 17, 2, 9, 8, 10, 4, 2, 3, 1, 3, 6, 7, 2], idx2=[13, 15, 19, 14, 18, 18, 16, 16, 11, 11, 4, 5, 3, 20, 15, 16, 7], _checker='')