============================================================
BENCHMARK ID: 17 | DIMENSIONE: 10 | STRATEGIA: maxregret
============================================================

Input Vector: [3, 6, 5, 4, 1, 9, 10, 7, 8, 2]

STATO: RISOLTO
K: 7
TEMPO: 0.2110s
----------------------------------------
PIANO:
Solution(v=[[3, 6, 5, 4, 1, 9, 10, 7, 8, 2], [3, 6, 5, 4, 1, 9, 10, 8, 7, 2], [3, 6, 5, 4, 1, 7, 10, 8, 9, 2], [3, 6, 5, 4, 1, 7, 2, 8, 9, 10], [3, 2, 5, 4, 1, 7, 6, 8, 9, 10], [3, 2, 1, 4, 5, 7, 6, 8, 9, 10], [1, 2, 3, 4, 5, 7, 6, 8, 9, 10], [1, 2, 3, 4, 5, 6, 7, 8, 9, 10]], pos=[[5, 10, 1, 4, 3, 2, 8, 9, 6, 7], [5, 10, 1, 4, 3, 2, 9, 8, 6, 7], [5, 10, 1, 4, 3, 2, 6, 8, 9, 7], [5, 7, 1, 4, 3, 2, 6, 8, 9, 10], [5, 2, 1, 4, 3, 7, 6, 8, 9, 10], [3, 2, 1, 4, 5, 7, 6, 8, 9, 10], [1, 2, 3, 4, 5, 7, 6, 8, 9, 10], [1, 2, 3, 4, 5, 6, 7, 8, 9, 10]], idx1=[8, 6, 7, 2, 3, 1, 6], idx2=[9, 9, 10, 7, 5, 3, 7], _checker='')