============================================================
BENCHMARK ID: 40 | DIMENSIONE: 20 | STRATEGIA: maxregret
============================================================

Input Vector: [15, 12, 11, 6, 10, 2, 17, 14, 19, 7, 16, 5, 4, 9, 13, 1, 18, 20, 8, 3]

STATO: RISOLTO
K: 18
TEMPO: 0.3720s
----------------------------------------
PIANO:
Solution(v=[[15, 12, 11, 6, 10, 2, 17, 14, 19, 7, 16, 5, 4, 9, 13, 1, 18, 20, 8, 3], [15, 12, 11, 6, 10, 2, 17, 14, 8, 7, 16, 5, 4, 9, 13, 1, 18, 20, 19, 3], [15, 12, 11, 6, 10, 2, 17, 14, 8, 7, 16, 5, 4, 9, 13, 1, 20, 18, 19, 3], [15, 12, 11, 6, 10, 2, 20, 14, 8, 7, 16, 5, 4, 9, 13, 1, 17, 18, 19, 3], [15, 12, 11, 6, 10, 2, 20, 14, 8, 7, 1, 5, 4, 9, 13, 16, 17, 18, 19, 3], [1, 12, 11, 6, 10, 2, 20, 14, 8, 7, 15, 5, 4, 9, 13, 16, 17, 18, 19, 3], [1, 12, 15, 6, 10, 2, 20, 14, 8, 7, 11, 5, 4, 9, 13, 16, 17, 18, 19, 3], [1, 12, 15, 6, 10, 2, 20, 8, 14, 7, 11, 5, 4, 9, 13, 16, 17, 18, 19, 3], [1, 12, 15, 6, 10, 2, 20, 8, 14, 7, 11, 5, 13, 9, 4, 16, 17, 18, 19, 3], [1, 12, 4, 6, 10, 2, 20, 8, 14, 7, 11, 5, 13, 9, 15, 16, 17, 18, 19, 3], [1, 12, 4, 6, 10, 2, 3, 8, 14, 7, 11, 5, 13, 9, 15, 16, 17, 18, 19, 20], [1, 12, 4, 6, 10, 2, 7, 8, 14, 3, 11, 5, 13, 9, 15, 16, 17, 18, 19, 20], [1, 12, 3, 6, 10, 2, 7, 8, 14, 4, 11, 5, 13, 9, 15, 16, 17, 18, 19, 20], [1, 12, 3, 6, 5, 2, 7, 8, 14, 4, 11, 10, 13, 9, 15, 16, 17, 18, 19, 20], [1, 12, 3, 6, 5, 2, 7, 8, 14, 10, 11, 4, 13, 9, 15, 16, 17, 18, 19, 20], [1, 4, 3, 6, 5, 2, 7, 8, 14, 10, 11, 12, 13, 9, 15, 16, 17, 18, 19, 20], [1, 2, 3, 6, 5, 4, 7, 8, 14, 10, 11, 12, 13, 9, 15, 16, 17, 18, 19, 20], [1, 2, 3, 4, 5, 6, 7, 8, 14, 10, 11, 12, 13, 9, 15, 16, 17, 18, 19, 20], [1, 2, 3, 4, 5, 6, 7, 8, 9, 10, 11, 12, 13, 14, 15, 16, 17, 18, 19, 20]], pos=[[16, 6, 20, 13, 12, 4, 10, 19, 14, 5, 3, 2, 15, 8, 1, 11, 7, 17, 9, 18], [16, 6, 20, 13, 12, 4, 10, 9, 14, 5, 3, 2, 15, 8, 1, 11, 7, 17, 19, 18], [16, 6, 20, 13, 12, 4, 10, 9, 14, 5, 3, 2, 15, 8, 1, 11, 7, 18, 19, 17], [16, 6, 20, 13, 12, 4, 10, 9, 14, 5, 3, 2, 15, 8, 1, 11, 17, 18, 19, 7], [11, 6, 20, 13, 12, 4, 10, 9, 14, 5, 3, 2, 15, 8, 1, 16, 17, 18, 19, 7], [1, 6, 20, 13, 12, 4, 10, 9, 14, 5, 3, 2, 15, 8, 11, 16, 17, 18, 19, 7], [1, 6, 20, 13, 12, 4, 10, 9, 14, 5, 11, 2, 15, 8, 3, 16, 17, 18, 19, 7], [1, 6, 20, 13, 12, 4, 10, 8, 14, 5, 11, 2, 15, 9, 3, 16, 17, 18, 19, 7], [1, 6, 20, 15, 12, 4, 10, 8, 14, 5, 11, 2, 13, 9, 3, 16, 17, 18, 19, 7], [1, 6, 20, 3, 12, 4, 10, 8, 14, 5, 11, 2, 13, 9, 15, 16, 17, 18, 19, 7], [1, 6, 7, 3, 12, 4, 10, 8, 14, 5, 11, 2, 13, 9, 15, 16, 17, 18, 19, 20], [1, 6, 10, 3, 12, 4, 7, 8, 14, 5, 11, 2, 13, 9, 15, 16, 17, 18, 19, 20], [1, 6, 3, 10, 12, 4, 7, 8, 14, 5, 11, 2, 13, 9, 15, 16, 17, 18, 19, 20], [1, 6, 3, 10, 5, 4, 7, 8, 14, 12, 11, 2, 13, 9, 15, 16, 17, 18, 19, 20], [1, 6, 3, 12, 5, 4, 7, 8, 14, 10, 11, 2, 13, 9, 15, 16, 17, 18, 19, 20], [1, 6, 3, 2, 5, 4, 7, 8, 14, 10, 11, 12, 13, 9, 15, 16, 17, 18, 19, 20], [1, 2, 3, 6, 5, 4, 7, 8, 14, 10, 11, 12, 13, 9, 15, 16, 17, 18, 19, 20], [1, 2, 3, 4, 5, 6, 7, 8, 14, 10, 11, 12, 13, 9, 15, 16, 17, 18, 19, 20], [1, 2, 3, 4, 5, 6, 7, 8, 9, 10, 11, 12, 13, 14, 15, 16, 17, 18, 19, 20]], idx1=[9, 17, 7, 11, 1, 3, 8, 13, 3, 7, 7, 3, 5, 10, 2, 2, 4, 9], idx2=[19, 18, 17, 16, 11, 11, 9, 15, 15, 20, 10, 10, 12, 12, 12, 6, 6, 14], _checker='')