============================================================
BENCHMARK ID: 27 | DIMENSIONE: 15 | STRATEGIA: maxregret
============================================================

Input Vector: [14, 1, 8, 9, 4, 5, 15, 13, 12, 2, 3, 7, 6, 11, 10]

STATO: RISOLTO
K: 14
TEMPO: 0.2830s
----------------------------------------
PIANO:
Solution(v=[[14, 1, 8, 9, 4, 5, 15, 13, 12, 2, 3, 7, 6, 11, 10], [14, 2, 8, 9, 4, 5, 15, 13, 12, 1, 3, 7, 6, 11, 10], [1, 2, 8, 9, 4, 5, 15, 13, 12, 14, 3, 7, 6, 11, 10], [1, 2, 8, 9, 4, 5, 10, 13, 12, 14, 3, 7, 6, 11, 15], [1, 2, 8, 9, 4, 5, 10, 13, 7, 14, 3, 12, 6, 11, 15], [1, 2, 8, 9, 4, 5, 10, 13, 7, 11, 3, 12, 6, 14, 15], [1, 2, 8, 9, 4, 5, 11, 13, 7, 10, 3, 12, 6, 14, 15], [1, 2, 8, 9, 4, 5, 11, 6, 7, 10, 3, 12, 13, 14, 15], [1, 2, 6, 9, 4, 5, 11, 8, 7, 10, 3, 12, 13, 14, 15], [1, 2, 6, 9, 4, 5, 7, 8, 11, 10, 3, 12, 13, 14, 15], [1, 2, 6, 9, 4, 5, 7, 8, 3, 10, 11, 12, 13, 14, 15], [1, 2, 3, 9, 4, 5, 7, 8, 6, 10, 11, 12, 13, 14, 15], [1, 2, 3, 9, 5, 4, 7, 8, 6, 10, 11, 12, 13, 14, 15], [1, 2, 3, 9, 5, 6, 7, 8, 4, 10, 11, 12, 13, 14, 15], [1, 2, 3, 4, 5, 6, 7, 8, 9, 10, 11, 12, 13, 14, 15]], pos=[[2, 10, 11, 5, 6, 13, 12, 3, 4, 15, 14, 9, 8, 1, 7], [10, 2, 11, 5, 6, 13, 12, 3, 4, 15, 14, 9, 8, 1, 7], [1, 2, 11, 5, 6, 13, 12, 3, 4, 15, 14, 9, 8, 10, 7], [1, 2, 11, 5, 6, 13, 12, 3, 4, 7, 14, 9, 8, 10, 15], [1, 2, 11, 5, 6, 13, 9, 3, 4, 7, 14, 12, 8, 10, 15], [1, 2, 11, 5, 6, 13, 9, 3, 4, 7, 10, 12, 8, 14, 15], [1, 2, 11, 5, 6, 13, 9, 3, 4, 10, 7, 12, 8, 14, 15], [1, 2, 11, 5, 6, 8, 9, 3, 4, 10, 7, 12, 13, 14, 15], [1, 2, 11, 5, 6, 3, 9, 8, 4, 10, 7, 12, 13, 14, 15], [1, 2, 11, 5, 6, 3, 7, 8, 4, 10, 9, 12, 13, 14, 15], [1, 2, 9, 5, 6, 3, 7, 8, 4, 10, 11, 12, 13, 14, 15], [1, 2, 3, 5, 6, 9, 7, 8, 4, 10, 11, 12, 13, 14, 15], [1, 2, 3, 6, 5, 9, 7, 8, 4, 10, 11, 12, 13, 14, 15], [1, 2, 3, 9, 5, 6, 7, 8, 4, 10, 11, 12, 13, 14, 15], [1, 2, 3, 4, 5, 6, 7, 8, 9, 10, 11, 12, 13, 14, 15]], idx1=[2, 1, 7, 9, 10, 7, 8, 3, 7, 9, 3, 5, 6, 4], idx2=[10, 10, 15, 12, 14, 10, 13, 8, 9, 11, 9, 6, 9, 9], _checker='')