============================================================
BENCHMARK ID: 31 | DIMENSIONE: 20 | STRATEGIA: maxregret
============================================================

Input Vector: [8, 7, 20, 2, 3, 18, 1, 11, 15, 17, 9, 6, 19, 5, 13, 4, 14, 12, 10, 16]

STATO: RISOLTO
K: 18
TEMPO: 0.3090s
----------------------------------------
PIANO:
Solution(v=[[8, 7, 20, 2, 3, 18, 1, 11, 15, 17, 9, 6, 19, 5, 13, 4, 14, 12, 10, 16], [8, 7, 20, 2, 3, 18, 1, 11, 15, 17, 9, 6, 19, 5, 13, 16, 14, 12, 10, 4], [8, 7, 20, 4, 3, 18, 1, 11, 15, 17, 9, 6, 19, 5, 13, 16, 14, 12, 10, 2], [8, 7, 20, 4, 3, 18, 1, 9, 15, 17, 11, 6, 19, 5, 13, 16, 14, 12, 10, 2], [8, 7, 20, 4, 3, 18, 1, 9, 15, 17, 11, 6, 13, 5, 19, 16, 14, 12, 10, 2], [8, 7, 20, 4, 3, 18, 1, 9, 19, 17, 11, 6, 13, 5, 15, 16, 14, 12, 10, 2], [8, 7, 20, 4, 3, 18, 1, 9, 19, 10, 11, 6, 13, 5, 15, 16, 14, 12, 17, 2], [8, 7, 20, 4, 3, 18, 1, 9, 19, 10, 11, 6, 13, 14, 15, 16, 5, 12, 17, 2], [8, 7, 20, 4, 5, 18, 1, 9, 19, 10, 11, 6, 13, 14, 15, 16, 3, 12, 17, 2], [8, 7, 20, 4, 5, 18, 1, 9, 17, 10, 11, 6, 13, 14, 15, 16, 3, 12, 19, 2], [8, 7, 20, 4, 5, 18, 1, 17, 9, 10, 11, 6, 13, 14, 15, 16, 3, 12, 19, 2], [8, 7, 20, 4, 5, 18, 1, 3, 9, 10, 11, 6, 13, 14, 15, 16, 17, 12, 19, 2], [3, 7, 20, 4, 5, 18, 1, 8, 9, 10, 11, 6, 13, 14, 15, 16, 17, 12, 19, 2], [1, 7, 20, 4, 5, 18, 3, 8, 9, 10, 11, 6, 13, 14, 15, 16, 17, 12, 19, 2], [1, 2, 20, 4, 5, 18, 3, 8, 9, 10, 11, 6, 13, 14, 15, 16, 17, 12, 19, 7], [1, 2, 7, 4, 5, 18, 3, 8, 9, 10, 11, 6, 13, 14, 15, 16, 17, 12, 19, 20], [1, 2, 3, 4, 5, 18, 7, 8, 9, 10, 11, 6, 13, 14, 15, 16, 17, 12, 19, 20], [1, 2, 3, 4, 5, 6, 7, 8, 9, 10, 11, 18, 13, 14, 15, 16, 17, 12, 19, 20], [1, 2, 3, 4, 5, 6, 7, 8, 9, 10, 11, 12, 13, 14, 15, 16, 17, 18, 19, 20]], pos=[[7, 4, 5, 16, 14, 12, 2, 1, 11, 19, 8, 18, 15, 17, 9, 20, 10, 6, 13, 3], [7, 4, 5, 20, 14, 12, 2, 1, 11, 19, 8, 18, 15, 17, 9, 16, 10, 6, 13, 3], [7, 20, 5, 4, 14, 12, 2, 1, 11, 19, 8, 18, 15, 17, 9, 16, 10, 6, 13, 3], [7, 20, 5, 4, 14, 12, 2, 1, 8, 19, 11, 18, 15, 17, 9, 16, 10, 6, 13, 3], [7, 20, 5, 4, 14, 12, 2, 1, 8, 19, 11, 18, 13, 17, 9, 16, 10, 6, 15, 3], [7, 20, 5, 4, 14, 12, 2, 1, 8, 19, 11, 18, 13, 17, 15, 16, 10, 6, 9, 3], [7, 20, 5, 4, 14, 12, 2, 1, 8, 10, 11, 18, 13, 17, 15, 16, 19, 6, 9, 3], [7, 20, 5, 4, 17, 12, 2, 1, 8, 10, 11, 18, 13, 14, 15, 16, 19, 6, 9, 3], [7, 20, 17, 4, 5, 12, 2, 1, 8, 10, 11, 18, 13, 14, 15, 16, 19, 6, 9, 3], [7, 20, 17, 4, 5, 12, 2, 1, 8, 10, 11, 18, 13, 14, 15, 16, 9, 6, 19, 3], [7, 20, 17, 4, 5, 12, 2, 1, 9, 10, 11, 18, 13, 14, 15, 16, 8, 6, 19, 3], [7, 20, 8, 4, 5, 12, 2, 1, 9, 10, 11, 18, 13, 14, 15, 16, 17, 6, 19, 3], [7, 20, 1, 4, 5, 12, 2, 8, 9, 10, 11, 18, 13, 14, 15, 16, 17, 6, 19, 3], [1, 20, 7, 4, 5, 12, 2, 8, 9, 10, 11, 18, 13, 14, 15, 16, 17, 6, 19, 3], [1, 2, 7, 4, 5, 12, 20, 8, 9, 10, 11, 18, 13, 14, 15, 16, 17, 6, 19, 3], [1, 2, 7, 4, 5, 12, 3, 8, 9, 10, 11, 18, 13, 14, 15, 16, 17, 6, 19, 20], [1, 2, 3, 4, 5, 12, 7, 8, 9, 10, 11, 18, 13, 14, 15, 16, 17, 6, 19, 20], [1, 2, 3, 4, 5, 6, 7, 8, 9, 10, 11, 18, 13, 14, 15, 16, 17, 12, 19, 20], [1, 2, 3, 4, 5, 6, 7, 8, 9, 10, 11, 12, 13, 14, 15, 16, 17, 18, 19, 20]], idx1=[16, 4, 8, 13, 9, 10, 14, 5, 9, 8, 8, 1, 1, 2, 3, 3, 6, 12], idx2=[20, 20, 11, 15, 15, 19, 17, 17, 19, 9, 17, 8, 7, 20, 20, 7, 12, 18], _checker='')