============================================================
BENCHMARK ID: 26 | DIMENSIONE: 15 | STRATEGIA: maxregret
============================================================

Input Vector: [10, 15, 1, 7, 11, 8, 4, 13, 5, 6, 3, 14, 9, 2, 12]

STATO: RISOLTO
K: 12
TEMPO: 0.2210s
----------------------------------------
PIANO:
Solution(v=[[10, 15, 1, 7, 11, 8, 4, 13, 5, 6, 3, 14, 9, 2, 12], [10, 15, 1, 7, 11, 8, 4, 13, 5, 6, 3, 12, 9, 2, 14], [10, 14, 1, 7, 11, 8, 4, 13, 5, 6, 3, 12, 9, 2, 15], [10, 14, 1, 7, 11, 13, 4, 8, 5, 6, 3, 12, 9, 2, 15], [10, 14, 1, 7, 11, 13, 4, 8, 9, 6, 3, 12, 5, 2, 15], [10, 14, 1, 7, 11, 5, 4, 8, 9, 6, 3, 12, 13, 2, 15], [10, 14, 1, 7, 5, 11, 4, 8, 9, 6, 3, 12, 13, 2, 15], [10, 14, 1, 7, 5, 6, 4, 8, 9, 11, 3, 12, 13, 2, 15], [10, 14, 1, 7, 5, 6, 4, 8, 9, 3, 11, 12, 13, 2, 15], [3, 14, 1, 7, 5, 6, 4, 8, 9, 10, 11, 12, 13, 2, 15], [1, 14, 3, 7, 5, 6, 4, 8, 9, 10, 11, 12, 13, 2, 15], [1, 2, 3, 7, 5, 6, 4, 8, 9, 10, 11, 12, 13, 14, 15], [1, 2, 3, 4, 5, 6, 7, 8, 9, 10, 11, 12, 13, 14, 15]], pos=[[3, 14, 11, 7, 9, 10, 4, 6, 13, 1, 5, 15, 8, 12, 2], [3, 14, 11, 7, 9, 10, 4, 6, 13, 1, 5, 12, 8, 15, 2], [3, 14, 11, 7, 9, 10, 4, 6, 13, 1, 5, 12, 8, 2, 15], [3, 14, 11, 7, 9, 10, 4, 8, 13, 1, 5, 12, 6, 2, 15], [3, 14, 11, 7, 13, 10, 4, 8, 9, 1, 5, 12, 6, 2, 15], [3, 14, 11, 7, 6, 10, 4, 8, 9, 1, 5, 12, 13, 2, 15], [3, 14, 11, 7, 5, 10, 4, 8, 9, 1, 6, 12, 13, 2, 15], [3, 14, 11, 7, 5, 6, 4, 8, 9, 1, 10, 12, 13, 2, 15], [3, 14, 10, 7, 5, 6, 4, 8, 9, 1, 11, 12, 13, 2, 15], [3, 14, 1, 7, 5, 6, 4, 8, 9, 10, 11, 12, 13, 2, 15], [1, 14, 3, 7, 5, 6, 4, 8, 9, 10, 11, 12, 13, 2, 15], [1, 2, 3, 7, 5, 6, 4, 8, 9, 10, 11, 12, 13, 14, 15], [1, 2, 3, 4, 5, 6, 7, 8, 9, 10, 11, 12, 13, 14, 15]], idx1=[12, 2, 6, 9, 6, 5, 6, 10, 1, 1, 2, 4], idx2=[15, 15, 8, 13, 13, 6, 10, 11, 10, 3, 14, 7], _checker='')