============================================================
BENCHMARK ID: 50 | DIMENSIONE: 25 | STRATEGIA: maxregret
============================================================

Input Vector: [14, 20, 15, 8, 10, 2, 16, 24, 19, 18, 21, 17, 9, 11, 3, 5, 23, 1, 6, 7, 22, 4, 25, 13, 12]

STATO: RISOLTO
K: 22
TEMPO: 0.4230s
----------------------------------------
PIANO:
Solution(v=[[14, 20, 15, 8, 10, 2, 16, 24, 19, 18, 21, 17, 9, 11, 3, 5, 23, 1, 6, 7, 22, 4, 25, 13, 12], [14, 20, 15, 8, 18, 2, 16, 24, 19, 10, 21, 17, 9, 11, 3, 5, 23, 1, 6, 7, 22, 4, 25, 13, 12], [14, 20, 15, 8, 18, 2, 16, 24, 19, 10, 21, 12, 9, 11, 3, 5, 23, 1, 6, 7, 22, 4, 25, 13, 17], [14, 20, 15, 8, 18, 2, 16, 24, 19, 10, 21, 12, 9, 11, 3, 5, 17, 1, 6, 7, 22, 4, 25, 13, 23], [14, 20, 15, 8, 18, 2, 16, 24, 19, 10, 21, 12, 9, 11, 3, 5, 17, 1, 6, 7, 4, 22, 25, 13, 23], [14, 20, 15, 4, 18, 2, 16, 24, 19, 10, 21, 12, 9, 11, 3, 5, 17, 1, 6, 7, 8, 22, 25, 13, 23], [14, 20, 15, 4, 18, 2, 16, 24, 19, 10, 21, 12, 13, 11, 3, 5, 17, 1, 6, 7, 8, 22, 25, 9, 23], [14, 20, 15, 4, 18, 2, 16, 9, 19, 10, 21, 12, 13, 11, 3, 5, 17, 1, 6, 7, 8, 22, 25, 24, 23], [14, 20, 15, 4, 18, 2, 16, 9, 19, 10, 8, 12, 13, 11, 3, 5, 17, 1, 6, 7, 21, 22, 25, 24, 23], [14, 20, 15, 4, 18, 2, 16, 8, 19, 10, 9, 12, 13, 11, 3, 5, 17, 1, 6, 7, 21, 22, 25, 24, 23], [14, 20, 15, 4, 18, 2, 16, 8, 19, 10, 11, 12, 13, 9, 3, 5, 17, 1, 6, 7, 21, 22, 25, 24, 23], [14, 20, 15, 4, 18, 2, 16, 8, 9, 10, 11, 12, 13, 19, 3, 5, 17, 1, 6, 7, 21, 22, 25, 24, 23], [14, 20, 15, 4, 18, 2, 16, 8, 9, 10, 11, 12, 13, 6, 3, 5, 17, 1, 19, 7, 21, 22, 25, 24, 23], [6, 20, 15, 4, 18, 2, 16, 8, 9, 10, 11, 12, 13, 14, 3, 5, 17, 1, 19, 7, 21, 22, 25, 24, 23], [2, 20, 15, 4, 18, 6, 16, 8, 9, 10, 11, 12, 13, 14, 3, 5, 17, 1, 19, 7, 21, 22, 25, 24, 23], [2, 20, 15, 4, 18, 6, 7, 8, 9, 10, 11, 12, 13, 14, 3, 5, 17, 1, 19, 16, 21, 22, 25, 24, 23], [2, 20, 15, 4, 18, 6, 7, 8, 9, 10, 11, 12, 13, 14, 3, 16, 17, 1, 19, 5, 21, 22, 25, 24, 23], [2, 20, 15, 4, 5, 6, 7, 8, 9, 10, 11, 12, 13, 14, 3, 16, 17, 1, 19, 18, 21, 22, 25, 24, 23], [2, 20, 15, 4, 5, 6, 7, 8, 9, 10, 11, 12, 13, 14, 3, 16, 17, 18, 19, 1, 21, 22, 25, 24, 23], [1, 20, 15, 4, 5, 6, 7, 8, 9, 10, 11, 12, 13, 14, 3, 16, 17, 18, 19, 2, 21, 22, 25, 24, 23], [1, 2, 15, 4, 5, 6, 7, 8, 9, 10, 11, 12, 13, 14, 3, 16, 17, 18, 19, 20, 21, 22, 25, 24, 23], [1, 2, 3, 4, 5, 6, 7, 8, 9, 10, 11, 12, 13, 14, 15, 16, 17, 18, 19, 20, 21, 22, 25, 24, 23], [1, 2, 3, 4, 5, 6, 7, 8, 9, 10, 11, 12, 13, 14, 15, 16, 17, 18, 19, 20, 21, 22, 23, 24, 25]], pos=[[18, 6, 15, 22, 16, 19, 20, 4, 13, 5, 14, 25, 24, 1, 3, 7, 12, 10, 9, 2, 11, 21, 17, 8, 23], [18, 6, 15, 22, 16, 19, 20, 4, 13, 10, 14, 25, 24, 1, 3, 7, 12, 5, 9, 2, 11, 21, 17, 8, 23], [18, 6, 15, 22, 16, 19, 20, 4, 13, 10, 14, 12, 24, 1, 3, 7, 25, 5, 9, 2, 11, 21, 17, 8, 23], [18, 6, 15, 22, 16, 19, 20, 4, 13, 10, 14, 12, 24, 1, 3, 7, 17, 5, 9, 2, 11, 21, 25, 8, 23], [18, 6, 15, 21, 16, 19, 20, 4, 13, 10, 14, 12, 24, 1, 3, 7, 17, 5, 9, 2, 11, 22, 25, 8, 23], [18, 6, 15, 4, 16, 19, 20, 21, 13, 10, 14, 12, 24, 1, 3, 7, 17, 5, 9, 2, 11, 22, 25, 8, 23], [18, 6, 15, 4, 16, 19, 20, 21, 24, 10, 14, 12, 13, 1, 3, 7, 17, 5, 9, 2, 11, 22, 25, 8, 23], [18, 6, 15, 4, 16, 19, 20, 21, 8, 10, 14, 12, 13, 1, 3, 7, 17, 5, 9, 2, 11, 22, 25, 24, 23], [18, 6, 15, 4, 16, 19, 20, 11, 8, 10, 14, 12, 13, 1, 3, 7, 17, 5, 9, 2, 21, 22, 25, 24, 23], [18, 6, 15, 4, 16, 19, 20, 8, 11, 10, 14, 12, 13, 1, 3, 7, 17, 5, 9, 2, 21, 22, 25, 24, 23], [18, 6, 15, 4, 16, 19, 20, 8, 14, 10, 11, 12, 13, 1, 3, 7, 17, 5, 9, 2, 21, 22, 25, 24, 23], [18, 6, 15, 4, 16, 19, 20, 8, 9, 10, 11, 12, 13, 1, 3, 7, 17, 5, 14, 2, 21, 22, 25, 24, 23], [18, 6, 15, 4, 16, 14, 20, 8, 9, 10, 11, 12, 13, 1, 3, 7, 17, 5, 19, 2, 21, 22, 25, 24, 23], [18, 6, 15, 4, 16, 1, 20, 8, 9, 10, 11, 12, 13, 14, 3, 7, 17, 5, 19, 2, 21, 22, 25, 24, 23], [18, 1, 15, 4, 16, 6, 20, 8, 9, 10, 11, 12, 13, 14, 3, 7, 17, 5, 19, 2, 21, 22, 25, 24, 23], [18, 1, 15, 4, 16, 6, 7, 8, 9, 10, 11, 12, 13, 14, 3, 20, 17, 5, 19, 2, 21, 22, 25, 24, 23], [18, 1, 15, 4, 20, 6, 7, 8, 9, 10, 11, 12, 13, 14, 3, 16, 17, 5, 19, 2, 21, 22, 25, 24, 23], [18, 1, 15, 4, 5, 6, 7, 8, 9, 10, 11, 12, 13, 14, 3, 16, 17, 20, 19, 2, 21, 22, 25, 24, 23], [20, 1, 15, 4, 5, 6, 7, 8, 9, 10, 11, 12, 13, 14, 3, 16, 17, 18, 19, 2, 21, 22, 25, 24, 23], [1, 20, 15, 4, 5, 6, 7, 8, 9, 10, 11, 12, 13, 14, 3, 16, 17, 18, 19, 2, 21, 22, 25, 24, 23], [1, 2, 15, 4, 5, 6, 7, 8, 9, 10, 11, 12, 13, 14, 3, 16, 17, 18, 19, 20, 21, 22, 25, 24, 23], [1, 2, 3, 4, 5, 6, 7, 8, 9, 10, 11, 12, 13, 14, 15, 16, 17, 18, 19, 20, 21, 22, 25, 24, 23], [1, 2, 3, 4, 5, 6, 7, 8, 9, 10, 11, 12, 13, 14, 15, 16, 17, 18, 19, 20, 21, 22, 23, 24, 25]], idx1=[5, 12, 17, 21, 4, 13, 8, 11, 8, 11, 9, 14, 1, 1, 7, 16, 5, 18, 1, 2, 3, 23], idx2=[10, 25, 25, 22, 21, 24, 24, 21, 11, 14, 14, 19, 14, 6, 20, 20, 20, 20, 20, 20, 15, 25], _checker='')