============================================================
BENCHMARK ID: 23 | DIMENSIONE: 15 | STRATEGIA: maxregret
============================================================

Input Vector: [4, 15, 10, 6, 14, 11, 12, 13, 8, 2, 1, 7, 5, 3, 9]

STATO: RISOLTO
K: 12
TEMPO: 0.3540s
----------------------------------------
PIANO:
Solution(v=[[4, 15, 10, 6, 14, 11, 12, 13, 8, 2, 1, 7, 5, 3, 9], [4, 15, 10, 6, 14, 1, 12, 13, 8, 2, 11, 7, 5, 3, 9], [4, 15, 10, 6, 14, 1, 7, 13, 8, 2, 11, 12, 5, 3, 9], [4, 15, 10, 6, 14, 1, 7, 13, 9, 2, 11, 12, 5, 3, 8], [4, 15, 10, 6, 14, 1, 7, 8, 9, 2, 11, 12, 5, 3, 13], [4, 13, 10, 6, 14, 1, 7, 8, 9, 2, 11, 12, 5, 3, 15], [4, 13, 2, 6, 14, 1, 7, 8, 9, 10, 11, 12, 5, 3, 15], [4, 13, 2, 6, 3, 1, 7, 8, 9, 10, 11, 12, 5, 14, 15], [4, 13, 2, 6, 5, 1, 7, 8, 9, 10, 11, 12, 3, 14, 15], [4, 3, 2, 6, 5, 1, 7, 8, 9, 10, 11, 12, 13, 14, 15], [4, 3, 2, 1, 5, 6, 7, 8, 9, 10, 11, 12, 13, 14, 15], [1, 3, 2, 4, 5, 6, 7, 8, 9, 10, 11, 12, 13, 14, 15], [1, 2, 3, 4, 5, 6, 7, 8, 9, 10, 11, 12, 13, 14, 15]], pos=[[11, 10, 14, 1, 13, 4, 12, 9, 15, 3, 6, 7, 8, 5, 2], [6, 10, 14, 1, 13, 4, 12, 9, 15, 3, 11, 7, 8, 5, 2], [6, 10, 14, 1, 13, 4, 7, 9, 15, 3, 11, 12, 8, 5, 2], [6, 10, 14, 1, 13, 4, 7, 15, 9, 3, 11, 12, 8, 5, 2], [6, 10, 14, 1, 13, 4, 7, 8, 9, 3, 11, 12, 15, 5, 2], [6, 10, 14, 1, 13, 4, 7, 8, 9, 3, 11, 12, 2, 5, 15], [6, 3, 14, 1, 13, 4, 7, 8, 9, 10, 11, 12, 2, 5, 15], [6, 3, 5, 1, 13, 4, 7, 8, 9, 10, 11, 12, 2, 14, 15], [6, 3, 13, 1, 5, 4, 7, 8, 9, 10, 11, 12, 2, 14, 15], [6, 3, 2, 1, 5, 4, 7, 8, 9, 10, 11, 12, 13, 14, 15], [4, 3, 2, 1, 5, 6, 7, 8, 9, 10, 11, 12, 13, 14, 15], [1, 3, 2, 4, 5, 6, 7, 8, 9, 10, 11, 12, 13, 14, 15], [1, 2, 3, 4, 5, 6, 7, 8, 9, 10, 11, 12, 13, 14, 15]], idx1=[6, 7, 9, 8, 2, 3, 5, 5, 2, 4, 1, 2], idx2=[11, 12, 15, 15, 15, 10, 14, 13, 13, 6, 4, 3], _checker='')