============================================================
BENCHMARK ID: 38 | DIMENSIONE: 20 | STRATEGIA: maxregret
============================================================

Input Vector: [10, 4, 17, 15, 7, 19, 14, 8, 1, 2, 9, 5, 12, 18, 20, 16, 13, 6, 3, 11]

STATO: RISOLTO
K: 16
TEMPO: 0.2490s
----------------------------------------
PIANO:
Solution(v=[[10, 4, 17, 15, 7, 19, 14, 8, 1, 2, 9, 5, 12, 18, 20, 16, 13, 6, 3, 11], [10, 4, 17, 15, 7, 19, 14, 8, 1, 2, 9, 5, 12, 18, 11, 16, 13, 6, 3, 20], [10, 4, 17, 15, 7, 19, 14, 8, 1, 2, 11, 5, 12, 18, 9, 16, 13, 6, 3, 20], [10, 4, 17, 9, 7, 19, 14, 8, 1, 2, 11, 5, 12, 18, 15, 16, 13, 6, 3, 20], [10, 4, 17, 1, 7, 19, 14, 8, 9, 2, 11, 5, 12, 18, 15, 16, 13, 6, 3, 20], [1, 4, 17, 10, 7, 19, 14, 8, 9, 2, 11, 5, 12, 18, 15, 16, 13, 6, 3, 20], [1, 4, 17, 10, 7, 19, 14, 8, 9, 2, 11, 5, 13, 18, 15, 16, 12, 6, 3, 20], [1, 4, 17, 10, 7, 19, 14, 8, 9, 2, 11, 5, 13, 6, 15, 16, 12, 18, 3, 20], [1, 4, 17, 10, 7, 19, 6, 8, 9, 2, 11, 5, 13, 14, 15, 16, 12, 18, 3, 20], [1, 4, 17, 10, 6, 19, 7, 8, 9, 2, 11, 5, 13, 14, 15, 16, 12, 18, 3, 20], [1, 4, 17, 10, 19, 6, 7, 8, 9, 2, 11, 5, 13, 14, 15, 16, 12, 18, 3, 20], [1, 4, 17, 10, 19, 6, 7, 8, 9, 2, 11, 12, 13, 14, 15, 16, 5, 18, 3, 20], [1, 4, 5, 10, 19, 6, 7, 8, 9, 2, 11, 12, 13, 14, 15, 16, 17, 18, 3, 20], [1, 4, 5, 2, 19, 6, 7, 8, 9, 10, 11, 12, 13, 14, 15, 16, 17, 18, 3, 20], [1, 2, 5, 4, 19, 6, 7, 8, 9, 10, 11, 12, 13, 14, 15, 16, 17, 18, 3, 20], [1, 2, 19, 4, 5, 6, 7, 8, 9, 10, 11, 12, 13, 14, 15, 16, 17, 18, 3, 20], [1, 2, 3, 4, 5, 6, 7, 8, 9, 10, 11, 12, 13, 14, 15, 16, 17, 18, 19, 20]], pos=[[9, 10, 19, 2, 12, 18, 5, 8, 11, 1, 20, 13, 17, 7, 4, 16, 3, 14, 6, 15], [9, 10, 19, 2, 12, 18, 5, 8, 11, 1, 15, 13, 17, 7, 4, 16, 3, 14, 6, 20], [9, 10, 19, 2, 12, 18, 5, 8, 15, 1, 11, 13, 17, 7, 4, 16, 3, 14, 6, 20], [9, 10, 19, 2, 12, 18, 5, 8, 4, 1, 11, 13, 17, 7, 15, 16, 3, 14, 6, 20], [4, 10, 19, 2, 12, 18, 5, 8, 9, 1, 11, 13, 17, 7, 15, 16, 3, 14, 6, 20], [1, 10, 19, 2, 12, 18, 5, 8, 9, 4, 11, 13, 17, 7, 15, 16, 3, 14, 6, 20], [1, 10, 19, 2, 12, 18, 5, 8, 9, 4, 11, 17, 13, 7, 15, 16, 3, 14, 6, 20], [1, 10, 19, 2, 12, 14, 5, 8, 9, 4, 11, 17, 13, 7, 15, 16, 3, 18, 6, 20], [1, 10, 19, 2, 12, 7, 5, 8, 9, 4, 11, 17, 13, 14, 15, 16, 3, 18, 6, 20], [1, 10, 19, 2, 12, 5, 7, 8, 9, 4, 11, 17, 13, 14, 15, 16, 3, 18, 6, 20], [1, 10, 19, 2, 12, 6, 7, 8, 9, 4, 11, 17, 13, 14, 15, 16, 3, 18, 5, 20], [1, 10, 19, 2, 17, 6, 7, 8, 9, 4, 11, 12, 13, 14, 15, 16, 3, 18, 5, 20], [1, 10, 19, 2, 3, 6, 7, 8, 9, 4, 11, 12, 13, 14, 15, 16, 17, 18, 5, 20], [1, 4, 19, 2, 3, 6, 7, 8, 9, 10, 11, 12, 13, 14, 15, 16, 17, 18, 5, 20], [1, 2, 19, 4, 3, 6, 7, 8, 9, 10, 11, 12, 13, 14, 15, 16, 17, 18, 5, 20], [1, 2, 19, 4, 5, 6, 7, 8, 9, 10, 11, 12, 13, 14, 15, 16, 17, 18, 3, 20], [1, 2, 3, 4, 5, 6, 7, 8, 9, 10, 11, 12, 13, 14, 15, 16, 17, 18, 19, 20]], idx1=[15, 11, 4, 4, 1, 13, 14, 7, 5, 5, 12, 3, 4, 2, 3, 3], idx2=[20, 15, 15, 9, 4, 17, 18, 14, 7, 6, 17, 17, 10, 4, 5, 19], _checker='')