============================================================
BENCHMARK ID: 52 | DIMENSIONE: 30 | STRATEGIA: maxregret
============================================================

Input Vector: [4, 5, 11, 24, 9, 29, 10, 26, 13, 18, 23, 27, 20, 22, 8, 17, 7, 25, 12, 1, 28, 15, 3, 6, 19, 14, 30, 16, 21, 2]

STATO: RISOLTO
K: 27
TEMPO: 1.1650s
----------------------------------------
PIANO:
Solution(v=[[4, 5, 11, 24, 9, 29, 10, 26, 13, 18, 23, 27, 20, 22, 8, 17, 7, 25, 12, 1, 28, 15, 3, 6, 19, 14, 30, 16, 21, 2], [4, 5, 11, 24, 9, 29, 10, 26, 13, 18, 23, 27, 20, 14, 8, 17, 7, 25, 12, 1, 28, 15, 3, 6, 19, 22, 30, 16, 21, 2], [4, 5, 11, 24, 9, 29, 10, 26, 13, 18, 23, 27, 20, 14, 8, 17, 7, 25, 12, 1, 28, 22, 3, 6, 19, 15, 30, 16, 21, 2], [4, 5, 11, 24, 9, 29, 10, 26, 13, 18, 23, 27, 20, 14, 8, 17, 7, 25, 12, 1, 28, 22, 3, 6, 19, 15, 2, 16, 21, 30], [4, 5, 11, 24, 9, 29, 10, 26, 13, 18, 23, 2, 20, 14, 8, 17, 7, 25, 12, 1, 28, 22, 3, 6, 19, 15, 27, 16, 21, 30], [4, 5, 11, 24, 9, 29, 10, 26, 13, 18, 23, 2, 20, 14, 8, 17, 7, 25, 12, 1, 16, 22, 3, 6, 19, 15, 27, 28, 21, 30], [4, 5, 11, 24, 9, 29, 10, 26, 13, 18, 23, 2, 20, 14, 8, 16, 7, 25, 12, 1, 17, 22, 3, 6, 19, 15, 27, 28, 21, 30], [4, 5, 11, 24, 9, 29, 10, 26, 13, 18, 23, 2, 20, 14, 8, 16, 17, 25, 12, 1, 7, 22, 3, 6, 19, 15, 27, 28, 21, 30], [4, 5, 11, 24, 9, 29, 10, 26, 13, 18, 23, 2, 20, 14, 8, 16, 17, 25, 12, 1, 21, 22, 3, 6, 19, 15, 27, 28, 7, 30], [4, 5, 11, 24, 9, 29, 7, 26, 13, 18, 23, 2, 20, 14, 8, 16, 17, 25, 12, 1, 21, 22, 3, 6, 19, 15, 27, 28, 10, 30], [4, 5, 11, 24, 9, 29, 7, 26, 13, 18, 23, 2, 1, 14, 8, 16, 17, 25, 12, 20, 21, 22, 3, 6, 19, 15, 27, 28, 10, 30], [4, 5, 11, 24, 9, 29, 7, 26, 1, 18, 23, 2, 13, 14, 8, 16, 17, 25, 12, 20, 21, 22, 3, 6, 19, 15, 27, 28, 10, 30], [4, 5, 11, 24, 1, 29, 7, 26, 9, 18, 23, 2, 13, 14, 8, 16, 17, 25, 12, 20, 21, 22, 3, 6, 19, 15, 27, 28, 10, 30], [4, 5, 11, 24, 1, 29, 7, 26, 9, 10, 23, 2, 13, 14, 8, 16, 17, 25, 12, 20, 21, 22, 3, 6, 19, 15, 27, 28, 18, 30], [4, 5, 11, 24, 1, 29, 7, 26, 9, 10, 23, 2, 13, 14, 8, 16, 17, 25, 19, 20, 21, 22, 3, 6, 12, 15, 27, 28, 18, 30], [4, 5, 11, 24, 1, 29, 7, 26, 9, 10, 23, 2, 13, 14, 8, 16, 17, 12, 19, 20, 21, 22, 3, 6, 25, 15, 27, 28, 18, 30], [4, 5, 11, 24, 1, 29, 7, 26, 9, 10, 23, 2, 13, 14, 8, 16, 17, 18, 19, 20, 21, 22, 3, 6, 25, 15, 27, 28, 12, 30], [4, 5, 11, 24, 1, 29, 7, 26, 9, 10, 23, 12, 13, 14, 8, 16, 17, 18, 19, 20, 21, 22, 3, 6, 25, 15, 27, 28, 2, 30], [4, 5, 11, 24, 1, 2, 7, 26, 9, 10, 23, 12, 13, 14, 8, 16, 17, 18, 19, 20, 21, 22, 3, 6, 25, 15, 27, 28, 29, 30], [4, 5, 11, 24, 1, 6, 7, 26, 9, 10, 23, 12, 13, 14, 8, 16, 17, 18, 19, 20, 21, 22, 3, 2, 25, 15, 27, 28, 29, 30], [4, 5, 11, 24, 1, 6, 7, 8, 9, 10, 23, 12, 13, 14, 26, 16, 17, 18, 19, 20, 21, 22, 3, 2, 25, 15, 27, 28, 29, 30], [4, 5, 11, 24, 1, 6, 7, 8, 9, 10, 3, 12, 13, 14, 26, 16, 17, 18, 19, 20, 21, 22, 23, 2, 25, 15, 27, 28, 29, 30], [4, 5, 3, 24, 1, 6, 7, 8, 9, 10, 11, 12, 13, 14, 26, 16, 17, 18, 19, 20, 21, 22, 23, 2, 25, 15, 27, 28, 29, 30], [4, 5, 3, 2, 1, 6, 7, 8, 9, 10, 11, 12, 13, 14, 26, 16, 17, 18, 19, 20, 21, 22, 23, 24, 25, 15, 27, 28, 29, 30], [4, 2, 3, 5, 1, 6, 7, 8, 9, 10, 11, 12, 13, 14, 26, 16, 17, 18, 19, 20, 21, 22, 23, 24, 25, 15, 27, 28, 29, 30], [4, 2, 3, 1, 5, 6, 7, 8, 9, 10, 11, 12, 13, 14, 26, 16, 17, 18, 19, 20, 21, 22, 23, 24, 25, 15, 27, 28, 29, 30], [1, 2, 3, 4, 5, 6, 7, 8, 9, 10, 11, 12, 13, 14, 26, 16, 17, 18, 19, 20, 21, 22, 23, 24, 25, 15, 27, 28, 29, 30], [1, 2, 3, 4, 5, 6, 7, 8, 9, 10, 11, 12, 13, 14, 15, 16, 17, 18, 19, 20, 21, 22, 23, 24, 25, 26, 27, 28, 29, 30]], pos=[[20, 30, 23, 1, 2, 24, 17, 15, 5, 7, 3, 19, 9, 26, 22, 28, 16, 10, 25, 13, 29, 14, 11, 4, 18, 8, 12, 21, 6, 27], [20, 30, 23, 1, 2, 24, 17, 15, 5, 7, 3, 19, 9, 14, 22, 28, 16, 10, 25, 13, 29, 26, 11, 4, 18, 8, 12, 21, 6, 27], [20, 30, 23, 1, 2, 24, 17, 15, 5, 7, 3, 19, 9, 14, 26, 28, 16, 10, 25, 13, 29, 22, 11, 4, 18, 8, 12, 21, 6, 27], [20, 27, 23, 1, 2, 24, 17, 15, 5, 7, 3, 19, 9, 14, 26, 28, 16, 10, 25, 13, 29, 22, 11, 4, 18, 8, 12, 21, 6, 30], [20, 12, 23, 1, 2, 24, 17, 15, 5, 7, 3, 19, 9, 14, 26, 28, 16, 10, 25, 13, 29, 22, 11, 4, 18, 8, 27, 21, 6, 30], [20, 12, 23, 1, 2, 24, 17, 15, 5, 7, 3, 19, 9, 14, 26, 21, 16, 10, 25, 13, 29, 22, 11, 4, 18, 8, 27, 28, 6, 30], [20, 12, 23, 1, 2, 24, 17, 15, 5, 7, 3, 19, 9, 14, 26, 16, 21, 10, 25, 13, 29, 22, 11, 4, 18, 8, 27, 28, 6, 30], [20, 12, 23, 1, 2, 24, 21, 15, 5, 7, 3, 19, 9, 14, 26, 16, 17, 10, 25, 13, 29, 22, 11, 4, 18, 8, 27, 28, 6, 30], [20, 12, 23, 1, 2, 24, 29, 15, 5, 7, 3, 19, 9, 14, 26, 16, 17, 10, 25, 13, 21, 22, 11, 4, 18, 8, 27, 28, 6, 30], [20, 12, 23, 1, 2, 24, 7, 15, 5, 29, 3, 19, 9, 14, 26, 16, 17, 10, 25, 13, 21, 22, 11, 4, 18, 8, 27, 28, 6, 30], [13, 12, 23, 1, 2, 24, 7, 15, 5, 29, 3, 19, 9, 14, 26, 16, 17, 10, 25, 20, 21, 22, 11, 4, 18, 8, 27, 28, 6, 30], [9, 12, 23, 1, 2, 24, 7, 15, 5, 29, 3, 19, 13, 14, 26, 16, 17, 10, 25, 20, 21, 22, 11, 4, 18, 8, 27, 28, 6, 30], [5, 12, 23, 1, 2, 24, 7, 15, 9, 29, 3, 19, 13, 14, 26, 16, 17, 10, 25, 20, 21, 22, 11, 4, 18, 8, 27, 28, 6, 30], [5, 12, 23, 1, 2, 24, 7, 15, 9, 10, 3, 19, 13, 14, 26, 16, 17, 29, 25, 20, 21, 22, 11, 4, 18, 8, 27, 28, 6, 30], [5, 12, 23, 1, 2, 24, 7, 15, 9, 10, 3, 25, 13, 14, 26, 16, 17, 29, 19, 20, 21, 22, 11, 4, 18, 8, 27, 28, 6, 30], [5, 12, 23, 1, 2, 24, 7, 15, 9, 10, 3, 18, 13, 14, 26, 16, 17, 29, 19, 20, 21, 22, 11, 4, 25, 8, 27, 28, 6, 30], [5, 12, 23, 1, 2, 24, 7, 15, 9, 10, 3, 29, 13, 14, 26, 16, 17, 18, 19, 20, 21, 22, 11, 4, 25, 8, 27, 28, 6, 30], [5, 29, 23, 1, 2, 24, 7, 15, 9, 10, 3, 12, 13, 14, 26, 16, 17, 18, 19, 20, 21, 22, 11, 4, 25, 8, 27, 28, 6, 30], [5, 6, 23, 1, 2, 24, 7, 15, 9, 10, 3, 12, 13, 14, 26, 16, 17, 18, 19, 20, 21, 22, 11, 4, 25, 8, 27, 28, 29, 30], [5, 24, 23, 1, 2, 6, 7, 15, 9, 10, 3, 12, 13, 14, 26, 16, 17, 18, 19, 20, 21, 22, 11, 4, 25, 8, 27, 28, 29, 30], [5, 24, 23, 1, 2, 6, 7, 8, 9, 10, 3, 12, 13, 14, 26, 16, 17, 18, 19, 20, 21, 22, 11, 4, 25, 15, 27, 28, 29, 30], [5, 24, 11, 1, 2, 6, 7, 8, 9, 10, 3, 12, 13, 14, 26, 16, 17, 18, 19, 20, 21, 22, 23, 4, 25, 15, 27, 28, 29, 30], [5, 24, 3, 1, 2, 6, 7, 8, 9, 10, 11, 12, 13, 14, 26, 16, 17, 18, 19, 20, 21, 22, 23, 4, 25, 15, 27, 28, 29, 30], [5, 4, 3, 1, 2, 6, 7, 8, 9, 10, 11, 12, 13, 14, 26, 16, 17, 18, 19, 20, 21, 22, 23, 24, 25, 15, 27, 28, 29, 30], [5, 2, 3, 1, 4, 6, 7, 8, 9, 10, 11, 12, 13, 14, 26, 16, 17, 18, 19, 20, 21, 22, 23, 24, 25, 15, 27, 28, 29, 30], [4, 2, 3, 1, 5, 6, 7, 8, 9, 10, 11, 12, 13, 14, 26, 16, 17, 18, 19, 20, 21, 22, 23, 24, 25, 15, 27, 28, 29, 30], [1, 2, 3, 4, 5, 6, 7, 8, 9, 10, 11, 12, 13, 14, 26, 16, 17, 18, 19, 20, 21, 22, 23, 24, 25, 15, 27, 28, 29, 30], [1, 2, 3, 4, 5, 6, 7, 8, 9, 10, 11, 12, 13, 14, 15, 16, 17, 18, 19, 20, 21, 22, 23, 24, 25, 26, 27, 28, 29, 30]], idx1=[14, 22, 27, 12, 21, 16, 17, 21, 7, 13, 9, 5, 10, 19, 18, 18, 12, 6, 6, 8, 11, 3, 4, 2, 4, 1, 15], idx2=[26, 26, 30, 27, 28, 21, 21, 29, 29, 20, 13, 9, 29, 25, 25, 29, 29, 29, 24, 15, 23, 11, 24, 4, 5, 4, 26], _checker='')