============================================================
BENCHMARK ID: 47 | DIMENSIONE: 25 | STRATEGIA: maxregret
============================================================

Input Vector: [14, 7, 16, 10, 22, 17, 6, 25, 15, 8, 1, 20, 13, 19, 11, 9, 2, 12, 23, 21, 4, 18, 5, 24, 3]

STATO: RISOLTO
K: 21
TEMPO: 0.2980s
----------------------------------------
PIANO:
Solution(v=[[14, 7, 16, 10, 22, 17, 6, 25, 15, 8, 1, 20, 13, 19, 11, 9, 2, 12, 23, 21, 4, 18, 5, 24, 3], [14, 7, 16, 10, 22, 17, 6, 25, 15, 8, 1, 12, 13, 19, 11, 9, 2, 20, 23, 21, 4, 18, 5, 24, 3], [14, 7, 16, 10, 22, 17, 6, 25, 15, 8, 1, 12, 13, 19, 11, 9, 2, 18, 23, 21, 4, 20, 5, 24, 3], [14, 7, 16, 10, 20, 17, 6, 25, 15, 8, 1, 12, 13, 19, 11, 9, 2, 18, 23, 21, 4, 22, 5, 24, 3], [14, 7, 16, 10, 5, 17, 6, 25, 15, 8, 1, 12, 13, 19, 11, 9, 2, 18, 23, 21, 4, 22, 20, 24, 3], [14, 7, 16, 10, 5, 17, 6, 25, 15, 8, 1, 12, 13, 23, 11, 9, 2, 18, 19, 21, 4, 22, 20, 24, 3], [14, 7, 16, 10, 5, 17, 6, 25, 15, 8, 1, 12, 13, 23, 11, 9, 2, 18, 19, 20, 4, 22, 21, 24, 3], [14, 7, 16, 10, 5, 17, 6, 25, 15, 8, 1, 12, 13, 21, 11, 9, 2, 18, 19, 20, 4, 22, 23, 24, 3], [21, 7, 16, 10, 5, 17, 6, 25, 15, 8, 1, 12, 13, 14, 11, 9, 2, 18, 19, 20, 4, 22, 23, 24, 3], [21, 7, 16, 8, 5, 17, 6, 25, 15, 10, 1, 12, 13, 14, 11, 9, 2, 18, 19, 20, 4, 22, 23, 24, 3], [21, 7, 16, 25, 5, 17, 6, 8, 15, 10, 1, 12, 13, 14, 11, 9, 2, 18, 19, 20, 4, 22, 23, 24, 3], [21, 7, 16, 25, 5, 6, 17, 8, 15, 10, 1, 12, 13, 14, 11, 9, 2, 18, 19, 20, 4, 22, 23, 24, 3], [21, 7, 16, 25, 5, 6, 17, 8, 9, 10, 1, 12, 13, 14, 11, 15, 2, 18, 19, 20, 4, 22, 23, 24, 3], [21, 7, 15, 25, 5, 6, 17, 8, 9, 10, 1, 12, 13, 14, 11, 16, 2, 18, 19, 20, 4, 22, 23, 24, 3], [21, 7, 15, 4, 5, 6, 17, 8, 9, 10, 1, 12, 13, 14, 11, 16, 2, 18, 19, 20, 25, 22, 23, 24, 3], [25, 7, 15, 4, 5, 6, 17, 8, 9, 10, 1, 12, 13, 14, 11, 16, 2, 18, 19, 20, 21, 22, 23, 24, 3], [25, 17, 15, 4, 5, 6, 7, 8, 9, 10, 1, 12, 13, 14, 11, 16, 2, 18, 19, 20, 21, 22, 23, 24, 3], [25, 17, 3, 4, 5, 6, 7, 8, 9, 10, 1, 12, 13, 14, 11, 16, 2, 18, 19, 20, 21, 22, 23, 24, 15], [15, 17, 3, 4, 5, 6, 7, 8, 9, 10, 1, 12, 13, 14, 11, 16, 2, 18, 19, 20, 21, 22, 23, 24, 25], [1, 17, 3, 4, 5, 6, 7, 8, 9, 10, 15, 12, 13, 14, 11, 16, 2, 18, 19, 20, 21, 22, 23, 24, 25], [1, 2, 3, 4, 5, 6, 7, 8, 9, 10, 15, 12, 13, 14, 11, 16, 17, 18, 19, 20, 21, 22, 23, 24, 25], [1, 2, 3, 4, 5, 6, 7, 8, 9, 10, 11, 12, 13, 14, 15, 16, 17, 18, 19, 20, 21, 22, 23, 24, 25]], pos=[[11, 17, 25, 21, 23, 7, 2, 10, 16, 4, 15, 18, 13, 1, 9, 3, 6, 22, 14, 12, 20, 5, 19, 24, 8], [11, 17, 25, 21, 23, 7, 2, 10, 16, 4, 15, 12, 13, 1, 9, 3, 6, 22, 14, 18, 20, 5, 19, 24, 8], [11, 17, 25, 21, 23, 7, 2, 10, 16, 4, 15, 12, 13, 1, 9, 3, 6, 18, 14, 22, 20, 5, 19, 24, 8], [11, 17, 25, 21, 23, 7, 2, 10, 16, 4, 15, 12, 13, 1, 9, 3, 6, 18, 14, 5, 20, 22, 19, 24, 8], [11, 17, 25, 21, 5, 7, 2, 10, 16, 4, 15, 12, 13, 1, 9, 3, 6, 18, 14, 23, 20, 22, 19, 24, 8], [11, 17, 25, 21, 5, 7, 2, 10, 16, 4, 15, 12, 13, 1, 9, 3, 6, 18, 19, 23, 20, 22, 14, 24, 8], [11, 17, 25, 21, 5, 7, 2, 10, 16, 4, 15, 12, 13, 1, 9, 3, 6, 18, 19, 20, 23, 22, 14, 24, 8], [11, 17, 25, 21, 5, 7, 2, 10, 16, 4, 15, 12, 13, 1, 9, 3, 6, 18, 19, 20, 14, 22, 23, 24, 8], [11, 17, 25, 21, 5, 7, 2, 10, 16, 4, 15, 12, 13, 14, 9, 3, 6, 18, 19, 20, 1, 22, 23, 24, 8], [11, 17, 25, 21, 5, 7, 2, 4, 16, 10, 15, 12, 13, 14, 9, 3, 6, 18, 19, 20, 1, 22, 23, 24, 8], [11, 17, 25, 21, 5, 7, 2, 8, 16, 10, 15, 12, 13, 14, 9, 3, 6, 18, 19, 20, 1, 22, 23, 24, 4], [11, 17, 25, 21, 5, 6, 2, 8, 16, 10, 15, 12, 13, 14, 9, 3, 7, 18, 19, 20, 1, 22, 23, 24, 4], [11, 17, 25, 21, 5, 6, 2, 8, 9, 10, 15, 12, 13, 14, 16, 3, 7, 18, 19, 20, 1, 22, 23, 24, 4], [11, 17, 25, 21, 5, 6, 2, 8, 9, 10, 15, 12, 13, 14, 3, 16, 7, 18, 19, 20, 1, 22, 23, 24, 4], [11, 17, 25, 4, 5, 6, 2, 8, 9, 10, 15, 12, 13, 14, 3, 16, 7, 18, 19, 20, 1, 22, 23, 24, 21], [11, 17, 25, 4, 5, 6, 2, 8, 9, 10, 15, 12, 13, 14, 3, 16, 7, 18, 19, 20, 21, 22, 23, 24, 1], [11, 17, 25, 4, 5, 6, 7, 8, 9, 10, 15, 12, 13, 14, 3, 16, 2, 18, 19, 20, 21, 22, 23, 24, 1], [11, 17, 3, 4, 5, 6, 7, 8, 9, 10, 15, 12, 13, 14, 25, 16, 2, 18, 19, 20, 21, 22, 23, 24, 1], [11, 17, 3, 4, 5, 6, 7, 8, 9, 10, 15, 12, 13, 14, 1, 16, 2, 18, 19, 20, 21, 22, 23, 24, 25], [1, 17, 3, 4, 5, 6, 7, 8, 9, 10, 15, 12, 13, 14, 11, 16, 2, 18, 19, 20, 21, 22, 23, 24, 25], [1, 2, 3, 4, 5, 6, 7, 8, 9, 10, 15, 12, 13, 14, 11, 16, 17, 18, 19, 20, 21, 22, 23, 24, 25], [1, 2, 3, 4, 5, 6, 7, 8, 9, 10, 11, 12, 13, 14, 15, 16, 17, 18, 19, 20, 21, 22, 23, 24, 25]], idx1=[12, 18, 5, 5, 14, 20, 14, 1, 4, 4, 6, 9, 3, 4, 1, 2, 3, 1, 1, 2, 11], idx2=[18, 22, 22, 23, 19, 23, 23, 14, 10, 8, 7, 16, 16, 21, 21, 7, 25, 25, 11, 17, 15], _checker='')