============================================================
BENCHMARK ID: 51 | DIMENSIONE: 30 | STRATEGIA: maxregret
============================================================

Input Vector: [18, 23, 6, 4, 30, 14, 21, 29, 20, 7, 2, 5, 1, 28, 11, 15, 8, 27, 16, 25, 10, 19, 26, 24, 3, 12, 13, 9, 17, 22]

STATO: RISOLTO
K: 23
TEMPO: 7.8160s
----------------------------------------
PIANO:
Solution(v=[[18, 23, 6, 4, 30, 14, 21, 29, 20, 7, 2, 5, 1, 28, 11, 15, 8, 27, 16, 25, 10, 19, 26, 24, 3, 12, 13, 9, 17, 22], [18, 23, 6, 4, 30, 14, 21, 29, 25, 7, 2, 5, 1, 28, 11, 15, 8, 27, 16, 20, 10, 19, 26, 24, 3, 12, 13, 9, 17, 22], [18, 23, 6, 4, 30, 14, 21, 29, 25, 7, 2, 5, 1, 9, 11, 15, 8, 27, 16, 20, 10, 19, 26, 24, 3, 12, 13, 28, 17, 22], [18, 23, 6, 4, 30, 14, 21, 29, 25, 7, 2, 5, 1, 9, 11, 15, 8, 27, 16, 20, 10, 22, 26, 24, 3, 12, 13, 28, 17, 19], [18, 23, 6, 4, 30, 14, 21, 29, 25, 7, 2, 5, 1, 9, 11, 15, 8, 27, 19, 20, 10, 22, 26, 24, 3, 12, 13, 28, 17, 16], [18, 23, 6, 4, 16, 14, 21, 29, 25, 7, 2, 5, 1, 9, 11, 15, 8, 27, 19, 20, 10, 22, 26, 24, 3, 12, 13, 28, 17, 30], [18, 23, 6, 4, 16, 14, 21, 29, 3, 7, 2, 5, 1, 9, 11, 15, 8, 27, 19, 20, 10, 22, 26, 24, 25, 12, 13, 28, 17, 30], [18, 23, 6, 4, 16, 14, 21, 29, 3, 10, 2, 5, 1, 9, 11, 15, 8, 27, 19, 20, 7, 22, 26, 24, 25, 12, 13, 28, 17, 30], [18, 23, 6, 4, 16, 14, 21, 29, 3, 10, 2, 12, 1, 9, 11, 15, 8, 27, 19, 20, 7, 22, 26, 24, 25, 5, 13, 28, 17, 30], [18, 23, 6, 4, 16, 14, 21, 29, 3, 10, 2, 12, 1, 9, 15, 11, 8, 27, 19, 20, 7, 22, 26, 24, 25, 5, 13, 28, 17, 30], [18, 23, 6, 4, 16, 14, 21, 29, 3, 10, 2, 12, 1, 9, 15, 11, 17, 27, 19, 20, 7, 22, 26, 24, 25, 5, 13, 28, 8, 30], [18, 23, 6, 4, 16, 14, 21, 8, 3, 10, 2, 12, 1, 9, 15, 11, 17, 27, 19, 20, 7, 22, 26, 24, 25, 5, 13, 28, 29, 30], [18, 23, 6, 4, 16, 14, 21, 8, 3, 10, 2, 12, 13, 9, 15, 11, 17, 27, 19, 20, 7, 22, 26, 24, 25, 5, 1, 28, 29, 30], [18, 23, 6, 4, 16, 14, 21, 8, 3, 10, 2, 12, 13, 9, 15, 11, 17, 27, 19, 20, 7, 22, 5, 24, 25, 26, 1, 28, 29, 30], [18, 23, 6, 4, 5, 14, 21, 8, 3, 10, 2, 12, 13, 9, 15, 11, 17, 27, 19, 20, 7, 22, 16, 24, 25, 26, 1, 28, 29, 30], [18, 23, 6, 4, 5, 14, 21, 8, 3, 10, 2, 12, 13, 9, 15, 11, 17, 1, 19, 20, 7, 22, 16, 24, 25, 26, 27, 28, 29, 30], [1, 23, 6, 4, 5, 14, 21, 8, 3, 10, 2, 12, 13, 9, 15, 11, 17, 18, 19, 20, 7, 22, 16, 24, 25, 26, 27, 28, 29, 30], [1, 23, 6, 4, 5, 14, 21, 8, 3, 10, 11, 12, 13, 9, 15, 2, 17, 18, 19, 20, 7, 22, 16, 24, 25, 26, 27, 28, 29, 30], [1, 2, 6, 4, 5, 14, 21, 8, 3, 10, 11, 12, 13, 9, 15, 23, 17, 18, 19, 20, 7, 22, 16, 24, 25, 26, 27, 28, 29, 30], [1, 2, 6, 4, 5, 9, 21, 8, 3, 10, 11, 12, 13, 14, 15, 23, 17, 18, 19, 20, 7, 22, 16, 24, 25, 26, 27, 28, 29, 30], [1, 2, 9, 4, 5, 6, 21, 8, 3, 10, 11, 12, 13, 14, 15, 23, 17, 18, 19, 20, 7, 22, 16, 24, 25, 26, 27, 28, 29, 30], [1, 2, 3, 4, 5, 6, 21, 8, 9, 10, 11, 12, 13, 14, 15, 23, 17, 18, 19, 20, 7, 22, 16, 24, 25, 26, 27, 28, 29, 30], [1, 2, 3, 4, 5, 6, 7, 8, 9, 10, 11, 12, 13, 14, 15, 23, 17, 18, 19, 20, 21, 22, 16, 24, 25, 26, 27, 28, 29, 30], [1, 2, 3, 4, 5, 6, 7, 8, 9, 10, 11, 12, 13, 14, 15, 16, 17, 18, 19, 20, 21, 22, 23, 24, 25, 26, 27, 28, 29, 30]], pos=[[13, 11, 25, 4, 12, 3, 10, 17, 28, 21, 15, 26, 27, 6, 16, 19, 29, 1, 22, 9, 7, 30, 2, 24, 20, 23, 18, 14, 8, 5], [13, 11, 25, 4, 12, 3, 10, 17, 28, 21, 15, 26, 27, 6, 16, 19, 29, 1, 22, 20, 7, 30, 2, 24, 9, 23, 18, 14, 8, 5], [13, 11, 25, 4, 12, 3, 10, 17, 14, 21, 15, 26, 27, 6, 16, 19, 29, 1, 22, 20, 7, 30, 2, 24, 9, 23, 18, 28, 8, 5], [13, 11, 25, 4, 12, 3, 10, 17, 14, 21, 15, 26, 27, 6, 16, 19, 29, 1, 30, 20, 7, 22, 2, 24, 9, 23, 18, 28, 8, 5], [13, 11, 25, 4, 12, 3, 10, 17, 14, 21, 15, 26, 27, 6, 16, 30, 29, 1, 19, 20, 7, 22, 2, 24, 9, 23, 18, 28, 8, 5], [13, 11, 25, 4, 12, 3, 10, 17, 14, 21, 15, 26, 27, 6, 16, 5, 29, 1, 19, 20, 7, 22, 2, 24, 9, 23, 18, 28, 8, 30], [13, 11, 9, 4, 12, 3, 10, 17, 14, 21, 15, 26, 27, 6, 16, 5, 29, 1, 19, 20, 7, 22, 2, 24, 25, 23, 18, 28, 8, 30], [13, 11, 9, 4, 12, 3, 21, 17, 14, 10, 15, 26, 27, 6, 16, 5, 29, 1, 19, 20, 7, 22, 2, 24, 25, 23, 18, 28, 8, 30], [13, 11, 9, 4, 26, 3, 21, 17, 14, 10, 15, 12, 27, 6, 16, 5, 29, 1, 19, 20, 7, 22, 2, 24, 25, 23, 18, 28, 8, 30], [13, 11, 9, 4, 26, 3, 21, 17, 14, 10, 16, 12, 27, 6, 15, 5, 29, 1, 19, 20, 7, 22, 2, 24, 25, 23, 18, 28, 8, 30], [13, 11, 9, 4, 26, 3, 21, 29, 14, 10, 16, 12, 27, 6, 15, 5, 17, 1, 19, 20, 7, 22, 2, 24, 25, 23, 18, 28, 8, 30], [13, 11, 9, 4, 26, 3, 21, 8, 14, 10, 16, 12, 27, 6, 15, 5, 17, 1, 19, 20, 7, 22, 2, 24, 25, 23, 18, 28, 29, 30], [27, 11, 9, 4, 26, 3, 21, 8, 14, 10, 16, 12, 13, 6, 15, 5, 17, 1, 19, 20, 7, 22, 2, 24, 25, 23, 18, 28, 29, 30], [27, 11, 9, 4, 23, 3, 21, 8, 14, 10, 16, 12, 13, 6, 15, 5, 17, 1, 19, 20, 7, 22, 2, 24, 25, 26, 18, 28, 29, 30], [27, 11, 9, 4, 5, 3, 21, 8, 14, 10, 16, 12, 13, 6, 15, 23, 17, 1, 19, 20, 7, 22, 2, 24, 25, 26, 18, 28, 29, 30], [18, 11, 9, 4, 5, 3, 21, 8, 14, 10, 16, 12, 13, 6, 15, 23, 17, 1, 19, 20, 7, 22, 2, 24, 25, 26, 27, 28, 29, 30], [1, 11, 9, 4, 5, 3, 21, 8, 14, 10, 16, 12, 13, 6, 15, 23, 17, 18, 19, 20, 7, 22, 2, 24, 25, 26, 27, 28, 29, 30], [1, 16, 9, 4, 5, 3, 21, 8, 14, 10, 11, 12, 13, 6, 15, 23, 17, 18, 19, 20, 7, 22, 2, 24, 25, 26, 27, 28, 29, 30], [1, 2, 9, 4, 5, 3, 21, 8, 14, 10, 11, 12, 13, 6, 15, 23, 17, 18, 19, 20, 7, 22, 16, 24, 25, 26, 27, 28, 29, 30], [1, 2, 9, 4, 5, 3, 21, 8, 6, 10, 11, 12, 13, 14, 15, 23, 17, 18, 19, 20, 7, 22, 16, 24, 25, 26, 27, 28, 29, 30], [1, 2, 9, 4, 5, 6, 21, 8, 3, 10, 11, 12, 13, 14, 15, 23, 17, 18, 19, 20, 7, 22, 16, 24, 25, 26, 27, 28, 29, 30], [1, 2, 3, 4, 5, 6, 21, 8, 9, 10, 11, 12, 13, 14, 15, 23, 17, 18, 19, 20, 7, 22, 16, 24, 25, 26, 27, 28, 29, 30], [1, 2, 3, 4, 5, 6, 7, 8, 9, 10, 11, 12, 13, 14, 15, 23, 17, 18, 19, 20, 21, 22, 16, 24, 25, 26, 27, 28, 29, 30], [1, 2, 3, 4, 5, 6, 7, 8, 9, 10, 11, 12, 13, 14, 15, 16, 17, 18, 19, 20, 21, 22, 23, 24, 25, 26, 27, 28, 29, 30]], idx1=[9, 14, 22, 19, 5, 9, 10, 12, 15, 17, 8, 13, 23, 5, 18, 1, 11, 2, 6, 3, 3, 7, 16], idx2=[20, 28, 30, 30, 30, 25, 21, 26, 16, 29, 29, 27, 26, 23, 27, 18, 16, 16, 14, 6, 9, 21, 23], _checker='')