============================================================
BENCHMARK ID: 56 | DIMENSIONE: 30 | STRATEGIA: maxregret
============================================================

Input Vector: [23, 11, 6, 5, 28, 8, 1, 19, 2, 25, 9, 26, 12, 30, 22, 4, 13, 10, 21, 7, 15, 24, 27, 17, 20, 16, 29, 14, 18, 3]

STATO: RISOLTO
K: 27
TEMPO: 0.6380s
----------------------------------------
PIANO:
Solution(v=[[23, 11, 6, 5, 28, 8, 1, 19, 2, 25, 9, 26, 12, 30, 22, 4, 13, 10, 21, 7, 15, 24, 27, 17, 20, 16, 29, 14, 18, 3], [23, 11, 6, 5, 28, 8, 1, 19, 2, 25, 9, 26, 12, 30, 22, 4, 17, 10, 21, 7, 15, 24, 27, 13, 20, 16, 29, 14, 18, 3], [23, 11, 6, 5, 28, 8, 1, 19, 2, 25, 9, 26, 12, 30, 22, 4, 17, 10, 21, 20, 15, 24, 27, 13, 7, 16, 29, 14, 18, 3], [23, 11, 6, 5, 28, 8, 1, 19, 2, 25, 9, 26, 12, 30, 22, 4, 17, 10, 21, 20, 15, 24, 29, 13, 7, 16, 27, 14, 18, 3], [23, 11, 6, 5, 28, 8, 1, 19, 2, 25, 9, 26, 12, 30, 22, 4, 17, 10, 21, 20, 15, 24, 18, 13, 7, 16, 27, 14, 29, 3], [23, 11, 6, 5, 28, 8, 1, 19, 2, 25, 9, 26, 12, 30, 22, 4, 17, 18, 21, 20, 15, 24, 10, 13, 7, 16, 27, 14, 29, 3], [10, 11, 6, 5, 28, 8, 1, 19, 2, 25, 9, 26, 12, 30, 22, 4, 17, 18, 21, 20, 15, 24, 23, 13, 7, 16, 27, 14, 29, 3], [10, 11, 6, 5, 28, 8, 1, 21, 2, 25, 9, 26, 12, 30, 22, 4, 17, 18, 19, 20, 15, 24, 23, 13, 7, 16, 27, 14, 29, 3], [10, 11, 6, 5, 28, 8, 1, 21, 2, 25, 9, 26, 12, 30, 22, 16, 17, 18, 19, 20, 15, 24, 23, 13, 7, 4, 27, 14, 29, 3], [10, 11, 6, 4, 28, 8, 1, 21, 2, 25, 9, 26, 12, 30, 22, 16, 17, 18, 19, 20, 15, 24, 23, 13, 7, 5, 27, 14, 29, 3], [10, 11, 6, 4, 28, 8, 1, 21, 2, 25, 9, 26, 12, 14, 22, 16, 17, 18, 19, 20, 15, 24, 23, 13, 7, 5, 27, 30, 29, 3], [10, 11, 6, 4, 28, 8, 1, 21, 2, 25, 9, 26, 12, 14, 24, 16, 17, 18, 19, 20, 15, 22, 23, 13, 7, 5, 27, 30, 29, 3], [10, 11, 6, 4, 28, 8, 1, 21, 2, 25, 9, 26, 12, 14, 24, 16, 17, 18, 19, 20, 15, 22, 23, 13, 7, 5, 27, 3, 29, 30], [10, 11, 6, 4, 3, 8, 1, 21, 2, 25, 9, 26, 12, 14, 24, 16, 17, 18, 19, 20, 15, 22, 23, 13, 7, 5, 27, 28, 29, 30], [10, 11, 6, 4, 3, 8, 1, 21, 2, 25, 9, 26, 13, 14, 24, 16, 17, 18, 19, 20, 15, 22, 23, 12, 7, 5, 27, 28, 29, 30], [10, 11, 6, 4, 3, 8, 1, 21, 2, 25, 9, 26, 13, 14, 12, 16, 17, 18, 19, 20, 15, 22, 23, 24, 7, 5, 27, 28, 29, 30], [10, 11, 6, 4, 3, 8, 1, 21, 2, 25, 9, 12, 13, 14, 26, 16, 17, 18, 19, 20, 15, 22, 23, 24, 7, 5, 27, 28, 29, 30], [10, 11, 6, 4, 3, 8, 1, 21, 2, 25, 9, 12, 13, 14, 5, 16, 17, 18, 19, 20, 15, 22, 23, 24, 7, 26, 27, 28, 29, 30], [10, 11, 6, 4, 3, 8, 1, 21, 2, 25, 9, 12, 13, 14, 15, 16, 17, 18, 19, 20, 5, 22, 23, 24, 7, 26, 27, 28, 29, 30], [10, 11, 6, 4, 3, 8, 1, 5, 2, 25, 9, 12, 13, 14, 15, 16, 17, 18, 19, 20, 21, 22, 23, 24, 7, 26, 27, 28, 29, 30], [10, 11, 6, 4, 3, 5, 1, 8, 2, 25, 9, 12, 13, 14, 15, 16, 17, 18, 19, 20, 21, 22, 23, 24, 7, 26, 27, 28, 29, 30], [10, 11, 6, 4, 3, 5, 7, 8, 2, 25, 9, 12, 13, 14, 15, 16, 17, 18, 19, 20, 21, 22, 23, 24, 1, 26, 27, 28, 29, 30], [10, 11, 6, 4, 3, 5, 7, 8, 2, 1, 9, 12, 13, 14, 15, 16, 17, 18, 19, 20, 21, 22, 23, 24, 25, 26, 27, 28, 29, 30], [1, 11, 6, 4, 3, 5, 7, 8, 2, 10, 9, 12, 13, 14, 15, 16, 17, 18, 19, 20, 21, 22, 23, 24, 25, 26, 27, 28, 29, 30], [1, 11, 6, 4, 3, 5, 7, 8, 9, 10, 2, 12, 13, 14, 15, 16, 17, 18, 19, 20, 21, 22, 23, 24, 25, 26, 27, 28, 29, 30], [1, 2, 6, 4, 3, 5, 7, 8, 9, 10, 11, 12, 13, 14, 15, 16, 17, 18, 19, 20, 21, 22, 23, 24, 25, 26, 27, 28, 29, 30], [1, 2, 5, 4, 3, 6, 7, 8, 9, 10, 11, 12, 13, 14, 15, 16, 17, 18, 19, 20, 21, 22, 23, 24, 25, 26, 27, 28, 29, 30], [1, 2, 3, 4, 5, 6, 7, 8, 9, 10, 11, 12, 13, 14, 15, 16, 17, 18, 19, 20, 21, 22, 23, 24, 25, 26, 27, 28, 29, 30]], pos=[[7, 9, 30, 16, 4, 3, 20, 6, 11, 18, 2, 13, 17, 28, 21, 26, 24, 29, 8, 25, 19, 15, 1, 22, 10, 12, 23, 5, 27, 14], [7, 9, 30, 16, 4, 3, 20, 6, 11, 18, 2, 13, 24, 28, 21, 26, 17, 29, 8, 25, 19, 15, 1, 22, 10, 12, 23, 5, 27, 14], [7, 9, 30, 16, 4, 3, 25, 6, 11, 18, 2, 13, 24, 28, 21, 26, 17, 29, 8, 20, 19, 15, 1, 22, 10, 12, 23, 5, 27, 14], [7, 9, 30, 16, 4, 3, 25, 6, 11, 18, 2, 13, 24, 28, 21, 26, 17, 29, 8, 20, 19, 15, 1, 22, 10, 12, 27, 5, 23, 14], [7, 9, 30, 16, 4, 3, 25, 6, 11, 18, 2, 13, 24, 28, 21, 26, 17, 23, 8, 20, 19, 15, 1, 22, 10, 12, 27, 5, 29, 14], [7, 9, 30, 16, 4, 3, 25, 6, 11, 23, 2, 13, 24, 28, 21, 26, 17, 18, 8, 20, 19, 15, 1, 22, 10, 12, 27, 5, 29, 14], [7, 9, 30, 16, 4, 3, 25, 6, 11, 1, 2, 13, 24, 28, 21, 26, 17, 18, 8, 20, 19, 15, 23, 22, 10, 12, 27, 5, 29, 14], [7, 9, 30, 16, 4, 3, 25, 6, 11, 1, 2, 13, 24, 28, 21, 26, 17, 18, 19, 20, 8, 15, 23, 22, 10, 12, 27, 5, 29, 14], [7, 9, 30, 26, 4, 3, 25, 6, 11, 1, 2, 13, 24, 28, 21, 16, 17, 18, 19, 20, 8, 15, 23, 22, 10, 12, 27, 5, 29, 14], [7, 9, 30, 4, 26, 3, 25, 6, 11, 1, 2, 13, 24, 28, 21, 16, 17, 18, 19, 20, 8, 15, 23, 22, 10, 12, 27, 5, 29, 14], [7, 9, 30, 4, 26, 3, 25, 6, 11, 1, 2, 13, 24, 14, 21, 16, 17, 18, 19, 20, 8, 15, 23, 22, 10, 12, 27, 5, 29, 28], [7, 9, 30, 4, 26, 3, 25, 6, 11, 1, 2, 13, 24, 14, 21, 16, 17, 18, 19, 20, 8, 22, 23, 15, 10, 12, 27, 5, 29, 28], [7, 9, 28, 4, 26, 3, 25, 6, 11, 1, 2, 13, 24, 14, 21, 16, 17, 18, 19, 20, 8, 22, 23, 15, 10, 12, 27, 5, 29, 30], [7, 9, 5, 4, 26, 3, 25, 6, 11, 1, 2, 13, 24, 14, 21, 16, 17, 18, 19, 20, 8, 22, 23, 15, 10, 12, 27, 28, 29, 30], [7, 9, 5, 4, 26, 3, 25, 6, 11, 1, 2, 24, 13, 14, 21, 16, 17, 18, 19, 20, 8, 22, 23, 15, 10, 12, 27, 28, 29, 30], [7, 9, 5, 4, 26, 3, 25, 6, 11, 1, 2, 15, 13, 14, 21, 16, 17, 18, 19, 20, 8, 22, 23, 24, 10, 12, 27, 28, 29, 30], [7, 9, 5, 4, 26, 3, 25, 6, 11, 1, 2, 12, 13, 14, 21, 16, 17, 18, 19, 20, 8, 22, 23, 24, 10, 15, 27, 28, 29, 30], [7, 9, 5, 4, 15, 3, 25, 6, 11, 1, 2, 12, 13, 14, 21, 16, 17, 18, 19, 20, 8, 22, 23, 24, 10, 26, 27, 28, 29, 30], [7, 9, 5, 4, 21, 3, 25, 6, 11, 1, 2, 12, 13, 14, 15, 16, 17, 18, 19, 20, 8, 22, 23, 24, 10, 26, 27, 28, 29, 30], [7, 9, 5, 4, 8, 3, 25, 6, 11, 1, 2, 12, 13, 14, 15, 16, 17, 18, 19, 20, 21, 22, 23, 24, 10, 26, 27, 28, 29, 30], [7, 9, 5, 4, 6, 3, 25, 8, 11, 1, 2, 12, 13, 14, 15, 16, 17, 18, 19, 20, 21, 22, 23, 24, 10, 26, 27, 28, 29, 30], [25, 9, 5, 4, 6, 3, 7, 8, 11, 1, 2, 12, 13, 14, 15, 16, 17, 18, 19, 20, 21, 22, 23, 24, 10, 26, 27, 28, 29, 30], [10, 9, 5, 4, 6, 3, 7, 8, 11, 1, 2, 12, 13, 14, 15, 16, 17, 18, 19, 20, 21, 22, 23, 24, 25, 26, 27, 28, 29, 30], [1, 9, 5, 4, 6, 3, 7, 8, 11, 10, 2, 12, 13, 14, 15, 16, 17, 18, 19, 20, 21, 22, 23, 24, 25, 26, 27, 28, 29, 30], [1, 11, 5, 4, 6, 3, 7, 8, 9, 10, 2, 12, 13, 14, 15, 16, 17, 18, 19, 20, 21, 22, 23, 24, 25, 26, 27, 28, 29, 30], [1, 2, 5, 4, 6, 3, 7, 8, 9, 10, 11, 12, 13, 14, 15, 16, 17, 18, 19, 20, 21, 22, 23, 24, 25, 26, 27, 28, 29, 30], [1, 2, 5, 4, 3, 6, 7, 8, 9, 10, 11, 12, 13, 14, 15, 16, 17, 18, 19, 20, 21, 22, 23, 24, 25, 26, 27, 28, 29, 30], [1, 2, 3, 4, 5, 6, 7, 8, 9, 10, 11, 12, 13, 14, 15, 16, 17, 18, 19, 20, 21, 22, 23, 24, 25, 26, 27, 28, 29, 30]], idx1=[17, 20, 23, 23, 18, 1, 8, 16, 4, 14, 15, 28, 5, 13, 15, 12, 15, 15, 8, 6, 7, 10, 1, 9, 2, 3, 3], idx2=[24, 25, 27, 29, 23, 23, 19, 26, 26, 28, 22, 30, 28, 24, 24, 15, 26, 21, 21, 8, 25, 25, 10, 11, 11, 6, 5], _checker='')