============================================================
BENCHMARK ID: 33 | DIMENSIONE: 20 | STRATEGIA: maxregret
============================================================

Input Vector: [19, 16, 17, 10, 6, 4, 5, 3, 14, 8, 13, 18, 20, 15, 9, 7, 1, 12, 2, 11]

STATO: RISOLTO
K: 16
TEMPO: 8.1540s
----------------------------------------
PIANO:
Solution(v=[[19, 16, 17, 10, 6, 4, 5, 3, 14, 8, 13, 18, 20, 15, 9, 7, 1, 12, 2, 11], [1, 16, 17, 10, 6, 4, 5, 3, 14, 8, 13, 18, 20, 15, 9, 7, 19, 12, 2, 11], [1, 16, 17, 10, 6, 4, 5, 3, 14, 8, 13, 18, 11, 15, 9, 7, 19, 12, 2, 20], [1, 16, 17, 10, 6, 4, 5, 3, 14, 8, 11, 18, 13, 15, 9, 7, 19, 12, 2, 20], [1, 16, 17, 10, 6, 4, 5, 3, 14, 8, 11, 12, 13, 15, 9, 7, 19, 18, 2, 20], [1, 16, 17, 10, 6, 4, 5, 3, 14, 8, 11, 12, 13, 9, 15, 7, 19, 18, 2, 20], [1, 16, 17, 10, 6, 4, 5, 3, 14, 8, 11, 12, 13, 9, 15, 7, 2, 18, 19, 20], [1, 2, 17, 10, 6, 4, 5, 3, 14, 8, 11, 12, 13, 9, 15, 7, 16, 18, 19, 20], [1, 2, 3, 10, 6, 4, 5, 17, 14, 8, 11, 12, 13, 9, 15, 7, 16, 18, 19, 20], [1, 2, 3, 10, 6, 4, 5, 17, 14, 8, 11, 12, 13, 9, 15, 16, 7, 18, 19, 20], [1, 2, 3, 10, 6, 4, 5, 7, 14, 8, 11, 12, 13, 9, 15, 16, 17, 18, 19, 20], [1, 2, 3, 10, 6, 4, 5, 8, 14, 7, 11, 12, 13, 9, 15, 16, 17, 18, 19, 20], [1, 2, 3, 10, 6, 4, 7, 8, 14, 5, 11, 12, 13, 9, 15, 16, 17, 18, 19, 20], [1, 2, 3, 5, 6, 4, 7, 8, 14, 10, 11, 12, 13, 9, 15, 16, 17, 18, 19, 20], [1, 2, 3, 5, 4, 6, 7, 8, 14, 10, 11, 12, 13, 9, 15, 16, 17, 18, 19, 20], [1, 2, 3, 4, 5, 6, 7, 8, 14, 10, 11, 12, 13, 9, 15, 16, 17, 18, 19, 20], [1, 2, 3, 4, 5, 6, 7, 8, 9, 10, 11, 12, 13, 14, 15, 16, 17, 18, 19, 20]], pos=[[17, 19, 8, 6, 7, 5, 16, 10, 15, 4, 20, 18, 11, 9, 14, 2, 3, 12, 1, 13], [1, 19, 8, 6, 7, 5, 16, 10, 15, 4, 20, 18, 11, 9, 14, 2, 3, 12, 17, 13], [1, 19, 8, 6, 7, 5, 16, 10, 15, 4, 13, 18, 11, 9, 14, 2, 3, 12, 17, 20], [1, 19, 8, 6, 7, 5, 16, 10, 15, 4, 11, 18, 13, 9, 14, 2, 3, 12, 17, 20], [1, 19, 8, 6, 7, 5, 16, 10, 15, 4, 11, 12, 13, 9, 14, 2, 3, 18, 17, 20], [1, 19, 8, 6, 7, 5, 16, 10, 14, 4, 11, 12, 13, 9, 15, 2, 3, 18, 17, 20], [1, 17, 8, 6, 7, 5, 16, 10, 14, 4, 11, 12, 13, 9, 15, 2, 3, 18, 19, 20], [1, 2, 8, 6, 7, 5, 16, 10, 14, 4, 11, 12, 13, 9, 15, 17, 3, 18, 19, 20], [1, 2, 3, 6, 7, 5, 16, 10, 14, 4, 11, 12, 13, 9, 15, 17, 8, 18, 19, 20], [1, 2, 3, 6, 7, 5, 17, 10, 14, 4, 11, 12, 13, 9, 15, 16, 8, 18, 19, 20], [1, 2, 3, 6, 7, 5, 8, 10, 14, 4, 11, 12, 13, 9, 15, 16, 17, 18, 19, 20], [1, 2, 3, 6, 7, 5, 10, 8, 14, 4, 11, 12, 13, 9, 15, 16, 17, 18, 19, 20], [1, 2, 3, 6, 10, 5, 7, 8, 14, 4, 11, 12, 13, 9, 15, 16, 17, 18, 19, 20], [1, 2, 3, 6, 4, 5, 7, 8, 14, 10, 11, 12, 13, 9, 15, 16, 17, 18, 19, 20], [1, 2, 3, 5, 4, 6, 7, 8, 14, 10, 11, 12, 13, 9, 15, 16, 17, 18, 19, 20], [1, 2, 3, 4, 5, 6, 7, 8, 14, 10, 11, 12, 13, 9, 15, 16, 17, 18, 19, 20], [1, 2, 3, 4, 5, 6, 7, 8, 9, 10, 11, 12, 13, 14, 15, 16, 17, 18, 19, 20]], idx1=[1, 13, 11, 12, 14, 17, 2, 3, 16, 8, 8, 7, 4, 5, 4, 9], idx2=[17, 20, 13, 18, 15, 19, 17, 8, 17, 17, 10, 10, 10, 6, 5, 14], _checker='')