============================================================
BENCHMARK ID: 44 | DIMENSIONE: 25 | STRATEGIA: maxregret
============================================================

Input Vector: [24, 18, 2, 10, 23, 7, 15, 21, 5, 19, 8, 16, 13, 4, 17, 11, 9, 14, 6, 25, 12, 22, 20, 1, 3]

STATO: RISOLTO
K: 20
TEMPO: 0.6120s
----------------------------------------
PIANO:
Solution(v=[[24, 18, 2, 10, 23, 7, 15, 21, 5, 19, 8, 16, 13, 4, 17, 11, 9, 14, 6, 25, 12, 22, 20, 1, 3], [1, 18, 2, 10, 23, 7, 15, 21, 5, 19, 8, 16, 13, 4, 17, 11, 9, 14, 6, 25, 12, 22, 20, 24, 3], [1, 18, 2, 10, 23, 7, 15, 21, 5, 19, 8, 16, 13, 4, 9, 11, 17, 14, 6, 25, 12, 22, 20, 24, 3], [1, 18, 2, 10, 23, 7, 9, 21, 5, 19, 8, 16, 13, 4, 15, 11, 17, 14, 6, 25, 12, 22, 20, 24, 3], [1, 18, 2, 10, 23, 7, 9, 21, 5, 19, 8, 16, 13, 4, 15, 11, 17, 14, 6, 20, 12, 22, 25, 24, 3], [1, 18, 2, 10, 25, 7, 9, 21, 5, 19, 8, 16, 13, 4, 15, 11, 17, 14, 6, 20, 12, 22, 23, 24, 3], [1, 18, 2, 10, 5, 7, 9, 21, 25, 19, 8, 16, 13, 4, 15, 11, 17, 14, 6, 20, 12, 22, 23, 24, 3], [1, 18, 2, 10, 5, 7, 9, 21, 25, 19, 8, 16, 13, 14, 15, 11, 17, 4, 6, 20, 12, 22, 23, 24, 3], [1, 4, 2, 10, 5, 7, 9, 21, 25, 19, 8, 16, 13, 14, 15, 11, 17, 18, 6, 20, 12, 22, 23, 24, 3], [1, 4, 2, 10, 5, 7, 9, 21, 25, 19, 11, 16, 13, 14, 15, 8, 17, 18, 6, 20, 12, 22, 23, 24, 3], [1, 4, 2, 10, 5, 7, 9, 21, 25, 19, 11, 12, 13, 14, 15, 8, 17, 18, 6, 20, 16, 22, 23, 24, 3], [1, 4, 2, 10, 5, 7, 9, 16, 25, 19, 11, 12, 13, 14, 15, 8, 17, 18, 6, 20, 21, 22, 23, 24, 3], [1, 4, 2, 10, 5, 7, 9, 8, 25, 19, 11, 12, 13, 14, 15, 16, 17, 18, 6, 20, 21, 22, 23, 24, 3], [1, 4, 2, 10, 5, 7, 9, 8, 3, 19, 11, 12, 13, 14, 15, 16, 17, 18, 6, 20, 21, 22, 23, 24, 25], [1, 4, 2, 10, 5, 7, 9, 8, 3, 6, 11, 12, 13, 14, 15, 16, 17, 18, 19, 20, 21, 22, 23, 24, 25], [1, 4, 2, 10, 5, 6, 9, 8, 3, 7, 11, 12, 13, 14, 15, 16, 17, 18, 19, 20, 21, 22, 23, 24, 25], [1, 4, 2, 10, 5, 6, 3, 8, 9, 7, 11, 12, 13, 14, 15, 16, 17, 18, 19, 20, 21, 22, 23, 24, 25], [1, 4, 3, 10, 5, 6, 2, 8, 9, 7, 11, 12, 13, 14, 15, 16, 17, 18, 19, 20, 21, 22, 23, 24, 25], [1, 4, 3, 7, 5, 6, 2, 8, 9, 10, 11, 12, 13, 14, 15, 16, 17, 18, 19, 20, 21, 22, 23, 24, 25], [1, 4, 3, 2, 5, 6, 7, 8, 9, 10, 11, 12, 13, 14, 15, 16, 17, 18, 19, 20, 21, 22, 23, 24, 25], [1, 2, 3, 4, 5, 6, 7, 8, 9, 10, 11, 12, 13, 14, 15, 16, 17, 18, 19, 20, 21, 22, 23, 24, 25]], pos=[[24, 3, 25, 14, 9, 19, 6, 11, 17, 4, 16, 21, 13, 18, 7, 12, 15, 2, 10, 23, 8, 22, 5, 1, 20], [1, 3, 25, 14, 9, 19, 6, 11, 17, 4, 16, 21, 13, 18, 7, 12, 15, 2, 10, 23, 8, 22, 5, 24, 20], [1, 3, 25, 14, 9, 19, 6, 11, 15, 4, 16, 21, 13, 18, 7, 12, 17, 2, 10, 23, 8, 22, 5, 24, 20], [1, 3, 25, 14, 9, 19, 6, 11, 7, 4, 16, 21, 13, 18, 15, 12, 17, 2, 10, 23, 8, 22, 5, 24, 20], [1, 3, 25, 14, 9, 19, 6, 11, 7, 4, 16, 21, 13, 18, 15, 12, 17, 2, 10, 20, 8, 22, 5, 24, 23], [1, 3, 25, 14, 9, 19, 6, 11, 7, 4, 16, 21, 13, 18, 15, 12, 17, 2, 10, 20, 8, 22, 23, 24, 5], [1, 3, 25, 14, 5, 19, 6, 11, 7, 4, 16, 21, 13, 18, 15, 12, 17, 2, 10, 20, 8, 22, 23, 24, 9], [1, 3, 25, 18, 5, 19, 6, 11, 7, 4, 16, 21, 13, 14, 15, 12, 17, 2, 10, 20, 8, 22, 23, 24, 9], [1, 3, 25, 2, 5, 19, 6, 11, 7, 4, 16, 21, 13, 14, 15, 12, 17, 18, 10, 20, 8, 22, 23, 24, 9], [1, 3, 25, 2, 5, 19, 6, 16, 7, 4, 11, 21, 13, 14, 15, 12, 17, 18, 10, 20, 8, 22, 23, 24, 9], [1, 3, 25, 2, 5, 19, 6, 16, 7, 4, 11, 12, 13, 14, 15, 21, 17, 18, 10, 20, 8, 22, 23, 24, 9], [1, 3, 25, 2, 5, 19, 6, 16, 7, 4, 11, 12, 13, 14, 15, 8, 17, 18, 10, 20, 21, 22, 23, 24, 9], [1, 3, 25, 2, 5, 19, 6, 8, 7, 4, 11, 12, 13, 14, 15, 16, 17, 18, 10, 20, 21, 22, 23, 24, 9], [1, 3, 9, 2, 5, 19, 6, 8, 7, 4, 11, 12, 13, 14, 15, 16, 17, 18, 10, 20, 21, 22, 23, 24, 25], [1, 3, 9, 2, 5, 10, 6, 8, 7, 4, 11, 12, 13, 14, 15, 16, 17, 18, 19, 20, 21, 22, 23, 24, 25], [1, 3, 9, 2, 5, 6, 10, 8, 7, 4, 11, 12, 13, 14, 15, 16, 17, 18, 19, 20, 21, 22, 23, 24, 25], [1, 3, 7, 2, 5, 6, 10, 8, 9, 4, 11, 12, 13, 14, 15, 16, 17, 18, 19, 20, 21, 22, 23, 24, 25], [1, 7, 3, 2, 5, 6, 10, 8, 9, 4, 11, 12, 13, 14, 15, 16, 17, 18, 19, 20, 21, 22, 23, 24, 25], [1, 7, 3, 2, 5, 6, 4, 8, 9, 10, 11, 12, 13, 14, 15, 16, 17, 18, 19, 20, 21, 22, 23, 24, 25], [1, 4, 3, 2, 5, 6, 7, 8, 9, 10, 11, 12, 13, 14, 15, 16, 17, 18, 19, 20, 21, 22, 23, 24, 25], [1, 2, 3, 4, 5, 6, 7, 8, 9, 10, 11, 12, 13, 14, 15, 16, 17, 18, 19, 20, 21, 22, 23, 24, 25]], idx1=[1, 15, 7, 20, 5, 5, 14, 2, 11, 12, 8, 8, 9, 10, 6, 7, 3, 4, 4, 2], idx2=[24, 17, 15, 23, 23, 9, 18, 18, 16, 21, 21, 16, 25, 19, 10, 9, 7, 10, 7, 4], _checker='')