============================================================
BENCHMARK ID: 32 | DIMENSIONE: 20 | STRATEGIA: maxregret
============================================================

Input Vector: [9, 16, 17, 5, 13, 6, 2, 8, 1, 15, 20, 18, 10, 14, 11, 7, 4, 19, 3, 12]

STATO: RISOLTO
K: 14
TEMPO: 2.3250s
----------------------------------------
PIANO:
Solution(v=[[9, 16, 17, 5, 13, 6, 2, 8, 1, 15, 20, 18, 10, 14, 11, 7, 4, 19, 3, 12], [1, 16, 17, 5, 13, 6, 2, 8, 9, 15, 20, 18, 10, 14, 11, 7, 4, 19, 3, 12], [1, 16, 17, 5, 13, 6, 2, 8, 9, 11, 20, 18, 10, 14, 15, 7, 4, 19, 3, 12], [1, 16, 17, 5, 13, 6, 2, 8, 9, 20, 11, 18, 10, 14, 15, 7, 4, 19, 3, 12], [1, 16, 17, 5, 13, 6, 2, 8, 9, 12, 11, 18, 10, 14, 15, 7, 4, 19, 3, 20], [1, 16, 17, 5, 13, 6, 2, 8, 9, 12, 11, 19, 10, 14, 15, 7, 4, 18, 3, 20], [1, 16, 17, 5, 13, 6, 2, 8, 9, 12, 11, 3, 10, 14, 15, 7, 4, 18, 19, 20], [1, 16, 3, 5, 13, 6, 2, 8, 9, 12, 11, 17, 10, 14, 15, 7, 4, 18, 19, 20], [1, 16, 3, 13, 5, 6, 2, 8, 9, 12, 11, 17, 10, 14, 15, 7, 4, 18, 19, 20], [1, 16, 3, 13, 5, 6, 7, 8, 9, 12, 11, 17, 10, 14, 15, 2, 4, 18, 19, 20], [1, 2, 3, 13, 5, 6, 7, 8, 9, 12, 11, 17, 10, 14, 15, 16, 4, 18, 19, 20], [1, 2, 3, 10, 5, 6, 7, 8, 9, 12, 11, 17, 13, 14, 15, 16, 4, 18, 19, 20], [1, 2, 3, 4, 5, 6, 7, 8, 9, 12, 11, 17, 13, 14, 15, 16, 10, 18, 19, 20], [1, 2, 3, 4, 5, 6, 7, 8, 9, 17, 11, 12, 13, 14, 15, 16, 10, 18, 19, 20], [1, 2, 3, 4, 5, 6, 7, 8, 9, 10, 11, 12, 13, 14, 15, 16, 17, 18, 19, 20]], pos=[[9, 7, 19, 17, 4, 6, 16, 8, 1, 13, 15, 20, 5, 14, 10, 2, 3, 12, 18, 11], [1, 7, 19, 17, 4, 6, 16, 8, 9, 13, 15, 20, 5, 14, 10, 2, 3, 12, 18, 11], [1, 7, 19, 17, 4, 6, 16, 8, 9, 13, 10, 20, 5, 14, 15, 2, 3, 12, 18, 11], [1, 7, 19, 17, 4, 6, 16, 8, 9, 13, 11, 20, 5, 14, 15, 2, 3, 12, 18, 10], [1, 7, 19, 17, 4, 6, 16, 8, 9, 13, 11, 10, 5, 14, 15, 2, 3, 12, 18, 20], [1, 7, 19, 17, 4, 6, 16, 8, 9, 13, 11, 10, 5, 14, 15, 2, 3, 18, 12, 20], [1, 7, 12, 17, 4, 6, 16, 8, 9, 13, 11, 10, 5, 14, 15, 2, 3, 18, 19, 20], [1, 7, 3, 17, 4, 6, 16, 8, 9, 13, 11, 10, 5, 14, 15, 2, 12, 18, 19, 20], [1, 7, 3, 17, 5, 6, 16, 8, 9, 13, 11, 10, 4, 14, 15, 2, 12, 18, 19, 20], [1, 16, 3, 17, 5, 6, 7, 8, 9, 13, 11, 10, 4, 14, 15, 2, 12, 18, 19, 20], [1, 2, 3, 17, 5, 6, 7, 8, 9, 13, 11, 10, 4, 14, 15, 16, 12, 18, 19, 20], [1, 2, 3, 17, 5, 6, 7, 8, 9, 4, 11, 10, 13, 14, 15, 16, 12, 18, 19, 20], [1, 2, 3, 4, 5, 6, 7, 8, 9, 17, 11, 10, 13, 14, 15, 16, 12, 18, 19, 20], [1, 2, 3, 4, 5, 6, 7, 8, 9, 17, 11, 12, 13, 14, 15, 16, 10, 18, 19, 20], [1, 2, 3, 4, 5, 6, 7, 8, 9, 10, 11, 12, 13, 14, 15, 16, 17, 18, 19, 20]], idx1=[1, 10, 10, 10, 12, 12, 3, 4, 7, 2, 4, 4, 10, 10], idx2=[9, 15, 11, 20, 18, 19, 12, 5, 16, 16, 13, 17, 12, 17], _checker='')