============================================================
BENCHMARK ID: 43 | DIMENSIONE: 25 | STRATEGIA: maxregret
============================================================

Input Vector: [18, 8, 4, 17, 9, 10, 12, 22, 16, 3, 6, 15, 7, 21, 19, 24, 25, 20, 1, 5, 13, 23, 11, 2, 14]

STATO: RISOLTO
K: 24
TEMPO: 0.4480s
----------------------------------------
PIANO:
Solution(v=[[18, 8, 4, 17, 9, 10, 12, 22, 16, 3, 6, 15, 7, 21, 19, 24, 25, 20, 1, 5, 13, 23, 11, 2, 14], [18, 8, 4, 17, 9, 10, 7, 22, 16, 3, 6, 15, 12, 21, 19, 24, 25, 20, 1, 5, 13, 23, 11, 2, 14], [18, 8, 4, 17, 9, 10, 7, 23, 16, 3, 6, 15, 12, 21, 19, 24, 25, 20, 1, 5, 13, 22, 11, 2, 14], [18, 23, 4, 17, 9, 10, 7, 8, 16, 3, 6, 15, 12, 21, 19, 24, 25, 20, 1, 5, 13, 22, 11, 2, 14], [18, 23, 4, 17, 9, 10, 7, 8, 16, 3, 6, 15, 12, 21, 19, 2, 25, 20, 1, 5, 13, 22, 11, 24, 14], [18, 23, 4, 17, 9, 10, 7, 8, 16, 3, 6, 15, 12, 21, 19, 2, 14, 20, 1, 5, 13, 22, 11, 24, 25], [18, 23, 4, 17, 9, 10, 7, 8, 16, 3, 6, 15, 12, 21, 19, 2, 14, 5, 1, 20, 13, 22, 11, 24, 25], [18, 23, 4, 17, 5, 10, 7, 8, 16, 3, 6, 15, 12, 21, 19, 2, 14, 9, 1, 20, 13, 22, 11, 24, 25], [9, 23, 4, 17, 5, 10, 7, 8, 16, 3, 6, 15, 12, 21, 19, 2, 14, 18, 1, 20, 13, 22, 11, 24, 25], [9, 23, 4, 17, 5, 10, 7, 8, 16, 3, 6, 15, 12, 14, 19, 2, 21, 18, 1, 20, 13, 22, 11, 24, 25], [9, 23, 4, 17, 5, 10, 7, 8, 16, 3, 6, 15, 12, 14, 19, 2, 13, 18, 1, 20, 21, 22, 11, 24, 25], [9, 23, 4, 17, 5, 10, 7, 8, 16, 3, 6, 15, 13, 14, 19, 2, 12, 18, 1, 20, 21, 22, 11, 24, 25], [9, 23, 4, 12, 5, 10, 7, 8, 16, 3, 6, 15, 13, 14, 19, 2, 17, 18, 1, 20, 21, 22, 11, 24, 25], [9, 23, 4, 15, 5, 10, 7, 8, 16, 3, 6, 12, 13, 14, 19, 2, 17, 18, 1, 20, 21, 22, 11, 24, 25], [9, 23, 4, 19, 5, 10, 7, 8, 16, 3, 6, 12, 13, 14, 15, 2, 17, 18, 1, 20, 21, 22, 11, 24, 25], [9, 23, 19, 4, 5, 10, 7, 8, 16, 3, 6, 12, 13, 14, 15, 2, 17, 18, 1, 20, 21, 22, 11, 24, 25], [9, 23, 19, 4, 5, 3, 7, 8, 16, 10, 6, 12, 13, 14, 15, 2, 17, 18, 1, 20, 21, 22, 11, 24, 25], [9, 23, 19, 4, 5, 3, 7, 8, 16, 10, 11, 12, 13, 14, 15, 2, 17, 18, 1, 20, 21, 22, 6, 24, 25], [9, 23, 19, 4, 5, 6, 7, 8, 16, 10, 11, 12, 13, 14, 15, 2, 17, 18, 1, 20, 21, 22, 3, 24, 25], [9, 23, 19, 4, 5, 6, 7, 8, 2, 10, 11, 12, 13, 14, 15, 16, 17, 18, 1, 20, 21, 22, 3, 24, 25], [9, 2, 19, 4, 5, 6, 7, 8, 23, 10, 11, 12, 13, 14, 15, 16, 17, 18, 1, 20, 21, 22, 3, 24, 25], [9, 2, 3, 4, 5, 6, 7, 8, 23, 10, 11, 12, 13, 14, 15, 16, 17, 18, 1, 20, 21, 22, 19, 24, 25], [9, 2, 3, 4, 5, 6, 7, 8, 23, 10, 11, 12, 13, 14, 15, 16, 17, 18, 19, 20, 21, 22, 1, 24, 25], [1, 2, 3, 4, 5, 6, 7, 8, 23, 10, 11, 12, 13, 14, 15, 16, 17, 18, 19, 20, 21, 22, 9, 24, 25], [1, 2, 3, 4, 5, 6, 7, 8, 9, 10, 11, 12, 13, 14, 15, 16, 17, 18, 19, 20, 21, 22, 23, 24, 25]], pos=[[19, 24, 10, 3, 20, 11, 13, 2, 5, 6, 23, 7, 21, 25, 12, 9, 4, 1, 15, 18, 14, 8, 22, 16, 17], [19, 24, 10, 3, 20, 11, 7, 2, 5, 6, 23, 13, 21, 25, 12, 9, 4, 1, 15, 18, 14, 8, 22, 16, 17], [19, 24, 10, 3, 20, 11, 7, 2, 5, 6, 23, 13, 21, 25, 12, 9, 4, 1, 15, 18, 14, 22, 8, 16, 17], [19, 24, 10, 3, 20, 11, 7, 8, 5, 6, 23, 13, 21, 25, 12, 9, 4, 1, 15, 18, 14, 22, 2, 16, 17], [19, 16, 10, 3, 20, 11, 7, 8, 5, 6, 23, 13, 21, 25, 12, 9, 4, 1, 15, 18, 14, 22, 2, 24, 17], [19, 16, 10, 3, 20, 11, 7, 8, 5, 6, 23, 13, 21, 17, 12, 9, 4, 1, 15, 18, 14, 22, 2, 24, 25], [19, 16, 10, 3, 18, 11, 7, 8, 5, 6, 23, 13, 21, 17, 12, 9, 4, 1, 15, 20, 14, 22, 2, 24, 25], [19, 16, 10, 3, 5, 11, 7, 8, 18, 6, 23, 13, 21, 17, 12, 9, 4, 1, 15, 20, 14, 22, 2, 24, 25], [19, 16, 10, 3, 5, 11, 7, 8, 1, 6, 23, 13, 21, 17, 12, 9, 4, 18, 15, 20, 14, 22, 2, 24, 25], [19, 16, 10, 3, 5, 11, 7, 8, 1, 6, 23, 13, 21, 14, 12, 9, 4, 18, 15, 20, 17, 22, 2, 24, 25], [19, 16, 10, 3, 5, 11, 7, 8, 1, 6, 23, 13, 17, 14, 12, 9, 4, 18, 15, 20, 21, 22, 2, 24, 25], [19, 16, 10, 3, 5, 11, 7, 8, 1, 6, 23, 17, 13, 14, 12, 9, 4, 18, 15, 20, 21, 22, 2, 24, 25], [19, 16, 10, 3, 5, 11, 7, 8, 1, 6, 23, 4, 13, 14, 12, 9, 17, 18, 15, 20, 21, 22, 2, 24, 25], [19, 16, 10, 3, 5, 11, 7, 8, 1, 6, 23, 12, 13, 14, 4, 9, 17, 18, 15, 20, 21, 22, 2, 24, 25], [19, 16, 10, 3, 5, 11, 7, 8, 1, 6, 23, 12, 13, 14, 15, 9, 17, 18, 4, 20, 21, 22, 2, 24, 25], [19, 16, 10, 4, 5, 11, 7, 8, 1, 6, 23, 12, 13, 14, 15, 9, 17, 18, 3, 20, 21, 22, 2, 24, 25], [19, 16, 6, 4, 5, 11, 7, 8, 1, 10, 23, 12, 13, 14, 15, 9, 17, 18, 3, 20, 21, 22, 2, 24, 25], [19, 16, 6, 4, 5, 23, 7, 8, 1, 10, 11, 12, 13, 14, 15, 9, 17, 18, 3, 20, 21, 22, 2, 24, 25], [19, 16, 23, 4, 5, 6, 7, 8, 1, 10, 11, 12, 13, 14, 15, 9, 17, 18, 3, 20, 21, 22, 2, 24, 25], [19, 9, 23, 4, 5, 6, 7, 8, 1, 10, 11, 12, 13, 14, 15, 16, 17, 18, 3, 20, 21, 22, 2, 24, 25], [19, 2, 23, 4, 5, 6, 7, 8, 1, 10, 11, 12, 13, 14, 15, 16, 17, 18, 3, 20, 21, 22, 9, 24, 25], [19, 2, 3, 4, 5, 6, 7, 8, 1, 10, 11, 12, 13, 14, 15, 16, 17, 18, 23, 20, 21, 22, 9, 24, 25], [23, 2, 3, 4, 5, 6, 7, 8, 1, 10, 11, 12, 13, 14, 15, 16, 17, 18, 19, 20, 21, 22, 9, 24, 25], [1, 2, 3, 4, 5, 6, 7, 8, 23, 10, 11, 12, 13, 14, 15, 16, 17, 18, 19, 20, 21, 22, 9, 24, 25], [1, 2, 3, 4, 5, 6, 7, 8, 9, 10, 11, 12, 13, 14, 15, 16, 17, 18, 19, 20, 21, 22, 23, 24, 25]], idx1=[7, 8, 2, 16, 17, 18, 5, 1, 14, 17, 13, 4, 4, 4, 3, 6, 11, 6, 9, 2, 3, 19, 1, 9], idx2=[13, 22, 8, 24, 25, 20, 18, 18, 17, 21, 17, 17, 12, 15, 4, 10, 23, 23, 16, 9, 23, 23, 23, 23], _checker='')