============================================================
BENCHMARK ID: 42 | DIMENSIONE: 25 | STRATEGIA: maxregret
============================================================

Input Vector: [25, 3, 20, 2, 9, 7, 16, 5, 18, 13, 1, 22, 8, 11, 21, 19, 24, 14, 15, 4, 12, 10, 17, 6, 23]

STATO: RISOLTO
K: 23
TEMPO: 0.2970s
----------------------------------------
PIANO:
Solution(v=[[25, 3, 20, 2, 9, 7, 16, 5, 18, 13, 1, 22, 8, 11, 21, 19, 24, 14, 15, 4, 12, 10, 17, 6, 23], [25, 3, 4, 2, 9, 7, 16, 5, 18, 13, 1, 22, 8, 11, 21, 19, 24, 14, 15, 20, 12, 10, 17, 6, 23], [25, 3, 4, 2, 9, 7, 16, 5, 18, 13, 1, 22, 8, 11, 15, 19, 24, 14, 21, 20, 12, 10, 17, 6, 23], [25, 3, 4, 2, 9, 7, 16, 5, 18, 13, 1, 22, 8, 11, 15, 19, 24, 14, 12, 20, 21, 10, 17, 6, 23], [25, 3, 4, 2, 9, 7, 16, 5, 18, 13, 1, 12, 8, 11, 15, 19, 24, 14, 22, 20, 21, 10, 17, 6, 23], [25, 3, 4, 2, 9, 7, 16, 5, 18, 13, 1, 12, 8, 11, 15, 19, 17, 14, 22, 20, 21, 10, 24, 6, 23], [25, 3, 4, 2, 9, 7, 16, 5, 18, 13, 1, 12, 8, 11, 15, 19, 17, 14, 22, 20, 21, 10, 6, 24, 23], [25, 3, 4, 2, 9, 6, 16, 5, 18, 13, 1, 12, 8, 11, 15, 19, 17, 14, 22, 20, 21, 10, 7, 24, 23], [25, 3, 4, 2, 9, 6, 16, 5, 18, 13, 1, 12, 8, 11, 15, 19, 17, 14, 10, 20, 21, 22, 7, 24, 23], [25, 3, 4, 2, 9, 6, 16, 5, 18, 10, 1, 12, 8, 11, 15, 19, 17, 14, 13, 20, 21, 22, 7, 24, 23], [25, 3, 4, 2, 9, 6, 16, 5, 18, 10, 1, 12, 8, 11, 15, 19, 17, 14, 13, 20, 21, 22, 23, 24, 7], [25, 3, 4, 2, 9, 6, 7, 5, 18, 10, 1, 12, 8, 11, 15, 19, 17, 14, 13, 20, 21, 22, 23, 24, 16], [25, 3, 4, 2, 9, 6, 7, 5, 18, 10, 1, 12, 8, 11, 15, 16, 17, 14, 13, 20, 21, 22, 23, 24, 19], [25, 3, 4, 2, 9, 6, 7, 5, 18, 10, 1, 12, 8, 11, 15, 16, 17, 14, 19, 20, 21, 22, 23, 24, 13], [13, 3, 4, 2, 9, 6, 7, 5, 18, 10, 1, 12, 8, 11, 15, 16, 17, 14, 19, 20, 21, 22, 23, 24, 25], [13, 3, 2, 4, 9, 6, 7, 5, 18, 10, 1, 12, 8, 11, 15, 16, 17, 14, 19, 20, 21, 22, 23, 24, 25], [13, 3, 2, 4, 9, 6, 7, 5, 18, 10, 1, 12, 8, 14, 15, 16, 17, 11, 19, 20, 21, 22, 23, 24, 25], [13, 3, 2, 4, 9, 6, 7, 5, 11, 10, 1, 12, 8, 14, 15, 16, 17, 18, 19, 20, 21, 22, 23, 24, 25], [13, 3, 2, 4, 9, 6, 7, 5, 1, 10, 11, 12, 8, 14, 15, 16, 17, 18, 19, 20, 21, 22, 23, 24, 25], [1, 3, 2, 4, 9, 6, 7, 5, 13, 10, 11, 12, 8, 14, 15, 16, 17, 18, 19, 20, 21, 22, 23, 24, 25], [1, 2, 3, 4, 9, 6, 7, 5, 13, 10, 11, 12, 8, 14, 15, 16, 17, 18, 19, 20, 21, 22, 23, 24, 25], [1, 2, 3, 4, 9, 6, 7, 5, 8, 10, 11, 12, 13, 14, 15, 16, 17, 18, 19, 20, 21, 22, 23, 24, 25], [1, 2, 3, 4, 8, 6, 7, 5, 9, 10, 11, 12, 13, 14, 15, 16, 17, 18, 19, 20, 21, 22, 23, 24, 25], [1, 2, 3, 4, 5, 6, 7, 8, 9, 10, 11, 12, 13, 14, 15, 16, 17, 18, 19, 20, 21, 22, 23, 24, 25]], pos=[[11, 4, 2, 20, 8, 24, 6, 13, 5, 22, 14, 21, 10, 18, 19, 7, 23, 9, 16, 3, 15, 12, 25, 17, 1], [11, 4, 2, 3, 8, 24, 6, 13, 5, 22, 14, 21, 10, 18, 19, 7, 23, 9, 16, 20, 15, 12, 25, 17, 1], [11, 4, 2, 3, 8, 24, 6, 13, 5, 22, 14, 21, 10, 18, 15, 7, 23, 9, 16, 20, 19, 12, 25, 17, 1], [11, 4, 2, 3, 8, 24, 6, 13, 5, 22, 14, 19, 10, 18, 15, 7, 23, 9, 16, 20, 21, 12, 25, 17, 1], [11, 4, 2, 3, 8, 24, 6, 13, 5, 22, 14, 12, 10, 18, 15, 7, 23, 9, 16, 20, 21, 19, 25, 17, 1], [11, 4, 2, 3, 8, 24, 6, 13, 5, 22, 14, 12, 10, 18, 15, 7, 17, 9, 16, 20, 21, 19, 25, 23, 1], [11, 4, 2, 3, 8, 23, 6, 13, 5, 22, 14, 12, 10, 18, 15, 7, 17, 9, 16, 20, 21, 19, 25, 24, 1], [11, 4, 2, 3, 8, 6, 23, 13, 5, 22, 14, 12, 10, 18, 15, 7, 17, 9, 16, 20, 21, 19, 25, 24, 1], [11, 4, 2, 3, 8, 6, 23, 13, 5, 19, 14, 12, 10, 18, 15, 7, 17, 9, 16, 20, 21, 22, 25, 24, 1], [11, 4, 2, 3, 8, 6, 23, 13, 5, 10, 14, 12, 19, 18, 15, 7, 17, 9, 16, 20, 21, 22, 25, 24, 1], [11, 4, 2, 3, 8, 6, 25, 13, 5, 10, 14, 12, 19, 18, 15, 7, 17, 9, 16, 20, 21, 22, 23, 24, 1], [11, 4, 2, 3, 8, 6, 7, 13, 5, 10, 14, 12, 19, 18, 15, 25, 17, 9, 16, 20, 21, 22, 23, 24, 1], [11, 4, 2, 3, 8, 6, 7, 13, 5, 10, 14, 12, 19, 18, 15, 16, 17, 9, 25, 20, 21, 22, 23, 24, 1], [11, 4, 2, 3, 8, 6, 7, 13, 5, 10, 14, 12, 25, 18, 15, 16, 17, 9, 19, 20, 21, 22, 23, 24, 1], [11, 4, 2, 3, 8, 6, 7, 13, 5, 10, 14, 12, 1, 18, 15, 16, 17, 9, 19, 20, 21, 22, 23, 24, 25], [11, 3, 2, 4, 8, 6, 7, 13, 5, 10, 14, 12, 1, 18, 15, 16, 17, 9, 19, 20, 21, 22, 23, 24, 25], [11, 3, 2, 4, 8, 6, 7, 13, 5, 10, 18, 12, 1, 14, 15, 16, 17, 9, 19, 20, 21, 22, 23, 24, 25], [11, 3, 2, 4, 8, 6, 7, 13, 5, 10, 9, 12, 1, 14, 15, 16, 17, 18, 19, 20, 21, 22, 23, 24, 25], [9, 3, 2, 4, 8, 6, 7, 13, 5, 10, 11, 12, 1, 14, 15, 16, 17, 18, 19, 20, 21, 22, 23, 24, 25], [1, 3, 2, 4, 8, 6, 7, 13, 5, 10, 11, 12, 9, 14, 15, 16, 17, 18, 19, 20, 21, 22, 23, 24, 25], [1, 2, 3, 4, 8, 6, 7, 13, 5, 10, 11, 12, 9, 14, 15, 16, 17, 18, 19, 20, 21, 22, 23, 24, 25], [1, 2, 3, 4, 8, 6, 7, 9, 5, 10, 11, 12, 13, 14, 15, 16, 17, 18, 19, 20, 21, 22, 23, 24, 25], [1, 2, 3, 4, 8, 6, 7, 5, 9, 10, 11, 12, 13, 14, 15, 16, 17, 18, 19, 20, 21, 22, 23, 24, 25], [1, 2, 3, 4, 5, 6, 7, 8, 9, 10, 11, 12, 13, 14, 15, 16, 17, 18, 19, 20, 21, 22, 23, 24, 25]], idx1=[3, 15, 19, 12, 17, 23, 6, 19, 10, 23, 7, 16, 19, 1, 3, 14, 9, 9, 1, 2, 9, 5, 5], idx2=[20, 19, 21, 19, 23, 24, 23, 22, 19, 25, 25, 25, 25, 25, 4, 18, 18, 11, 9, 3, 13, 9, 8], _checker='')