============================================================
BENCHMARK ID: 35 | DIMENSIONE: 20 | STRATEGIA: maxregret
============================================================

Input Vector: [15, 13, 19, 2, 6, 17, 4, 8, 14, 16, 7, 11, 1, 3, 10, 12, 5, 20, 18, 9]

STATO: RISOLTO
K: 16
TEMPO: 0.2200s
----------------------------------------
PIANO:
Solution(v=[[15, 13, 19, 2, 6, 17, 4, 8, 14, 16, 7, 11, 1, 3, 10, 12, 5, 20, 18, 9], [15, 13, 19, 2, 6, 17, 4, 8, 14, 16, 7, 11, 1, 3, 10, 12, 5, 9, 18, 20], [15, 13, 19, 2, 6, 17, 4, 8, 9, 16, 7, 11, 1, 3, 10, 12, 5, 14, 18, 20], [15, 13, 19, 2, 6, 17, 4, 8, 9, 10, 7, 11, 1, 3, 16, 12, 5, 14, 18, 20], [15, 13, 19, 2, 6, 17, 4, 8, 9, 10, 7, 12, 1, 3, 16, 11, 5, 14, 18, 20], [15, 13, 19, 2, 6, 17, 4, 8, 9, 10, 7, 12, 1, 3, 11, 16, 5, 14, 18, 20], [15, 13, 19, 2, 6, 17, 4, 8, 9, 10, 7, 12, 1, 3, 11, 16, 5, 18, 14, 20], [15, 13, 14, 2, 6, 17, 4, 8, 9, 10, 7, 12, 1, 3, 11, 16, 5, 18, 19, 20], [15, 13, 14, 2, 6, 5, 4, 8, 9, 10, 7, 12, 1, 3, 11, 16, 17, 18, 19, 20], [15, 13, 14, 2, 5, 6, 4, 8, 9, 10, 7, 12, 1, 3, 11, 16, 17, 18, 19, 20], [15, 13, 14, 2, 5, 6, 4, 8, 9, 10, 11, 12, 1, 3, 7, 16, 17, 18, 19, 20], [7, 13, 14, 2, 5, 6, 4, 8, 9, 10, 11, 12, 1, 3, 15, 16, 17, 18, 19, 20], [7, 1, 14, 2, 5, 6, 4, 8, 9, 10, 11, 12, 13, 3, 15, 16, 17, 18, 19, 20], [7, 2, 14, 1, 5, 6, 4, 8, 9, 10, 11, 12, 13, 3, 15, 16, 17, 18, 19, 20], [7, 2, 14, 4, 5, 6, 1, 8, 9, 10, 11, 12, 13, 3, 15, 16, 17, 18, 19, 20], [1, 2, 14, 4, 5, 6, 7, 8, 9, 10, 11, 12, 13, 3, 15, 16, 17, 18, 19, 20], [1, 2, 3, 4, 5, 6, 7, 8, 9, 10, 11, 12, 13, 14, 15, 16, 17, 18, 19, 20]], pos=[[13, 4, 14, 7, 17, 5, 11, 8, 20, 15, 12, 16, 2, 9, 1, 10, 6, 19, 3, 18], [13, 4, 14, 7, 17, 5, 11, 8, 18, 15, 12, 16, 2, 9, 1, 10, 6, 19, 3, 20], [13, 4, 14, 7, 17, 5, 11, 8, 9, 15, 12, 16, 2, 18, 1, 10, 6, 19, 3, 20], [13, 4, 14, 7, 17, 5, 11, 8, 9, 10, 12, 16, 2, 18, 1, 15, 6, 19, 3, 20], [13, 4, 14, 7, 17, 5, 11, 8, 9, 10, 16, 12, 2, 18, 1, 15, 6, 19, 3, 20], [13, 4, 14, 7, 17, 5, 11, 8, 9, 10, 15, 12, 2, 18, 1, 16, 6, 19, 3, 20], [13, 4, 14, 7, 17, 5, 11, 8, 9, 10, 15, 12, 2, 19, 1, 16, 6, 18, 3, 20], [13, 4, 14, 7, 17, 5, 11, 8, 9, 10, 15, 12, 2, 3, 1, 16, 6, 18, 19, 20], [13, 4, 14, 7, 6, 5, 11, 8, 9, 10, 15, 12, 2, 3, 1, 16, 17, 18, 19, 20], [13, 4, 14, 7, 5, 6, 11, 8, 9, 10, 15, 12, 2, 3, 1, 16, 17, 18, 19, 20], [13, 4, 14, 7, 5, 6, 15, 8, 9, 10, 11, 12, 2, 3, 1, 16, 17, 18, 19, 20], [13, 4, 14, 7, 5, 6, 1, 8, 9, 10, 11, 12, 2, 3, 15, 16, 17, 18, 19, 20], [2, 4, 14, 7, 5, 6, 1, 8, 9, 10, 11, 12, 13, 3, 15, 16, 17, 18, 19, 20], [4, 2, 14, 7, 5, 6, 1, 8, 9, 10, 11, 12, 13, 3, 15, 16, 17, 18, 19, 20], [7, 2, 14, 4, 5, 6, 1, 8, 9, 10, 11, 12, 13, 3, 15, 16, 17, 18, 19, 20], [1, 2, 14, 4, 5, 6, 7, 8, 9, 10, 11, 12, 13, 3, 15, 16, 17, 18, 19, 20], [1, 2, 3, 4, 5, 6, 7, 8, 9, 10, 11, 12, 13, 14, 15, 16, 17, 18, 19, 20]], idx1=[18, 9, 10, 12, 15, 18, 3, 6, 5, 11, 1, 2, 2, 4, 1, 3], idx2=[20, 18, 15, 16, 16, 19, 19, 17, 6, 15, 15, 13, 4, 7, 7, 14], _checker='')