============================================================
BENCHMARK ID: 54 | DIMENSIONE: 30 | STRATEGIA: maxregret
============================================================

Input Vector: [17, 14, 9, 2, 24, 20, 4, 27, 16, 1, 10, 6, 13, 8, 28, 15, 19, 29, 18, 23, 5, 7, 30, 12, 22, 21, 3, 25, 26, 11]

STATO: RISOLTO
K: 27
TEMPO: 0.4930s
----------------------------------------
PIANO:
Solution(v=[[17, 14, 9, 2, 24, 20, 4, 27, 16, 1, 10, 6, 13, 8, 28, 15, 19, 29, 18, 23, 5, 7, 30, 12, 22, 21, 3, 25, 26, 11], [17, 14, 9, 2, 24, 20, 7, 27, 16, 1, 10, 6, 13, 8, 28, 15, 19, 29, 18, 23, 5, 4, 30, 12, 22, 21, 3, 25, 26, 11], [17, 14, 9, 2, 24, 20, 7, 3, 16, 1, 10, 6, 13, 8, 28, 15, 19, 29, 18, 23, 5, 4, 30, 12, 22, 21, 27, 25, 26, 11], [17, 14, 9, 2, 24, 20, 7, 8, 16, 1, 10, 6, 13, 3, 28, 15, 19, 29, 18, 23, 5, 4, 30, 12, 22, 21, 27, 25, 26, 11], [17, 14, 9, 2, 24, 20, 7, 8, 16, 1, 10, 6, 13, 3, 28, 15, 18, 29, 19, 23, 5, 4, 30, 12, 22, 21, 27, 25, 26, 11], [17, 14, 9, 2, 24, 20, 7, 8, 16, 1, 10, 6, 13, 3, 28, 15, 18, 29, 19, 23, 5, 4, 30, 12, 22, 26, 27, 25, 21, 11], [17, 14, 9, 2, 24, 20, 7, 8, 16, 1, 10, 6, 13, 3, 28, 15, 18, 29, 19, 23, 21, 4, 30, 12, 22, 26, 27, 25, 5, 11], [17, 14, 9, 2, 24, 20, 7, 8, 16, 1, 10, 6, 13, 3, 28, 15, 18, 5, 19, 23, 21, 4, 30, 12, 22, 26, 27, 25, 29, 11], [17, 14, 9, 2, 5, 20, 7, 8, 16, 1, 10, 6, 13, 3, 28, 15, 18, 24, 19, 23, 21, 4, 30, 12, 22, 26, 27, 25, 29, 11], [17, 14, 9, 2, 5, 20, 7, 8, 16, 1, 11, 6, 13, 3, 28, 15, 18, 24, 19, 23, 21, 4, 30, 12, 22, 26, 27, 25, 29, 10], [17, 14, 9, 2, 5, 20, 7, 8, 16, 1, 11, 6, 13, 3, 28, 15, 18, 24, 19, 23, 21, 22, 30, 12, 4, 26, 27, 25, 29, 10], [17, 14, 9, 2, 5, 20, 7, 8, 16, 1, 11, 6, 13, 3, 28, 15, 18, 24, 19, 23, 21, 22, 10, 12, 4, 26, 27, 25, 29, 30], [17, 14, 9, 2, 5, 20, 7, 8, 16, 10, 11, 6, 13, 3, 28, 15, 18, 24, 19, 23, 21, 22, 1, 12, 4, 26, 27, 25, 29, 30], [17, 14, 9, 2, 5, 20, 7, 8, 16, 10, 11, 6, 13, 3, 28, 15, 24, 18, 19, 23, 21, 22, 1, 12, 4, 26, 27, 25, 29, 30], [17, 14, 9, 2, 5, 20, 7, 8, 16, 10, 11, 6, 13, 3, 28, 15, 12, 18, 19, 23, 21, 22, 1, 24, 4, 26, 27, 25, 29, 30], [17, 14, 9, 2, 5, 20, 7, 8, 16, 10, 11, 12, 13, 3, 28, 15, 6, 18, 19, 23, 21, 22, 1, 24, 4, 26, 27, 25, 29, 30], [17, 14, 9, 2, 5, 20, 7, 8, 16, 10, 11, 12, 13, 3, 28, 15, 6, 18, 19, 23, 21, 22, 1, 24, 25, 26, 27, 4, 29, 30], [17, 14, 9, 4, 5, 20, 7, 8, 16, 10, 11, 12, 13, 3, 28, 15, 6, 18, 19, 23, 21, 22, 1, 24, 25, 26, 27, 2, 29, 30], [17, 14, 9, 4, 5, 20, 7, 8, 15, 10, 11, 12, 13, 3, 28, 16, 6, 18, 19, 23, 21, 22, 1, 24, 25, 26, 27, 2, 29, 30], [17, 14, 9, 4, 5, 20, 7, 8, 15, 10, 11, 12, 13, 3, 2, 16, 6, 18, 19, 23, 21, 22, 1, 24, 25, 26, 27, 28, 29, 30], [17, 2, 9, 4, 5, 20, 7, 8, 15, 10, 11, 12, 13, 3, 14, 16, 6, 18, 19, 23, 21, 22, 1, 24, 25, 26, 27, 28, 29, 30], [17, 2, 3, 4, 5, 20, 7, 8, 15, 10, 11, 12, 13, 9, 14, 16, 6, 18, 19, 23, 21, 22, 1, 24, 25, 26, 27, 28, 29, 30], [17, 2, 3, 4, 5, 20, 7, 8, 15, 10, 11, 12, 13, 9, 14, 16, 6, 18, 19, 1, 21, 22, 23, 24, 25, 26, 27, 28, 29, 30], [1, 2, 3, 4, 5, 20, 7, 8, 15, 10, 11, 12, 13, 9, 14, 16, 6, 18, 19, 17, 21, 22, 23, 24, 25, 26, 27, 28, 29, 30], [1, 2, 3, 4, 5, 6, 7, 8, 15, 10, 11, 12, 13, 9, 14, 16, 20, 18, 19, 17, 21, 22, 23, 24, 25, 26, 27, 28, 29, 30], [1, 2, 3, 4, 5, 6, 7, 8, 14, 10, 11, 12, 13, 9, 15, 16, 20, 18, 19, 17, 21, 22, 23, 24, 25, 26, 27, 28, 29, 30], [1, 2, 3, 4, 5, 6, 7, 8, 9, 10, 11, 12, 13, 14, 15, 16, 20, 18, 19, 17, 21, 22, 23, 24, 25, 26, 27, 28, 29, 30], [1, 2, 3, 4, 5, 6, 7, 8, 9, 10, 11, 12, 13, 14, 15, 16, 17, 18, 19, 20, 21, 22, 23, 24, 25, 26, 27, 28, 29, 30]], pos=[[10, 4, 27, 7, 21, 12, 22, 14, 3, 11, 30, 24, 13, 2, 16, 9, 1, 19, 17, 6, 26, 25, 20, 5, 28, 29, 8, 15, 18, 23], [10, 4, 27, 22, 21, 12, 7, 14, 3, 11, 30, 24, 13, 2, 16, 9, 1, 19, 17, 6, 26, 25, 20, 5, 28, 29, 8, 15, 18, 23], [10, 4, 8, 22, 21, 12, 7, 14, 3, 11, 30, 24, 13, 2, 16, 9, 1, 19, 17, 6, 26, 25, 20, 5, 28, 29, 27, 15, 18, 23], [10, 4, 14, 22, 21, 12, 7, 8, 3, 11, 30, 24, 13, 2, 16, 9, 1, 19, 17, 6, 26, 25, 20, 5, 28, 29, 27, 15, 18, 23], [10, 4, 14, 22, 21, 12, 7, 8, 3, 11, 30, 24, 13, 2, 16, 9, 1, 17, 19, 6, 26, 25, 20, 5, 28, 29, 27, 15, 18, 23], [10, 4, 14, 22, 21, 12, 7, 8, 3, 11, 30, 24, 13, 2, 16, 9, 1, 17, 19, 6, 29, 25, 20, 5, 28, 26, 27, 15, 18, 23], [10, 4, 14, 22, 29, 12, 7, 8, 3, 11, 30, 24, 13, 2, 16, 9, 1, 17, 19, 6, 21, 25, 20, 5, 28, 26, 27, 15, 18, 23], [10, 4, 14, 22, 18, 12, 7, 8, 3, 11, 30, 24, 13, 2, 16, 9, 1, 17, 19, 6, 21, 25, 20, 5, 28, 26, 27, 15, 29, 23], [10, 4, 14, 22, 5, 12, 7, 8, 3, 11, 30, 24, 13, 2, 16, 9, 1, 17, 19, 6, 21, 25, 20, 18, 28, 26, 27, 15, 29, 23], [10, 4, 14, 22, 5, 12, 7, 8, 3, 30, 11, 24, 13, 2, 16, 9, 1, 17, 19, 6, 21, 25, 20, 18, 28, 26, 27, 15, 29, 23], [10, 4, 14, 25, 5, 12, 7, 8, 3, 30, 11, 24, 13, 2, 16, 9, 1, 17, 19, 6, 21, 22, 20, 18, 28, 26, 27, 15, 29, 23], [10, 4, 14, 25, 5, 12, 7, 8, 3, 23, 11, 24, 13, 2, 16, 9, 1, 17, 19, 6, 21, 22, 20, 18, 28, 26, 27, 15, 29, 30], [23, 4, 14, 25, 5, 12, 7, 8, 3, 10, 11, 24, 13, 2, 16, 9, 1, 17, 19, 6, 21, 22, 20, 18, 28, 26, 27, 15, 29, 30], [23, 4, 14, 25, 5, 12, 7, 8, 3, 10, 11, 24, 13, 2, 16, 9, 1, 18, 19, 6, 21, 22, 20, 17, 28, 26, 27, 15, 29, 30], [23, 4, 14, 25, 5, 12, 7, 8, 3, 10, 11, 17, 13, 2, 16, 9, 1, 18, 19, 6, 21, 22, 20, 24, 28, 26, 27, 15, 29, 30], [23, 4, 14, 25, 5, 17, 7, 8, 3, 10, 11, 12, 13, 2, 16, 9, 1, 18, 19, 6, 21, 22, 20, 24, 28, 26, 27, 15, 29, 30], [23, 4, 14, 28, 5, 17, 7, 8, 3, 10, 11, 12, 13, 2, 16, 9, 1, 18, 19, 6, 21, 22, 20, 24, 25, 26, 27, 15, 29, 30], [23, 28, 14, 4, 5, 17, 7, 8, 3, 10, 11, 12, 13, 2, 16, 9, 1, 18, 19, 6, 21, 22, 20, 24, 25, 26, 27, 15, 29, 30], [23, 28, 14, 4, 5, 17, 7, 8, 3, 10, 11, 12, 13, 2, 9, 16, 1, 18, 19, 6, 21, 22, 20, 24, 25, 26, 27, 15, 29, 30], [23, 15, 14, 4, 5, 17, 7, 8, 3, 10, 11, 12, 13, 2, 9, 16, 1, 18, 19, 6, 21, 22, 20, 24, 25, 26, 27, 28, 29, 30], [23, 2, 14, 4, 5, 17, 7, 8, 3, 10, 11, 12, 13, 15, 9, 16, 1, 18, 19, 6, 21, 22, 20, 24, 25, 26, 27, 28, 29, 30], [23, 2, 3, 4, 5, 17, 7, 8, 14, 10, 11, 12, 13, 15, 9, 16, 1, 18, 19, 6, 21, 22, 20, 24, 25, 26, 27, 28, 29, 30], [20, 2, 3, 4, 5, 17, 7, 8, 14, 10, 11, 12, 13, 15, 9, 16, 1, 18, 19, 6, 21, 22, 23, 24, 25, 26, 27, 28, 29, 30], [1, 2, 3, 4, 5, 17, 7, 8, 14, 10, 11, 12, 13, 15, 9, 16, 20, 18, 19, 6, 21, 22, 23, 24, 25, 26, 27, 28, 29, 30], [1, 2, 3, 4, 5, 6, 7, 8, 14, 10, 11, 12, 13, 15, 9, 16, 20, 18, 19, 17, 21, 22, 23, 24, 25, 26, 27, 28, 29, 30], [1, 2, 3, 4, 5, 6, 7, 8, 14, 10, 11, 12, 13, 9, 15, 16, 20, 18, 19, 17, 21, 22, 23, 24, 25, 26, 27, 28, 29, 30], [1, 2, 3, 4, 5, 6, 7, 8, 9, 10, 11, 12, 13, 14, 15, 16, 20, 18, 19, 17, 21, 22, 23, 24, 25, 26, 27, 28, 29, 30], [1, 2, 3, 4, 5, 6, 7, 8, 9, 10, 11, 12, 13, 14, 15, 16, 17, 18, 19, 20, 21, 22, 23, 24, 25, 26, 27, 28, 29, 30]], idx1=[7, 8, 8, 17, 26, 21, 18, 5, 11, 22, 23, 10, 17, 17, 12, 25, 4, 9, 15, 2, 3, 20, 1, 6, 9, 9, 17], idx2=[22, 27, 14, 19, 29, 29, 29, 18, 30, 25, 30, 23, 18, 24, 17, 28, 28, 16, 28, 15, 14, 23, 20, 17, 15, 14, 20], _checker='')