============================================================
BENCHMARK ID: 58 | DIMENSIONE: 30 | STRATEGIA: maxregret
============================================================

Input Vector: [26, 22, 6, 24, 2, 12, 9, 30, 13, 28, 18, 21, 7, 16, 19, 8, 4, 3, 5, 23, 25, 14, 10, 15, 11, 20, 17, 27, 29, 1]

STATO: RISOLTO
K: 26
TEMPO: 0.6740s
----------------------------------------
PIANO:
Solution(v=[[26, 22, 6, 24, 2, 12, 9, 30, 13, 28, 18, 21, 7, 16, 19, 8, 4, 3, 5, 23, 25, 14, 10, 15, 11, 20, 17, 27, 29, 1], [26, 22, 6, 24, 2, 21, 9, 30, 13, 28, 18, 12, 7, 16, 19, 8, 4, 3, 5, 23, 25, 14, 10, 15, 11, 20, 17, 27, 29, 1], [26, 22, 6, 24, 2, 25, 9, 30, 13, 28, 18, 12, 7, 16, 19, 8, 4, 3, 5, 23, 21, 14, 10, 15, 11, 20, 17, 27, 29, 1], [26, 22, 6, 24, 2, 25, 9, 30, 13, 28, 18, 12, 7, 8, 19, 16, 4, 3, 5, 23, 21, 14, 10, 15, 11, 20, 17, 27, 29, 1], [26, 22, 6, 24, 2, 25, 9, 30, 13, 28, 18, 12, 7, 8, 15, 16, 4, 3, 5, 23, 21, 14, 10, 19, 11, 20, 17, 27, 29, 1], [26, 22, 6, 24, 2, 25, 9, 30, 13, 28, 18, 12, 7, 8, 15, 16, 17, 3, 5, 23, 21, 14, 10, 19, 11, 20, 4, 27, 29, 1], [26, 22, 6, 4, 2, 25, 9, 30, 13, 28, 18, 12, 7, 8, 15, 16, 17, 3, 5, 23, 21, 14, 10, 19, 11, 20, 24, 27, 29, 1], [26, 22, 6, 4, 2, 25, 9, 30, 7, 28, 18, 12, 13, 8, 15, 16, 17, 3, 5, 23, 21, 14, 10, 19, 11, 20, 24, 27, 29, 1], [26, 22, 6, 4, 2, 25, 7, 30, 9, 28, 18, 12, 13, 8, 15, 16, 17, 3, 5, 23, 21, 14, 10, 19, 11, 20, 24, 27, 29, 1], [26, 22, 6, 4, 2, 25, 7, 30, 9, 10, 18, 12, 13, 8, 15, 16, 17, 3, 5, 23, 21, 14, 28, 19, 11, 20, 24, 27, 29, 1], [26, 22, 6, 4, 2, 25, 7, 30, 9, 10, 18, 12, 13, 8, 15, 16, 17, 3, 5, 28, 21, 14, 23, 19, 11, 20, 24, 27, 29, 1], [26, 22, 6, 4, 2, 25, 7, 30, 9, 10, 18, 12, 13, 8, 15, 16, 17, 3, 5, 28, 21, 14, 23, 24, 11, 20, 19, 27, 29, 1], [26, 22, 6, 4, 2, 25, 7, 30, 9, 10, 18, 12, 13, 8, 15, 16, 17, 3, 19, 28, 21, 14, 23, 24, 11, 20, 5, 27, 29, 1], [26, 22, 6, 4, 5, 25, 7, 30, 9, 10, 18, 12, 13, 8, 15, 16, 17, 3, 19, 28, 21, 14, 23, 24, 11, 20, 2, 27, 29, 1], [26, 22, 6, 4, 5, 25, 7, 30, 9, 10, 18, 12, 13, 8, 15, 16, 17, 3, 19, 28, 21, 14, 23, 24, 11, 20, 27, 2, 29, 1], [26, 22, 6, 4, 5, 25, 7, 30, 9, 10, 18, 12, 13, 8, 15, 16, 17, 3, 19, 2, 21, 14, 23, 24, 11, 20, 27, 28, 29, 1], [26, 22, 6, 4, 5, 25, 7, 30, 9, 10, 18, 12, 13, 8, 15, 16, 17, 3, 19, 20, 21, 14, 23, 24, 11, 2, 27, 28, 29, 1], [2, 22, 6, 4, 5, 25, 7, 30, 9, 10, 18, 12, 13, 8, 15, 16, 17, 3, 19, 20, 21, 14, 23, 24, 11, 26, 27, 28, 29, 1], [2, 22, 6, 4, 5, 11, 7, 30, 9, 10, 18, 12, 13, 8, 15, 16, 17, 3, 19, 20, 21, 14, 23, 24, 25, 26, 27, 28, 29, 1], [2, 22, 6, 4, 5, 18, 7, 30, 9, 10, 11, 12, 13, 8, 15, 16, 17, 3, 19, 20, 21, 14, 23, 24, 25, 26, 27, 28, 29, 1], [2, 22, 6, 4, 5, 18, 7, 30, 9, 10, 11, 12, 13, 14, 15, 16, 17, 3, 19, 20, 21, 8, 23, 24, 25, 26, 27, 28, 29, 1], [2, 22, 6, 4, 5, 18, 7, 8, 9, 10, 11, 12, 13, 14, 15, 16, 17, 3, 19, 20, 21, 30, 23, 24, 25, 26, 27, 28, 29, 1], [2, 22, 6, 4, 5, 18, 7, 8, 9, 10, 11, 12, 13, 14, 15, 16, 17, 3, 19, 20, 21, 1, 23, 24, 25, 26, 27, 28, 29, 30], [1, 22, 6, 4, 5, 18, 7, 8, 9, 10, 11, 12, 13, 14, 15, 16, 17, 3, 19, 20, 21, 2, 23, 24, 25, 26, 27, 28, 29, 30], [1, 2, 6, 4, 5, 18, 7, 8, 9, 10, 11, 12, 13, 14, 15, 16, 17, 3, 19, 20, 21, 22, 23, 24, 25, 26, 27, 28, 29, 30], [1, 2, 3, 4, 5, 18, 7, 8, 9, 10, 11, 12, 13, 14, 15, 16, 17, 6, 19, 20, 21, 22, 23, 24, 25, 26, 27, 28, 29, 30], [1, 2, 3, 4, 5, 6, 7, 8, 9, 10, 11, 12, 13, 14, 15, 16, 17, 18, 19, 20, 21, 22, 23, 24, 25, 26, 27, 28, 29, 30]], pos=[[30, 5, 18, 17, 19, 3, 13, 16, 7, 23, 25, 6, 9, 22, 24, 14, 27, 11, 15, 26, 12, 2, 20, 4, 21, 1, 28, 10, 29, 8], [30, 5, 18, 17, 19, 3, 13, 16, 7, 23, 25, 12, 9, 22, 24, 14, 27, 11, 15, 26, 6, 2, 20, 4, 21, 1, 28, 10, 29, 8], [30, 5, 18, 17, 19, 3, 13, 16, 7, 23, 25, 12, 9, 22, 24, 14, 27, 11, 15, 26, 21, 2, 20, 4, 6, 1, 28, 10, 29, 8], [30, 5, 18, 17, 19, 3, 13, 14, 7, 23, 25, 12, 9, 22, 24, 16, 27, 11, 15, 26, 21, 2, 20, 4, 6, 1, 28, 10, 29, 8], [30, 5, 18, 17, 19, 3, 13, 14, 7, 23, 25, 12, 9, 22, 15, 16, 27, 11, 24, 26, 21, 2, 20, 4, 6, 1, 28, 10, 29, 8], [30, 5, 18, 27, 19, 3, 13, 14, 7, 23, 25, 12, 9, 22, 15, 16, 17, 11, 24, 26, 21, 2, 20, 4, 6, 1, 28, 10, 29, 8], [30, 5, 18, 4, 19, 3, 13, 14, 7, 23, 25, 12, 9, 22, 15, 16, 17, 11, 24, 26, 21, 2, 20, 27, 6, 1, 28, 10, 29, 8], [30, 5, 18, 4, 19, 3, 9, 14, 7, 23, 25, 12, 13, 22, 15, 16, 17, 11, 24, 26, 21, 2, 20, 27, 6, 1, 28, 10, 29, 8], [30, 5, 18, 4, 19, 3, 7, 14, 9, 23, 25, 12, 13, 22, 15, 16, 17, 11, 24, 26, 21, 2, 20, 27, 6, 1, 28, 10, 29, 8], [30, 5, 18, 4, 19, 3, 7, 14, 9, 10, 25, 12, 13, 22, 15, 16, 17, 11, 24, 26, 21, 2, 20, 27, 6, 1, 28, 23, 29, 8], [30, 5, 18, 4, 19, 3, 7, 14, 9, 10, 25, 12, 13, 22, 15, 16, 17, 11, 24, 26, 21, 2, 23, 27, 6, 1, 28, 20, 29, 8], [30, 5, 18, 4, 19, 3, 7, 14, 9, 10, 25, 12, 13, 22, 15, 16, 17, 11, 27, 26, 21, 2, 23, 24, 6, 1, 28, 20, 29, 8], [30, 5, 18, 4, 27, 3, 7, 14, 9, 10, 25, 12, 13, 22, 15, 16, 17, 11, 19, 26, 21, 2, 23, 24, 6, 1, 28, 20, 29, 8], [30, 27, 18, 4, 5, 3, 7, 14, 9, 10, 25, 12, 13, 22, 15, 16, 17, 11, 19, 26, 21, 2, 23, 24, 6, 1, 28, 20, 29, 8], [30, 28, 18, 4, 5, 3, 7, 14, 9, 10, 25, 12, 13, 22, 15, 16, 17, 11, 19, 26, 21, 2, 23, 24, 6, 1, 27, 20, 29, 8], [30, 20, 18, 4, 5, 3, 7, 14, 9, 10, 25, 12, 13, 22, 15, 16, 17, 11, 19, 26, 21, 2, 23, 24, 6, 1, 27, 28, 29, 8], [30, 26, 18, 4, 5, 3, 7, 14, 9, 10, 25, 12, 13, 22, 15, 16, 17, 11, 19, 20, 21, 2, 23, 24, 6, 1, 27, 28, 29, 8], [30, 1, 18, 4, 5, 3, 7, 14, 9, 10, 25, 12, 13, 22, 15, 16, 17, 11, 19, 20, 21, 2, 23, 24, 6, 26, 27, 28, 29, 8], [30, 1, 18, 4, 5, 3, 7, 14, 9, 10, 6, 12, 13, 22, 15, 16, 17, 11, 19, 20, 21, 2, 23, 24, 25, 26, 27, 28, 29, 8], [30, 1, 18, 4, 5, 3, 7, 14, 9, 10, 11, 12, 13, 22, 15, 16, 17, 6, 19, 20, 21, 2, 23, 24, 25, 26, 27, 28, 29, 8], [30, 1, 18, 4, 5, 3, 7, 22, 9, 10, 11, 12, 13, 14, 15, 16, 17, 6, 19, 20, 21, 2, 23, 24, 25, 26, 27, 28, 29, 8], [30, 1, 18, 4, 5, 3, 7, 8, 9, 10, 11, 12, 13, 14, 15, 16, 17, 6, 19, 20, 21, 2, 23, 24, 25, 26, 27, 28, 29, 22], [22, 1, 18, 4, 5, 3, 7, 8, 9, 10, 11, 12, 13, 14, 15, 16, 17, 6, 19, 20, 21, 2, 23, 24, 25, 26, 27, 28, 29, 30], [1, 22, 18, 4, 5, 3, 7, 8, 9, 10, 11, 12, 13, 14, 15, 16, 17, 6, 19, 20, 21, 2, 23, 24, 25, 26, 27, 28, 29, 30], [1, 2, 18, 4, 5, 3, 7, 8, 9, 10, 11, 12, 13, 14, 15, 16, 17, 6, 19, 20, 21, 22, 23, 24, 25, 26, 27, 28, 29, 30], [1, 2, 3, 4, 5, 18, 7, 8, 9, 10, 11, 12, 13, 14, 15, 16, 17, 6, 19, 20, 21, 22, 23, 24, 25, 26, 27, 28, 29, 30], [1, 2, 3, 4, 5, 6, 7, 8, 9, 10, 11, 12, 13, 14, 15, 16, 17, 18, 19, 20, 21, 22, 23, 24, 25, 26, 27, 28, 29, 30]], idx1=[6, 6, 14, 15, 17, 4, 9, 7, 10, 20, 24, 19, 5, 27, 20, 20, 1, 6, 6, 14, 8, 22, 1, 2, 3, 6], idx2=[12, 21, 16, 24, 27, 27, 13, 9, 23, 23, 27, 27, 27, 28, 28, 26, 26, 25, 11, 22, 22, 30, 22, 22, 18, 18], _checker='')