============================================================
BENCHMARK ID: 59 | DIMENSIONE: 30 | STRATEGIA: maxregret
============================================================

Input Vector: [2, 11, 3, 19, 24, 12, 9, 30, 29, 4, 5, 13, 25, 23, 14, 17, 28, 16, 21, 26, 27, 7, 6, 10, 18, 1, 15, 22, 8, 20]

STATO: RISOLTO
K: 28
TEMPO: 64.4250s
----------------------------------------
PIANO:
Solution(v=[[2, 11, 3, 19, 24, 12, 9, 30, 29, 4, 5, 13, 25, 23, 14, 17, 28, 16, 21, 26, 27, 7, 6, 10, 18, 1, 15, 22, 8, 20], [1, 11, 3, 19, 24, 12, 9, 30, 29, 4, 5, 13, 25, 23, 14, 17, 28, 16, 21, 26, 27, 7, 6, 10, 18, 2, 15, 22, 8, 20], [1, 2, 3, 19, 24, 12, 9, 30, 29, 4, 5, 13, 25, 23, 14, 17, 28, 16, 21, 26, 27, 7, 6, 10, 18, 11, 15, 22, 8, 20], [1, 2, 3, 19, 24, 12, 9, 30, 29, 4, 5, 13, 25, 23, 14, 17, 28, 16, 21, 26, 15, 7, 6, 10, 18, 11, 27, 22, 8, 20], [1, 2, 3, 19, 24, 12, 9, 30, 29, 4, 5, 13, 25, 23, 14, 17, 28, 16, 15, 26, 21, 7, 6, 10, 18, 11, 27, 22, 8, 20], [1, 2, 3, 15, 24, 12, 9, 30, 29, 4, 5, 13, 25, 23, 14, 17, 28, 16, 19, 26, 21, 7, 6, 10, 18, 11, 27, 22, 8, 20], [1, 2, 3, 15, 24, 12, 9, 30, 29, 4, 5, 25, 13, 23, 14, 17, 28, 16, 19, 26, 21, 7, 6, 10, 18, 11, 27, 22, 8, 20], [1, 2, 3, 15, 24, 12, 9, 30, 29, 4, 5, 18, 13, 23, 14, 17, 28, 16, 19, 26, 21, 7, 6, 10, 25, 11, 27, 22, 8, 20], [1, 2, 3, 15, 24, 18, 9, 30, 29, 4, 5, 12, 13, 23, 14, 17, 28, 16, 19, 26, 21, 7, 6, 10, 25, 11, 27, 22, 8, 20], [1, 2, 3, 15, 24, 18, 9, 30, 29, 4, 11, 12, 13, 23, 14, 17, 28, 16, 19, 26, 21, 7, 6, 10, 25, 5, 27, 22, 8, 20], [1, 2, 3, 15, 24, 18, 9, 30, 29, 4, 11, 12, 13, 6, 14, 17, 28, 16, 19, 26, 21, 7, 23, 10, 25, 5, 27, 22, 8, 20], [1, 2, 3, 15, 24, 18, 9, 30, 29, 4, 11, 12, 13, 6, 14, 17, 28, 16, 19, 5, 21, 7, 23, 10, 25, 26, 27, 22, 8, 20], [1, 2, 3, 15, 24, 18, 9, 30, 29, 4, 11, 12, 13, 6, 14, 17, 28, 16, 19, 20, 21, 7, 23, 10, 25, 26, 27, 22, 8, 5], [1, 2, 3, 15, 24, 18, 9, 5, 29, 4, 11, 12, 13, 6, 14, 17, 28, 16, 19, 20, 21, 7, 23, 10, 25, 26, 27, 22, 8, 30], [1, 2, 3, 15, 24, 18, 9, 5, 29, 4, 11, 12, 13, 6, 14, 17, 28, 16, 19, 20, 21, 22, 23, 10, 25, 26, 27, 7, 8, 30], [1, 2, 3, 15, 24, 18, 7, 5, 29, 4, 11, 12, 13, 6, 14, 17, 28, 16, 19, 20, 21, 22, 23, 10, 25, 26, 27, 9, 8, 30], [1, 2, 3, 15, 24, 18, 7, 5, 29, 4, 11, 12, 13, 6, 14, 16, 28, 17, 19, 20, 21, 22, 23, 10, 25, 26, 27, 9, 8, 30], [1, 2, 3, 15, 24, 18, 7, 5, 29, 4, 11, 12, 13, 6, 14, 16, 17, 28, 19, 20, 21, 22, 23, 10, 25, 26, 27, 9, 8, 30], [1, 2, 3, 15, 24, 18, 7, 5, 29, 4, 11, 12, 13, 6, 14, 16, 17, 9, 19, 20, 21, 22, 23, 10, 25, 26, 27, 28, 8, 30], [1, 2, 3, 15, 24, 9, 7, 5, 29, 4, 11, 12, 13, 6, 14, 16, 17, 18, 19, 20, 21, 22, 23, 10, 25, 26, 27, 28, 8, 30], [1, 2, 3, 15, 24, 29, 7, 5, 9, 4, 11, 12, 13, 6, 14, 16, 17, 18, 19, 20, 21, 22, 23, 10, 25, 26, 27, 28, 8, 30], [1, 2, 3, 15, 24, 8, 7, 5, 9, 4, 11, 12, 13, 6, 14, 16, 17, 18, 19, 20, 21, 22, 23, 10, 25, 26, 27, 28, 29, 30], [1, 2, 3, 15, 24, 8, 7, 5, 9, 4, 11, 12, 13, 14, 6, 16, 17, 18, 19, 20, 21, 22, 23, 10, 25, 26, 27, 28, 29, 30], [1, 2, 3, 6, 24, 8, 7, 5, 9, 4, 11, 12, 13, 14, 15, 16, 17, 18, 19, 20, 21, 22, 23, 10, 25, 26, 27, 28, 29, 30], [1, 2, 3, 6, 24, 5, 7, 8, 9, 4, 11, 12, 13, 14, 15, 16, 17, 18, 19, 20, 21, 22, 23, 10, 25, 26, 27, 28, 29, 30], [1, 2, 3, 5, 24, 6, 7, 8, 9, 4, 11, 12, 13, 14, 15, 16, 17, 18, 19, 20, 21, 22, 23, 10, 25, 26, 27, 28, 29, 30], [1, 2, 3, 24, 5, 6, 7, 8, 9, 4, 11, 12, 13, 14, 15, 16, 17, 18, 19, 20, 21, 22, 23, 10, 25, 26, 27, 28, 29, 30], [1, 2, 3, 24, 5, 6, 7, 8, 9, 10, 11, 12, 13, 14, 15, 16, 17, 18, 19, 20, 21, 22, 23, 4, 25, 26, 27, 28, 29, 30], [1, 2, 3, 4, 5, 6, 7, 8, 9, 10, 11, 12, 13, 14, 15, 16, 17, 18, 19, 20, 21, 22, 23, 24, 25, 26, 27, 28, 29, 30]], pos=[[26, 1, 3, 10, 11, 23, 22, 29, 7, 24, 2, 6, 12, 15, 27, 18, 16, 25, 4, 30, 19, 28, 14, 5, 13, 20, 21, 17, 9, 8], [1, 26, 3, 10, 11, 23, 22, 29, 7, 24, 2, 6, 12, 15, 27, 18, 16, 25, 4, 30, 19, 28, 14, 5, 13, 20, 21, 17, 9, 8], [1, 2, 3, 10, 11, 23, 22, 29, 7, 24, 26, 6, 12, 15, 27, 18, 16, 25, 4, 30, 19, 28, 14, 5, 13, 20, 21, 17, 9, 8], [1, 2, 3, 10, 11, 23, 22, 29, 7, 24, 26, 6, 12, 15, 21, 18, 16, 25, 4, 30, 19, 28, 14, 5, 13, 20, 27, 17, 9, 8], [1, 2, 3, 10, 11, 23, 22, 29, 7, 24, 26, 6, 12, 15, 19, 18, 16, 25, 4, 30, 21, 28, 14, 5, 13, 20, 27, 17, 9, 8], [1, 2, 3, 10, 11, 23, 22, 29, 7, 24, 26, 6, 12, 15, 4, 18, 16, 25, 19, 30, 21, 28, 14, 5, 13, 20, 27, 17, 9, 8], [1, 2, 3, 10, 11, 23, 22, 29, 7, 24, 26, 6, 13, 15, 4, 18, 16, 25, 19, 30, 21, 28, 14, 5, 12, 20, 27, 17, 9, 8], [1, 2, 3, 10, 11, 23, 22, 29, 7, 24, 26, 6, 13, 15, 4, 18, 16, 12, 19, 30, 21, 28, 14, 5, 25, 20, 27, 17, 9, 8], [1, 2, 3, 10, 11, 23, 22, 29, 7, 24, 26, 12, 13, 15, 4, 18, 16, 6, 19, 30, 21, 28, 14, 5, 25, 20, 27, 17, 9, 8], [1, 2, 3, 10, 26, 23, 22, 29, 7, 24, 11, 12, 13, 15, 4, 18, 16, 6, 19, 30, 21, 28, 14, 5, 25, 20, 27, 17, 9, 8], [1, 2, 3, 10, 26, 14, 22, 29, 7, 24, 11, 12, 13, 15, 4, 18, 16, 6, 19, 30, 21, 28, 23, 5, 25, 20, 27, 17, 9, 8], [1, 2, 3, 10, 20, 14, 22, 29, 7, 24, 11, 12, 13, 15, 4, 18, 16, 6, 19, 30, 21, 28, 23, 5, 25, 26, 27, 17, 9, 8], [1, 2, 3, 10, 30, 14, 22, 29, 7, 24, 11, 12, 13, 15, 4, 18, 16, 6, 19, 20, 21, 28, 23, 5, 25, 26, 27, 17, 9, 8], [1, 2, 3, 10, 8, 14, 22, 29, 7, 24, 11, 12, 13, 15, 4, 18, 16, 6, 19, 20, 21, 28, 23, 5, 25, 26, 27, 17, 9, 30], [1, 2, 3, 10, 8, 14, 28, 29, 7, 24, 11, 12, 13, 15, 4, 18, 16, 6, 19, 20, 21, 22, 23, 5, 25, 26, 27, 17, 9, 30], [1, 2, 3, 10, 8, 14, 7, 29, 28, 24, 11, 12, 13, 15, 4, 18, 16, 6, 19, 20, 21, 22, 23, 5, 25, 26, 27, 17, 9, 30], [1, 2, 3, 10, 8, 14, 7, 29, 28, 24, 11, 12, 13, 15, 4, 16, 18, 6, 19, 20, 21, 22, 23, 5, 25, 26, 27, 17, 9, 30], [1, 2, 3, 10, 8, 14, 7, 29, 28, 24, 11, 12, 13, 15, 4, 16, 17, 6, 19, 20, 21, 22, 23, 5, 25, 26, 27, 18, 9, 30], [1, 2, 3, 10, 8, 14, 7, 29, 18, 24, 11, 12, 13, 15, 4, 16, 17, 6, 19, 20, 21, 22, 23, 5, 25, 26, 27, 28, 9, 30], [1, 2, 3, 10, 8, 14, 7, 29, 6, 24, 11, 12, 13, 15, 4, 16, 17, 18, 19, 20, 21, 22, 23, 5, 25, 26, 27, 28, 9, 30], [1, 2, 3, 10, 8, 14, 7, 29, 9, 24, 11, 12, 13, 15, 4, 16, 17, 18, 19, 20, 21, 22, 23, 5, 25, 26, 27, 28, 6, 30], [1, 2, 3, 10, 8, 14, 7, 6, 9, 24, 11, 12, 13, 15, 4, 16, 17, 18, 19, 20, 21, 22, 23, 5, 25, 26, 27, 28, 29, 30], [1, 2, 3, 10, 8, 15, 7, 6, 9, 24, 11, 12, 13, 14, 4, 16, 17, 18, 19, 20, 21, 22, 23, 5, 25, 26, 27, 28, 29, 30], [1, 2, 3, 10, 8, 4, 7, 6, 9, 24, 11, 12, 13, 14, 15, 16, 17, 18, 19, 20, 21, 22, 23, 5, 25, 26, 27, 28, 29, 30], [1, 2, 3, 10, 6, 4, 7, 8, 9, 24, 11, 12, 13, 14, 15, 16, 17, 18, 19, 20, 21, 22, 23, 5, 25, 26, 27, 28, 29, 30], [1, 2, 3, 10, 4, 6, 7, 8, 9, 24, 11, 12, 13, 14, 15, 16, 17, 18, 19, 20, 21, 22, 23, 5, 25, 26, 27, 28, 29, 30], [1, 2, 3, 10, 5, 6, 7, 8, 9, 24, 11, 12, 13, 14, 15, 16, 17, 18, 19, 20, 21, 22, 23, 4, 25, 26, 27, 28, 29, 30], [1, 2, 3, 24, 5, 6, 7, 8, 9, 10, 11, 12, 13, 14, 15, 16, 17, 18, 19, 20, 21, 22, 23, 4, 25, 26, 27, 28, 29, 30], [1, 2, 3, 4, 5, 6, 7, 8, 9, 10, 11, 12, 13, 14, 15, 16, 17, 18, 19, 20, 21, 22, 23, 24, 25, 26, 27, 28, 29, 30]], idx1=[1, 2, 21, 19, 4, 12, 12, 6, 11, 14, 20, 20, 8, 22, 7, 16, 17, 18, 6, 6, 6, 14, 4, 6, 4, 4, 10, 4], idx2=[26, 26, 27, 21, 19, 13, 25, 12, 26, 23, 26, 30, 30, 28, 28, 18, 18, 28, 18, 9, 29, 15, 15, 8, 6, 5, 24, 24], _checker='')