============================================================
BENCHMARK ID: 60 | DIMENSIONE: 30 | STRATEGIA: maxregret
============================================================

Input Vector: [6, 7, 13, 8, 17, 1, 18, 10, 25, 14, 26, 24, 3, 27, 19, 22, 29, 12, 9, 16, 30, 5, 20, 11, 4, 2, 23, 28, 15, 21]

STATO: RISOLTO
K: 24
TEMPO: 2.0680s
----------------------------------------
PIANO:
Solution(v=[[6, 7, 13, 8, 17, 1, 18, 10, 25, 14, 26, 24, 3, 27, 19, 22, 29, 12, 9, 16, 30, 5, 20, 11, 4, 2, 23, 28, 15, 21], [1, 7, 13, 8, 17, 6, 18, 10, 25, 14, 26, 24, 3, 27, 19, 22, 29, 12, 9, 16, 30, 5, 20, 11, 4, 2, 23, 28, 15, 21], [1, 7, 13, 8, 17, 6, 12, 10, 25, 14, 26, 24, 3, 27, 19, 22, 29, 18, 9, 16, 30, 5, 20, 11, 4, 2, 23, 28, 15, 21], [1, 7, 13, 8, 17, 6, 12, 10, 25, 27, 26, 24, 3, 14, 19, 22, 29, 18, 9, 16, 30, 5, 20, 11, 4, 2, 23, 28, 15, 21], [1, 7, 13, 8, 17, 6, 12, 27, 25, 10, 26, 24, 3, 14, 19, 22, 29, 18, 9, 16, 30, 5, 20, 11, 4, 2, 23, 28, 15, 21], [1, 7, 13, 8, 17, 6, 12, 23, 25, 10, 26, 24, 3, 14, 19, 22, 29, 18, 9, 16, 30, 5, 20, 11, 4, 2, 27, 28, 15, 21], [1, 7, 13, 8, 17, 6, 12, 23, 25, 10, 26, 11, 3, 14, 19, 22, 29, 18, 9, 16, 30, 5, 20, 24, 4, 2, 27, 28, 15, 21], [1, 7, 13, 8, 17, 6, 12, 23, 25, 10, 11, 26, 3, 14, 19, 22, 29, 18, 9, 16, 30, 5, 20, 24, 4, 2, 27, 28, 15, 21], [1, 7, 13, 8, 17, 6, 12, 23, 25, 10, 11, 26, 3, 14, 19, 5, 29, 18, 9, 16, 30, 22, 20, 24, 4, 2, 27, 28, 15, 21], [1, 7, 13, 8, 17, 6, 12, 23, 25, 10, 11, 26, 3, 14, 19, 16, 29, 18, 9, 5, 30, 22, 20, 24, 4, 2, 27, 28, 15, 21], [1, 7, 13, 8, 17, 6, 12, 23, 25, 10, 11, 26, 3, 14, 19, 16, 29, 18, 9, 20, 30, 22, 5, 24, 4, 2, 27, 28, 15, 21], [1, 7, 13, 8, 17, 6, 12, 5, 25, 10, 11, 26, 3, 14, 19, 16, 29, 18, 9, 20, 30, 22, 23, 24, 4, 2, 27, 28, 15, 21], [1, 7, 13, 8, 17, 6, 12, 5, 25, 10, 11, 26, 3, 14, 19, 16, 15, 18, 9, 20, 30, 22, 23, 24, 4, 2, 27, 28, 29, 21], [1, 7, 13, 8, 15, 6, 12, 5, 25, 10, 11, 26, 3, 14, 19, 16, 17, 18, 9, 20, 30, 22, 23, 24, 4, 2, 27, 28, 29, 21], [1, 7, 13, 8, 5, 6, 12, 15, 25, 10, 11, 26, 3, 14, 19, 16, 17, 18, 9, 20, 30, 22, 23, 24, 4, 2, 27, 28, 29, 21], [1, 7, 13, 8, 5, 6, 12, 15, 25, 10, 11, 26, 3, 14, 9, 16, 17, 18, 19, 20, 30, 22, 23, 24, 4, 2, 27, 28, 29, 21], [1, 7, 13, 8, 5, 6, 12, 15, 9, 10, 11, 26, 3, 14, 25, 16, 17, 18, 19, 20, 30, 22, 23, 24, 4, 2, 27, 28, 29, 21], [1, 7, 13, 8, 5, 6, 12, 15, 9, 10, 11, 2, 3, 14, 25, 16, 17, 18, 19, 20, 30, 22, 23, 24, 4, 26, 27, 28, 29, 21], [1, 2, 13, 8, 5, 6, 12, 15, 9, 10, 11, 7, 3, 14, 25, 16, 17, 18, 19, 20, 30, 22, 23, 24, 4, 26, 27, 28, 29, 21], [1, 2, 3, 8, 5, 6, 12, 15, 9, 10, 11, 7, 13, 14, 25, 16, 17, 18, 19, 20, 30, 22, 23, 24, 4, 26, 27, 28, 29, 21], [1, 2, 3, 15, 5, 6, 12, 8, 9, 10, 11, 7, 13, 14, 25, 16, 17, 18, 19, 20, 30, 22, 23, 24, 4, 26, 27, 28, 29, 21], [1, 2, 3, 15, 5, 6, 7, 8, 9, 10, 11, 12, 13, 14, 25, 16, 17, 18, 19, 20, 30, 22, 23, 24, 4, 26, 27, 28, 29, 21], [1, 2, 3, 15, 5, 6, 7, 8, 9, 10, 11, 12, 13, 14, 4, 16, 17, 18, 19, 20, 30, 22, 23, 24, 25, 26, 27, 28, 29, 21], [1, 2, 3, 4, 5, 6, 7, 8, 9, 10, 11, 12, 13, 14, 15, 16, 17, 18, 19, 20, 30, 22, 23, 24, 25, 26, 27, 28, 29, 21], [1, 2, 3, 4, 5, 6, 7, 8, 9, 10, 11, 12, 13, 14, 15, 16, 17, 18, 19, 20, 21, 22, 23, 24, 25, 26, 27, 28, 29, 30]], pos=[[6, 26, 13, 25, 22, 1, 2, 4, 19, 8, 24, 18, 3, 10, 29, 20, 5, 7, 15, 23, 30, 16, 27, 12, 9, 11, 14, 28, 17, 21], [1, 26, 13, 25, 22, 6, 2, 4, 19, 8, 24, 18, 3, 10, 29, 20, 5, 7, 15, 23, 30, 16, 27, 12, 9, 11, 14, 28, 17, 21], [1, 26, 13, 25, 22, 6, 2, 4, 19, 8, 24, 7, 3, 10, 29, 20, 5, 18, 15, 23, 30, 16, 27, 12, 9, 11, 14, 28, 17, 21], [1, 26, 13, 25, 22, 6, 2, 4, 19, 8, 24, 7, 3, 14, 29, 20, 5, 18, 15, 23, 30, 16, 27, 12, 9, 11, 10, 28, 17, 21], [1, 26, 13, 25, 22, 6, 2, 4, 19, 10, 24, 7, 3, 14, 29, 20, 5, 18, 15, 23, 30, 16, 27, 12, 9, 11, 8, 28, 17, 21], [1, 26, 13, 25, 22, 6, 2, 4, 19, 10, 24, 7, 3, 14, 29, 20, 5, 18, 15, 23, 30, 16, 8, 12, 9, 11, 27, 28, 17, 21], [1, 26, 13, 25, 22, 6, 2, 4, 19, 10, 12, 7, 3, 14, 29, 20, 5, 18, 15, 23, 30, 16, 8, 24, 9, 11, 27, 28, 17, 21], [1, 26, 13, 25, 22, 6, 2, 4, 19, 10, 11, 7, 3, 14, 29, 20, 5, 18, 15, 23, 30, 16, 8, 24, 9, 12, 27, 28, 17, 21], [1, 26, 13, 25, 16, 6, 2, 4, 19, 10, 11, 7, 3, 14, 29, 20, 5, 18, 15, 23, 30, 22, 8, 24, 9, 12, 27, 28, 17, 21], [1, 26, 13, 25, 20, 6, 2, 4, 19, 10, 11, 7, 3, 14, 29, 16, 5, 18, 15, 23, 30, 22, 8, 24, 9, 12, 27, 28, 17, 21], [1, 26, 13, 25, 23, 6, 2, 4, 19, 10, 11, 7, 3, 14, 29, 16, 5, 18, 15, 20, 30, 22, 8, 24, 9, 12, 27, 28, 17, 21], [1, 26, 13, 25, 8, 6, 2, 4, 19, 10, 11, 7, 3, 14, 29, 16, 5, 18, 15, 20, 30, 22, 23, 24, 9, 12, 27, 28, 17, 21], [1, 26, 13, 25, 8, 6, 2, 4, 19, 10, 11, 7, 3, 14, 17, 16, 5, 18, 15, 20, 30, 22, 23, 24, 9, 12, 27, 28, 29, 21], [1, 26, 13, 25, 8, 6, 2, 4, 19, 10, 11, 7, 3, 14, 5, 16, 17, 18, 15, 20, 30, 22, 23, 24, 9, 12, 27, 28, 29, 21], [1, 26, 13, 25, 5, 6, 2, 4, 19, 10, 11, 7, 3, 14, 8, 16, 17, 18, 15, 20, 30, 22, 23, 24, 9, 12, 27, 28, 29, 21], [1, 26, 13, 25, 5, 6, 2, 4, 15, 10, 11, 7, 3, 14, 8, 16, 17, 18, 19, 20, 30, 22, 23, 24, 9, 12, 27, 28, 29, 21], [1, 26, 13, 25, 5, 6, 2, 4, 9, 10, 11, 7, 3, 14, 8, 16, 17, 18, 19, 20, 30, 22, 23, 24, 15, 12, 27, 28, 29, 21], [1, 12, 13, 25, 5, 6, 2, 4, 9, 10, 11, 7, 3, 14, 8, 16, 17, 18, 19, 20, 30, 22, 23, 24, 15, 26, 27, 28, 29, 21], [1, 2, 13, 25, 5, 6, 12, 4, 9, 10, 11, 7, 3, 14, 8, 16, 17, 18, 19, 20, 30, 22, 23, 24, 15, 26, 27, 28, 29, 21], [1, 2, 3, 25, 5, 6, 12, 4, 9, 10, 11, 7, 13, 14, 8, 16, 17, 18, 19, 20, 30, 22, 23, 24, 15, 26, 27, 28, 29, 21], [1, 2, 3, 25, 5, 6, 12, 8, 9, 10, 11, 7, 13, 14, 4, 16, 17, 18, 19, 20, 30, 22, 23, 24, 15, 26, 27, 28, 29, 21], [1, 2, 3, 25, 5, 6, 7, 8, 9, 10, 11, 12, 13, 14, 4, 16, 17, 18, 19, 20, 30, 22, 23, 24, 15, 26, 27, 28, 29, 21], [1, 2, 3, 15, 5, 6, 7, 8, 9, 10, 11, 12, 13, 14, 4, 16, 17, 18, 19, 20, 30, 22, 23, 24, 25, 26, 27, 28, 29, 21], [1, 2, 3, 4, 5, 6, 7, 8, 9, 10, 11, 12, 13, 14, 15, 16, 17, 18, 19, 20, 30, 22, 23, 24, 25, 26, 27, 28, 29, 21], [1, 2, 3, 4, 5, 6, 7, 8, 9, 10, 11, 12, 13, 14, 15, 16, 17, 18, 19, 20, 21, 22, 23, 24, 25, 26, 27, 28, 29, 30]], idx1=[1, 7, 10, 8, 8, 12, 11, 16, 16, 20, 8, 17, 5, 5, 15, 9, 12, 2, 3, 4, 7, 15, 4, 21], idx2=[6, 18, 14, 10, 27, 24, 12, 22, 20, 23, 23, 29, 17, 8, 19, 15, 26, 12, 13, 8, 12, 25, 15, 30], _checker='')