============================================================
BENCHMARK ID: 13 | DIMENSIONE: 10 | STRATEGIA: maxregret
============================================================

Input Vector: [10, 7, 3, 2, 9, 4, 8, 5, 1, 6]

STATO: RISOLTO
K: 8
TEMPO: 0.2880s
----------------------------------------
PIANO:
Solution(v=[[10, 7, 3, 2, 9, 4, 8, 5, 1, 6], [10, 2, 3, 7, 9, 4, 8, 5, 1, 6], [10, 2, 3, 7, 1, 4, 8, 5, 9, 6], [10, 2, 3, 7, 1, 4, 5, 8, 9, 6], [10, 2, 3, 5, 1, 4, 7, 8, 9, 6], [10, 2, 3, 1, 5, 4, 7, 8, 9, 6], [10, 2, 3, 4, 5, 1, 7, 8, 9, 6], [10, 2, 3, 4, 5, 6, 7, 8, 9, 1], [1, 2, 3, 4, 5, 6, 7, 8, 9, 10]], pos=[[9, 4, 3, 6, 8, 10, 2, 7, 5, 1], [9, 2, 3, 6, 8, 10, 4, 7, 5, 1], [5, 2, 3, 6, 8, 10, 4, 7, 9, 1], [5, 2, 3, 6, 7, 10, 4, 8, 9, 1], [5, 2, 3, 6, 4, 10, 7, 8, 9, 1], [4, 2, 3, 6, 5, 10, 7, 8, 9, 1], [6, 2, 3, 4, 5, 10, 7, 8, 9, 1], [10, 2, 3, 4, 5, 6, 7, 8, 9, 1], [1, 2, 3, 4, 5, 6, 7, 8, 9, 10]], idx1=[2, 5, 7, 4, 4, 4, 6, 1], idx2=[4, 9, 8, 7, 5, 6, 10, 10], _checker='')