============================================================
BENCHMARK ID: 46 | DIMENSIONE: 25 | STRATEGIA: maxregret
============================================================

Input Vector: [7, 16, 24, 23, 5, 22, 15, 12, 14, 1, 10, 18, 8, 3, 13, 20, 9, 6, 2, 21, 17, 4, 19, 11, 25]

STATO: RISOLTO
K: 22
TEMPO: 0.9880s
----------------------------------------
PIANO:
Solution(v=[[7, 16, 24, 23, 5, 22, 15, 12, 14, 1, 10, 18, 8, 3, 13, 20, 9, 6, 2, 21, 17, 4, 19, 11, 25], [7, 16, 24, 23, 5, 22, 15, 12, 14, 1, 10, 18, 8, 3, 13, 20, 9, 6, 2, 17, 21, 4, 19, 11, 25], [7, 16, 24, 23, 5, 22, 15, 12, 14, 1, 10, 18, 8, 3, 13, 20, 17, 6, 2, 9, 21, 4, 19, 11, 25], [7, 16, 24, 23, 5, 22, 15, 12, 14, 1, 10, 18, 8, 3, 13, 20, 17, 6, 19, 9, 21, 4, 2, 11, 25], [7, 16, 24, 2, 5, 22, 15, 12, 14, 1, 10, 18, 8, 3, 13, 20, 17, 6, 19, 9, 21, 4, 23, 11, 25], [7, 16, 24, 2, 5, 22, 15, 12, 14, 1, 10, 6, 8, 3, 13, 20, 17, 18, 19, 9, 21, 4, 23, 11, 25], [7, 16, 24, 2, 5, 22, 15, 12, 14, 1, 10, 6, 13, 3, 8, 20, 17, 18, 19, 9, 21, 4, 23, 11, 25], [7, 16, 24, 2, 5, 22, 8, 12, 14, 1, 10, 6, 13, 3, 15, 20, 17, 18, 19, 9, 21, 4, 23, 11, 25], [7, 16, 24, 2, 5, 22, 8, 6, 14, 1, 10, 12, 13, 3, 15, 20, 17, 18, 19, 9, 21, 4, 23, 11, 25], [7, 16, 24, 2, 5, 22, 8, 6, 14, 10, 1, 12, 13, 3, 15, 20, 17, 18, 19, 9, 21, 4, 23, 11, 25], [1, 16, 24, 2, 5, 22, 8, 6, 14, 10, 7, 12, 13, 3, 15, 20, 17, 18, 19, 9, 21, 4, 23, 11, 25], [1, 16, 24, 2, 5, 22, 8, 6, 14, 10, 7, 12, 13, 3, 15, 9, 17, 18, 19, 20, 21, 4, 23, 11, 25], [1, 16, 24, 2, 5, 22, 8, 6, 9, 10, 7, 12, 13, 3, 15, 14, 17, 18, 19, 20, 21, 4, 23, 11, 25], [1, 14, 24, 2, 5, 22, 8, 6, 9, 10, 7, 12, 13, 3, 15, 16, 17, 18, 19, 20, 21, 4, 23, 11, 25], [1, 3, 24, 2, 5, 22, 8, 6, 9, 10, 7, 12, 13, 14, 15, 16, 17, 18, 19, 20, 21, 4, 23, 11, 25], [1, 3, 24, 2, 5, 6, 8, 22, 9, 10, 7, 12, 13, 14, 15, 16, 17, 18, 19, 20, 21, 4, 23, 11, 25], [1, 3, 24, 2, 5, 6, 8, 22, 9, 10, 11, 12, 13, 14, 15, 16, 17, 18, 19, 20, 21, 4, 23, 7, 25], [1, 3, 7, 2, 5, 6, 8, 22, 9, 10, 11, 12, 13, 14, 15, 16, 17, 18, 19, 20, 21, 4, 23, 24, 25], [1, 3, 8, 2, 5, 6, 7, 22, 9, 10, 11, 12, 13, 14, 15, 16, 17, 18, 19, 20, 21, 4, 23, 24, 25], [1, 3, 8, 2, 5, 6, 7, 4, 9, 10, 11, 12, 13, 14, 15, 16, 17, 18, 19, 20, 21, 22, 23, 24, 25], [1, 3, 4, 2, 5, 6, 7, 8, 9, 10, 11, 12, 13, 14, 15, 16, 17, 18, 19, 20, 21, 22, 23, 24, 25], [1, 4, 3, 2, 5, 6, 7, 8, 9, 10, 11, 12, 13, 14, 15, 16, 17, 18, 19, 20, 21, 22, 23, 24, 25], [1, 2, 3, 4, 5, 6, 7, 8, 9, 10, 11, 12, 13, 14, 15, 16, 17, 18, 19, 20, 21, 22, 23, 24, 25]], pos=[[10, 19, 14, 22, 5, 18, 1, 13, 17, 11, 24, 8, 15, 9, 7, 2, 21, 12, 23, 16, 20, 6, 4, 3, 25], [10, 19, 14, 22, 5, 18, 1, 13, 17, 11, 24, 8, 15, 9, 7, 2, 20, 12, 23, 16, 21, 6, 4, 3, 25], [10, 19, 14, 22, 5, 18, 1, 13, 20, 11, 24, 8, 15, 9, 7, 2, 17, 12, 23, 16, 21, 6, 4, 3, 25], [10, 23, 14, 22, 5, 18, 1, 13, 20, 11, 24, 8, 15, 9, 7, 2, 17, 12, 19, 16, 21, 6, 4, 3, 25], [10, 4, 14, 22, 5, 18, 1, 13, 20, 11, 24, 8, 15, 9, 7, 2, 17, 12, 19, 16, 21, 6, 23, 3, 25], [10, 4, 14, 22, 5, 12, 1, 13, 20, 11, 24, 8, 15, 9, 7, 2, 17, 18, 19, 16, 21, 6, 23, 3, 25], [10, 4, 14, 22, 5, 12, 1, 15, 20, 11, 24, 8, 13, 9, 7, 2, 17, 18, 19, 16, 21, 6, 23, 3, 25], [10, 4, 14, 22, 5, 12, 1, 7, 20, 11, 24, 8, 13, 9, 15, 2, 17, 18, 19, 16, 21, 6, 23, 3, 25], [10, 4, 14, 22, 5, 8, 1, 7, 20, 11, 24, 12, 13, 9, 15, 2, 17, 18, 19, 16, 21, 6, 23, 3, 25], [11, 4, 14, 22, 5, 8, 1, 7, 20, 10, 24, 12, 13, 9, 15, 2, 17, 18, 19, 16, 21, 6, 23, 3, 25], [1, 4, 14, 22, 5, 8, 11, 7, 20, 10, 24, 12, 13, 9, 15, 2, 17, 18, 19, 16, 21, 6, 23, 3, 25], [1, 4, 14, 22, 5, 8, 11, 7, 16, 10, 24, 12, 13, 9, 15, 2, 17, 18, 19, 20, 21, 6, 23, 3, 25], [1, 4, 14, 22, 5, 8, 11, 7, 9, 10, 24, 12, 13, 16, 15, 2, 17, 18, 19, 20, 21, 6, 23, 3, 25], [1, 4, 14, 22, 5, 8, 11, 7, 9, 10, 24, 12, 13, 2, 15, 16, 17, 18, 19, 20, 21, 6, 23, 3, 25], [1, 4, 2, 22, 5, 8, 11, 7, 9, 10, 24, 12, 13, 14, 15, 16, 17, 18, 19, 20, 21, 6, 23, 3, 25], [1, 4, 2, 22, 5, 6, 11, 7, 9, 10, 24, 12, 13, 14, 15, 16, 17, 18, 19, 20, 21, 8, 23, 3, 25], [1, 4, 2, 22, 5, 6, 24, 7, 9, 10, 11, 12, 13, 14, 15, 16, 17, 18, 19, 20, 21, 8, 23, 3, 25], [1, 4, 2, 22, 5, 6, 3, 7, 9, 10, 11, 12, 13, 14, 15, 16, 17, 18, 19, 20, 21, 8, 23, 24, 25], [1, 4, 2, 22, 5, 6, 7, 3, 9, 10, 11, 12, 13, 14, 15, 16, 17, 18, 19, 20, 21, 8, 23, 24, 25], [1, 4, 2, 8, 5, 6, 7, 3, 9, 10, 11, 12, 13, 14, 15, 16, 17, 18, 19, 20, 21, 22, 23, 24, 25], [1, 4, 2, 3, 5, 6, 7, 8, 9, 10, 11, 12, 13, 14, 15, 16, 17, 18, 19, 20, 21, 22, 23, 24, 25], [1, 4, 3, 2, 5, 6, 7, 8, 9, 10, 11, 12, 13, 14, 15, 16, 17, 18, 19, 20, 21, 22, 23, 24, 25], [1, 2, 3, 4, 5, 6, 7, 8, 9, 10, 11, 12, 13, 14, 15, 16, 17, 18, 19, 20, 21, 22, 23, 24, 25]], idx1=[20, 17, 19, 4, 12, 13, 7, 8, 10, 1, 16, 9, 2, 2, 6, 11, 3, 3, 8, 3, 2, 2], idx2=[21, 20, 23, 23, 18, 15, 15, 12, 11, 11, 20, 16, 16, 14, 8, 24, 24, 7, 22, 8, 3, 4], _checker='')