============================================================
BENCHMARK ID: 57 | DIMENSIONE: 30 | STRATEGIA: maxregret
============================================================

Input Vector: [25, 1, 4, 26, 12, 22, 27, 8, 29, 13, 17, 10, 6, 11, 2, 21, 30, 5, 15, 18, 9, 7, 20, 23, 28, 24, 14, 19, 16, 3]

STATO: RISOLTO
K: 26
TEMPO: 1.7700s
----------------------------------------
PIANO:
Solution(v=[[25, 1, 4, 26, 12, 22, 27, 8, 29, 13, 17, 10, 6, 11, 2, 21, 30, 5, 15, 18, 9, 7, 20, 23, 28, 24, 14, 19, 16, 3], [25, 2, 4, 26, 12, 22, 27, 8, 29, 13, 17, 10, 6, 11, 1, 21, 30, 5, 15, 18, 9, 7, 20, 23, 28, 24, 14, 19, 16, 3], [1, 2, 4, 26, 12, 22, 27, 8, 29, 13, 17, 10, 6, 11, 25, 21, 30, 5, 15, 18, 9, 7, 20, 23, 28, 24, 14, 19, 16, 3], [1, 2, 4, 26, 12, 22, 27, 8, 29, 13, 17, 10, 6, 11, 28, 21, 30, 5, 15, 18, 9, 7, 20, 23, 25, 24, 14, 19, 16, 3], [1, 2, 4, 26, 12, 22, 27, 8, 29, 13, 17, 10, 6, 11, 28, 21, 30, 5, 15, 18, 9, 7, 23, 20, 25, 24, 14, 19, 16, 3], [1, 2, 4, 26, 12, 22, 27, 8, 29, 13, 17, 10, 6, 11, 28, 21, 30, 5, 15, 18, 9, 7, 23, 24, 25, 20, 14, 19, 16, 3], [1, 2, 4, 20, 12, 22, 27, 8, 29, 13, 17, 10, 6, 11, 28, 21, 30, 5, 15, 18, 9, 7, 23, 24, 25, 26, 14, 19, 16, 3], [1, 2, 4, 20, 12, 22, 14, 8, 29, 13, 17, 10, 6, 11, 28, 21, 30, 5, 15, 18, 9, 7, 23, 24, 25, 26, 27, 19, 16, 3], [1, 2, 4, 20, 12, 22, 14, 8, 29, 13, 17, 10, 6, 11, 28, 21, 30, 18, 15, 5, 9, 7, 23, 24, 25, 26, 27, 19, 16, 3], [1, 2, 4, 5, 12, 22, 14, 8, 29, 13, 17, 10, 6, 11, 28, 21, 30, 18, 15, 20, 9, 7, 23, 24, 25, 26, 27, 19, 16, 3], [1, 2, 4, 5, 12, 22, 14, 8, 29, 13, 17, 10, 6, 11, 28, 9, 30, 18, 15, 20, 21, 7, 23, 24, 25, 26, 27, 19, 16, 3], [1, 2, 4, 5, 12, 22, 14, 8, 29, 13, 17, 10, 6, 11, 28, 16, 30, 18, 15, 20, 21, 7, 23, 24, 25, 26, 27, 19, 9, 3], [1, 2, 4, 5, 12, 22, 14, 8, 29, 13, 17, 10, 6, 11, 28, 16, 30, 18, 19, 20, 21, 7, 23, 24, 25, 26, 27, 15, 9, 3], [1, 2, 4, 5, 12, 22, 14, 8, 29, 13, 17, 10, 6, 11, 15, 16, 30, 18, 19, 20, 21, 7, 23, 24, 25, 26, 27, 28, 9, 3], [1, 2, 4, 5, 12, 22, 14, 8, 29, 13, 17, 10, 6, 11, 15, 16, 3, 18, 19, 20, 21, 7, 23, 24, 25, 26, 27, 28, 9, 30], [1, 2, 4, 5, 12, 22, 14, 8, 29, 13, 3, 10, 6, 11, 15, 16, 17, 18, 19, 20, 21, 7, 23, 24, 25, 26, 27, 28, 9, 30], [1, 2, 4, 5, 12, 22, 14, 8, 29, 13, 11, 10, 6, 3, 15, 16, 17, 18, 19, 20, 21, 7, 23, 24, 25, 26, 27, 28, 9, 30], [1, 2, 4, 5, 12, 22, 3, 8, 29, 13, 11, 10, 6, 14, 15, 16, 17, 18, 19, 20, 21, 7, 23, 24, 25, 26, 27, 28, 9, 30], [1, 2, 4, 5, 12, 22, 3, 8, 9, 13, 11, 10, 6, 14, 15, 16, 17, 18, 19, 20, 21, 7, 23, 24, 25, 26, 27, 28, 29, 30], [1, 2, 4, 5, 12, 22, 3, 8, 9, 10, 11, 13, 6, 14, 15, 16, 17, 18, 19, 20, 21, 7, 23, 24, 25, 26, 27, 28, 29, 30], [1, 2, 4, 5, 12, 22, 3, 8, 9, 10, 11, 6, 13, 14, 15, 16, 17, 18, 19, 20, 21, 7, 23, 24, 25, 26, 27, 28, 29, 30], [1, 2, 4, 5, 12, 6, 3, 8, 9, 10, 11, 22, 13, 14, 15, 16, 17, 18, 19, 20, 21, 7, 23, 24, 25, 26, 27, 28, 29, 30], [1, 2, 4, 5, 12, 6, 7, 8, 9, 10, 11, 22, 13, 14, 15, 16, 17, 18, 19, 20, 21, 3, 23, 24, 25, 26, 27, 28, 29, 30], [1, 2, 3, 5, 12, 6, 7, 8, 9, 10, 11, 22, 13, 14, 15, 16, 17, 18, 19, 20, 21, 4, 23, 24, 25, 26, 27, 28, 29, 30], [1, 2, 3, 4, 12, 6, 7, 8, 9, 10, 11, 22, 13, 14, 15, 16, 17, 18, 19, 20, 21, 5, 23, 24, 25, 26, 27, 28, 29, 30], [1, 2, 3, 4, 5, 6, 7, 8, 9, 10, 11, 22, 13, 14, 15, 16, 17, 18, 19, 20, 21, 12, 23, 24, 25, 26, 27, 28, 29, 30], [1, 2, 3, 4, 5, 6, 7, 8, 9, 10, 11, 12, 13, 14, 15, 16, 17, 18, 19, 20, 21, 22, 23, 24, 25, 26, 27, 28, 29, 30]], pos=[[2, 15, 30, 3, 18, 13, 22, 8, 21, 12, 14, 5, 10, 27, 19, 29, 11, 20, 28, 23, 16, 6, 24, 26, 1, 4, 7, 25, 9, 17], [15, 2, 30, 3, 18, 13, 22, 8, 21, 12, 14, 5, 10, 27, 19, 29, 11, 20, 28, 23, 16, 6, 24, 26, 1, 4, 7, 25, 9, 17], [1, 2, 30, 3, 18, 13, 22, 8, 21, 12, 14, 5, 10, 27, 19, 29, 11, 20, 28, 23, 16, 6, 24, 26, 15, 4, 7, 25, 9, 17], [1, 2, 30, 3, 18, 13, 22, 8, 21, 12, 14, 5, 10, 27, 19, 29, 11, 20, 28, 23, 16, 6, 24, 26, 25, 4, 7, 15, 9, 17], [1, 2, 30, 3, 18, 13, 22, 8, 21, 12, 14, 5, 10, 27, 19, 29, 11, 20, 28, 24, 16, 6, 23, 26, 25, 4, 7, 15, 9, 17], [1, 2, 30, 3, 18, 13, 22, 8, 21, 12, 14, 5, 10, 27, 19, 29, 11, 20, 28, 26, 16, 6, 23, 24, 25, 4, 7, 15, 9, 17], [1, 2, 30, 3, 18, 13, 22, 8, 21, 12, 14, 5, 10, 27, 19, 29, 11, 20, 28, 4, 16, 6, 23, 24, 25, 26, 7, 15, 9, 17], [1, 2, 30, 3, 18, 13, 22, 8, 21, 12, 14, 5, 10, 7, 19, 29, 11, 20, 28, 4, 16, 6, 23, 24, 25, 26, 27, 15, 9, 17], [1, 2, 30, 3, 20, 13, 22, 8, 21, 12, 14, 5, 10, 7, 19, 29, 11, 18, 28, 4, 16, 6, 23, 24, 25, 26, 27, 15, 9, 17], [1, 2, 30, 3, 4, 13, 22, 8, 21, 12, 14, 5, 10, 7, 19, 29, 11, 18, 28, 20, 16, 6, 23, 24, 25, 26, 27, 15, 9, 17], [1, 2, 30, 3, 4, 13, 22, 8, 16, 12, 14, 5, 10, 7, 19, 29, 11, 18, 28, 20, 21, 6, 23, 24, 25, 26, 27, 15, 9, 17], [1, 2, 30, 3, 4, 13, 22, 8, 29, 12, 14, 5, 10, 7, 19, 16, 11, 18, 28, 20, 21, 6, 23, 24, 25, 26, 27, 15, 9, 17], [1, 2, 30, 3, 4, 13, 22, 8, 29, 12, 14, 5, 10, 7, 28, 16, 11, 18, 19, 20, 21, 6, 23, 24, 25, 26, 27, 15, 9, 17], [1, 2, 30, 3, 4, 13, 22, 8, 29, 12, 14, 5, 10, 7, 15, 16, 11, 18, 19, 20, 21, 6, 23, 24, 25, 26, 27, 28, 9, 17], [1, 2, 17, 3, 4, 13, 22, 8, 29, 12, 14, 5, 10, 7, 15, 16, 11, 18, 19, 20, 21, 6, 23, 24, 25, 26, 27, 28, 9, 30], [1, 2, 11, 3, 4, 13, 22, 8, 29, 12, 14, 5, 10, 7, 15, 16, 17, 18, 19, 20, 21, 6, 23, 24, 25, 26, 27, 28, 9, 30], [1, 2, 14, 3, 4, 13, 22, 8, 29, 12, 11, 5, 10, 7, 15, 16, 17, 18, 19, 20, 21, 6, 23, 24, 25, 26, 27, 28, 9, 30], [1, 2, 7, 3, 4, 13, 22, 8, 29, 12, 11, 5, 10, 14, 15, 16, 17, 18, 19, 20, 21, 6, 23, 24, 25, 26, 27, 28, 9, 30], [1, 2, 7, 3, 4, 13, 22, 8, 9, 12, 11, 5, 10, 14, 15, 16, 17, 18, 19, 20, 21, 6, 23, 24, 25, 26, 27, 28, 29, 30], [1, 2, 7, 3, 4, 13, 22, 8, 9, 10, 11, 5, 12, 14, 15, 16, 17, 18, 19, 20, 21, 6, 23, 24, 25, 26, 27, 28, 29, 30], [1, 2, 7, 3, 4, 12, 22, 8, 9, 10, 11, 5, 13, 14, 15, 16, 17, 18, 19, 20, 21, 6, 23, 24, 25, 26, 27, 28, 29, 30], [1, 2, 7, 3, 4, 6, 22, 8, 9, 10, 11, 5, 13, 14, 15, 16, 17, 18, 19, 20, 21, 12, 23, 24, 25, 26, 27, 28, 29, 30], [1, 2, 22, 3, 4, 6, 7, 8, 9, 10, 11, 5, 13, 14, 15, 16, 17, 18, 19, 20, 21, 12, 23, 24, 25, 26, 27, 28, 29, 30], [1, 2, 3, 22, 4, 6, 7, 8, 9, 10, 11, 5, 13, 14, 15, 16, 17, 18, 19, 20, 21, 12, 23, 24, 25, 26, 27, 28, 29, 30], [1, 2, 3, 4, 22, 6, 7, 8, 9, 10, 11, 5, 13, 14, 15, 16, 17, 18, 19, 20, 21, 12, 23, 24, 25, 26, 27, 28, 29, 30], [1, 2, 3, 4, 5, 6, 7, 8, 9, 10, 11, 22, 13, 14, 15, 16, 17, 18, 19, 20, 21, 12, 23, 24, 25, 26, 27, 28, 29, 30], [1, 2, 3, 4, 5, 6, 7, 8, 9, 10, 11, 12, 13, 14, 15, 16, 17, 18, 19, 20, 21, 22, 23, 24, 25, 26, 27, 28, 29, 30]], idx1=[2, 1, 15, 23, 24, 4, 7, 18, 4, 16, 16, 19, 15, 17, 11, 11, 7, 9, 10, 12, 6, 7, 3, 4, 5, 12], idx2=[15, 15, 25, 24, 26, 26, 27, 20, 20, 21, 29, 28, 28, 30, 17, 14, 14, 29, 12, 13, 12, 22, 22, 22, 22, 22], _checker='')