============================================================
BENCHMARK ID: 24 | DIMENSIONE: 15 | STRATEGIA: maxregret
============================================================

Input Vector: [12, 2, 5, 1, 10, 11, 6, 4, 15, 14, 7, 3, 9, 8, 13]

STATO: RISOLTO
K: 11
TEMPO: 0.5950s
----------------------------------------
PIANO:
Solution(v=[[12, 2, 5, 1, 10, 11, 6, 4, 15, 14, 7, 3, 9, 8, 13], [12, 2, 3, 1, 10, 11, 6, 4, 15, 14, 7, 5, 9, 8, 13], [5, 2, 3, 1, 10, 11, 6, 4, 15, 14, 7, 12, 9, 8, 13], [1, 2, 3, 5, 10, 11, 6, 4, 15, 14, 7, 12, 9, 8, 13], [1, 2, 3, 5, 14, 11, 6, 4, 15, 10, 7, 12, 9, 8, 13], [1, 2, 3, 5, 14, 11, 7, 4, 15, 10, 6, 12, 9, 8, 13], [1, 2, 3, 5, 14, 11, 7, 8, 15, 10, 6, 12, 9, 4, 13], [1, 2, 3, 5, 4, 11, 7, 8, 15, 10, 6, 12, 9, 14, 13], [1, 2, 3, 4, 5, 11, 7, 8, 15, 10, 6, 12, 9, 14, 13], [1, 2, 3, 4, 5, 6, 7, 8, 15, 10, 11, 12, 9, 14, 13], [1, 2, 3, 4, 5, 6, 7, 8, 15, 10, 11, 12, 13, 14, 9], [1, 2, 3, 4, 5, 6, 7, 8, 9, 10, 11, 12, 13, 14, 15]], pos=[[4, 2, 12, 8, 3, 7, 11, 14, 13, 5, 6, 1, 15, 10, 9], [4, 2, 3, 8, 12, 7, 11, 14, 13, 5, 6, 1, 15, 10, 9], [4, 2, 3, 8, 1, 7, 11, 14, 13, 5, 6, 12, 15, 10, 9], [1, 2, 3, 8, 4, 7, 11, 14, 13, 5, 6, 12, 15, 10, 9], [1, 2, 3, 8, 4, 7, 11, 14, 13, 10, 6, 12, 15, 5, 9], [1, 2, 3, 8, 4, 11, 7, 14, 13, 10, 6, 12, 15, 5, 9], [1, 2, 3, 14, 4, 11, 7, 8, 13, 10, 6, 12, 15, 5, 9], [1, 2, 3, 5, 4, 11, 7, 8, 13, 10, 6, 12, 15, 14, 9], [1, 2, 3, 4, 5, 11, 7, 8, 13, 10, 6, 12, 15, 14, 9], [1, 2, 3, 4, 5, 6, 7, 8, 13, 10, 11, 12, 15, 14, 9], [1, 2, 3, 4, 5, 6, 7, 8, 15, 10, 11, 12, 13, 14, 9], [1, 2, 3, 4, 5, 6, 7, 8, 9, 10, 11, 12, 13, 14, 15]], idx1=[3, 1, 1, 5, 7, 8, 5, 4, 6, 13, 9], idx2=[12, 12, 4, 10, 11, 14, 14, 5, 11, 15, 15], _checker='')