============================================================
BENCHMARK ID: 55 | DIMENSIONE: 30 | STRATEGIA: maxregret
============================================================

Input Vector: [10, 13, 26, 20, 21, 6, 16, 4, 22, 17, 3, 12, 27, 25, 24, 8, 2, 15, 5, 18, 1, 9, 7, 14, 29, 19, 11, 23, 30, 28]

STATO: RISOLTO
K: 25
TEMPO: 0.3250s
----------------------------------------
PIANO:
Solution(v=[[10, 13, 26, 20, 21, 6, 16, 4, 22, 17, 3, 12, 27, 25, 24, 8, 2, 15, 5, 18, 1, 9, 7, 14, 29, 19, 11, 23, 30, 28], [10, 13, 19, 20, 21, 6, 16, 4, 22, 17, 3, 12, 27, 25, 24, 8, 2, 15, 5, 18, 1, 9, 7, 14, 29, 26, 11, 23, 30, 28], [10, 13, 19, 20, 21, 6, 16, 4, 22, 17, 3, 12, 27, 25, 24, 8, 2, 15, 5, 18, 1, 9, 7, 14, 29, 26, 11, 23, 28, 30], [10, 13, 19, 20, 21, 6, 16, 4, 22, 17, 3, 12, 27, 25, 24, 8, 2, 15, 5, 18, 1, 9, 7, 14, 29, 26, 11, 28, 23, 30], [10, 13, 19, 20, 21, 6, 16, 4, 22, 17, 3, 12, 27, 25, 24, 8, 2, 15, 5, 18, 1, 9, 7, 14, 23, 26, 11, 28, 29, 30], [10, 13, 19, 20, 21, 6, 16, 4, 22, 17, 3, 12, 27, 25, 24, 8, 2, 15, 5, 18, 1, 9, 23, 14, 7, 26, 11, 28, 29, 30], [10, 13, 19, 20, 21, 6, 7, 4, 22, 17, 3, 12, 27, 25, 24, 8, 2, 15, 5, 18, 1, 9, 23, 14, 16, 26, 11, 28, 29, 30], [10, 13, 19, 20, 21, 6, 7, 4, 22, 17, 3, 12, 27, 25, 24, 16, 2, 15, 5, 18, 1, 9, 23, 14, 8, 26, 11, 28, 29, 30], [10, 13, 19, 20, 21, 6, 7, 4, 22, 17, 3, 12, 27, 8, 24, 16, 2, 15, 5, 18, 1, 9, 23, 14, 25, 26, 11, 28, 29, 30], [10, 13, 19, 20, 21, 6, 7, 8, 22, 17, 3, 12, 27, 4, 24, 16, 2, 15, 5, 18, 1, 9, 23, 14, 25, 26, 11, 28, 29, 30], [10, 13, 19, 20, 21, 6, 7, 8, 22, 2, 3, 12, 27, 4, 24, 16, 17, 15, 5, 18, 1, 9, 23, 14, 25, 26, 11, 28, 29, 30], [10, 13, 19, 20, 21, 6, 7, 8, 22, 2, 3, 12, 27, 4, 24, 16, 17, 18, 5, 15, 1, 9, 23, 14, 25, 26, 11, 28, 29, 30], [10, 13, 19, 20, 21, 6, 7, 8, 22, 2, 3, 12, 27, 4, 15, 16, 17, 18, 5, 24, 1, 9, 23, 14, 25, 26, 11, 28, 29, 30], [10, 13, 19, 20, 21, 6, 7, 8, 22, 2, 3, 12, 27, 4, 15, 16, 17, 18, 5, 14, 1, 9, 23, 24, 25, 26, 11, 28, 29, 30], [10, 13, 19, 20, 21, 6, 7, 8, 22, 2, 3, 12, 27, 14, 15, 16, 17, 18, 5, 4, 1, 9, 23, 24, 25, 26, 11, 28, 29, 30], [10, 13, 19, 4, 21, 6, 7, 8, 22, 2, 3, 12, 27, 14, 15, 16, 17, 18, 5, 20, 1, 9, 23, 24, 25, 26, 11, 28, 29, 30], [10, 13, 19, 4, 1, 6, 7, 8, 22, 2, 3, 12, 27, 14, 15, 16, 17, 18, 5, 20, 21, 9, 23, 24, 25, 26, 11, 28, 29, 30], [10, 13, 19, 4, 1, 6, 7, 8, 22, 2, 3, 12, 11, 14, 15, 16, 17, 18, 5, 20, 21, 9, 23, 24, 25, 26, 27, 28, 29, 30], [10, 13, 19, 4, 1, 6, 7, 8, 22, 2, 11, 12, 3, 14, 15, 16, 17, 18, 5, 20, 21, 9, 23, 24, 25, 26, 27, 28, 29, 30], [10, 3, 19, 4, 1, 6, 7, 8, 22, 2, 11, 12, 13, 14, 15, 16, 17, 18, 5, 20, 21, 9, 23, 24, 25, 26, 27, 28, 29, 30], [10, 3, 5, 4, 1, 6, 7, 8, 22, 2, 11, 12, 13, 14, 15, 16, 17, 18, 19, 20, 21, 9, 23, 24, 25, 26, 27, 28, 29, 30], [10, 5, 3, 4, 1, 6, 7, 8, 22, 2, 11, 12, 13, 14, 15, 16, 17, 18, 19, 20, 21, 9, 23, 24, 25, 26, 27, 28, 29, 30], [10, 1, 3, 4, 5, 6, 7, 8, 22, 2, 11, 12, 13, 14, 15, 16, 17, 18, 19, 20, 21, 9, 23, 24, 25, 26, 27, 28, 29, 30], [1, 10, 3, 4, 5, 6, 7, 8, 22, 2, 11, 12, 13, 14, 15, 16, 17, 18, 19, 20, 21, 9, 23, 24, 25, 26, 27, 28, 29, 30], [1, 2, 3, 4, 5, 6, 7, 8, 22, 10, 11, 12, 13, 14, 15, 16, 17, 18, 19, 20, 21, 9, 23, 24, 25, 26, 27, 28, 29, 30], [1, 2, 3, 4, 5, 6, 7, 8, 9, 10, 11, 12, 13, 14, 15, 16, 17, 18, 19, 20, 21, 22, 23, 24, 25, 26, 27, 28, 29, 30]], pos=[[21, 17, 11, 8, 19, 6, 23, 16, 22, 1, 27, 12, 2, 24, 18, 7, 10, 20, 26, 4, 5, 9, 28, 15, 14, 3, 13, 30, 25, 29], [21, 17, 11, 8, 19, 6, 23, 16, 22, 1, 27, 12, 2, 24, 18, 7, 10, 20, 3, 4, 5, 9, 28, 15, 14, 26, 13, 30, 25, 29], [21, 17, 11, 8, 19, 6, 23, 16, 22, 1, 27, 12, 2, 24, 18, 7, 10, 20, 3, 4, 5, 9, 28, 15, 14, 26, 13, 29, 25, 30], [21, 17, 11, 8, 19, 6, 23, 16, 22, 1, 27, 12, 2, 24, 18, 7, 10, 20, 3, 4, 5, 9, 29, 15, 14, 26, 13, 28, 25, 30], [21, 17, 11, 8, 19, 6, 23, 16, 22, 1, 27, 12, 2, 24, 18, 7, 10, 20, 3, 4, 5, 9, 25, 15, 14, 26, 13, 28, 29, 30], [21, 17, 11, 8, 19, 6, 25, 16, 22, 1, 27, 12, 2, 24, 18, 7, 10, 20, 3, 4, 5, 9, 23, 15, 14, 26, 13, 28, 29, 30], [21, 17, 11, 8, 19, 6, 7, 16, 22, 1, 27, 12, 2, 24, 18, 25, 10, 20, 3, 4, 5, 9, 23, 15, 14, 26, 13, 28, 29, 30], [21, 17, 11, 8, 19, 6, 7, 25, 22, 1, 27, 12, 2, 24, 18, 16, 10, 20, 3, 4, 5, 9, 23, 15, 14, 26, 13, 28, 29, 30], [21, 17, 11, 8, 19, 6, 7, 14, 22, 1, 27, 12, 2, 24, 18, 16, 10, 20, 3, 4, 5, 9, 23, 15, 25, 26, 13, 28, 29, 30], [21, 17, 11, 14, 19, 6, 7, 8, 22, 1, 27, 12, 2, 24, 18, 16, 10, 20, 3, 4, 5, 9, 23, 15, 25, 26, 13, 28, 29, 30], [21, 10, 11, 14, 19, 6, 7, 8, 22, 1, 27, 12, 2, 24, 18, 16, 17, 20, 3, 4, 5, 9, 23, 15, 25, 26, 13, 28, 29, 30], [21, 10, 11, 14, 19, 6, 7, 8, 22, 1, 27, 12, 2, 24, 20, 16, 17, 18, 3, 4, 5, 9, 23, 15, 25, 26, 13, 28, 29, 30], [21, 10, 11, 14, 19, 6, 7, 8, 22, 1, 27, 12, 2, 24, 15, 16, 17, 18, 3, 4, 5, 9, 23, 20, 25, 26, 13, 28, 29, 30], [21, 10, 11, 14, 19, 6, 7, 8, 22, 1, 27, 12, 2, 20, 15, 16, 17, 18, 3, 4, 5, 9, 23, 24, 25, 26, 13, 28, 29, 30], [21, 10, 11, 20, 19, 6, 7, 8, 22, 1, 27, 12, 2, 14, 15, 16, 17, 18, 3, 4, 5, 9, 23, 24, 25, 26, 13, 28, 29, 30], [21, 10, 11, 4, 19, 6, 7, 8, 22, 1, 27, 12, 2, 14, 15, 16, 17, 18, 3, 20, 5, 9, 23, 24, 25, 26, 13, 28, 29, 30], [5, 10, 11, 4, 19, 6, 7, 8, 22, 1, 27, 12, 2, 14, 15, 16, 17, 18, 3, 20, 21, 9, 23, 24, 25, 26, 13, 28, 29, 30], [5, 10, 11, 4, 19, 6, 7, 8, 22, 1, 13, 12, 2, 14, 15, 16, 17, 18, 3, 20, 21, 9, 23, 24, 25, 26, 27, 28, 29, 30], [5, 10, 13, 4, 19, 6, 7, 8, 22, 1, 11, 12, 2, 14, 15, 16, 17, 18, 3, 20, 21, 9, 23, 24, 25, 26, 27, 28, 29, 30], [5, 10, 2, 4, 19, 6, 7, 8, 22, 1, 11, 12, 13, 14, 15, 16, 17, 18, 3, 20, 21, 9, 23, 24, 25, 26, 27, 28, 29, 30], [5, 10, 2, 4, 3, 6, 7, 8, 22, 1, 11, 12, 13, 14, 15, 16, 17, 18, 19, 20, 21, 9, 23, 24, 25, 26, 27, 28, 29, 30], [5, 10, 3, 4, 2, 6, 7, 8, 22, 1, 11, 12, 13, 14, 15, 16, 17, 18, 19, 20, 21, 9, 23, 24, 25, 26, 27, 28, 29, 30], [2, 10, 3, 4, 5, 6, 7, 8, 22, 1, 11, 12, 13, 14, 15, 16, 17, 18, 19, 20, 21, 9, 23, 24, 25, 26, 27, 28, 29, 30], [1, 10, 3, 4, 5, 6, 7, 8, 22, 2, 11, 12, 13, 14, 15, 16, 17, 18, 19, 20, 21, 9, 23, 24, 25, 26, 27, 28, 29, 30], [1, 2, 3, 4, 5, 6, 7, 8, 22, 10, 11, 12, 13, 14, 15, 16, 17, 18, 19, 20, 21, 9, 23, 24, 25, 26, 27, 28, 29, 30], [1, 2, 3, 4, 5, 6, 7, 8, 9, 10, 11, 12, 13, 14, 15, 16, 17, 18, 19, 20, 21, 22, 23, 24, 25, 26, 27, 28, 29, 30]], idx1=[3, 29, 28, 25, 23, 7, 16, 14, 8, 10, 18, 15, 20, 14, 4, 5, 13, 11, 2, 3, 2, 2, 1, 2, 9], idx2=[26, 30, 29, 29, 25, 25, 25, 25, 14, 17, 20, 20, 24, 20, 20, 21, 27, 13, 13, 19, 3, 5, 2, 10, 22], _checker='')