============================================================
BENCHMARK ID: 39 | DIMENSIONE: 20 | STRATEGIA: maxregret
============================================================

Input Vector: [12, 17, 2, 9, 16, 13, 14, 11, 8, 18, 15, 4, 1, 5, 7, 3, 6, 10, 20, 19]

STATO: RISOLTO
K: 17
TEMPO: 0.3570s
----------------------------------------
PIANO:
Solution(v=[[12, 17, 2, 9, 16, 13, 14, 11, 8, 18, 15, 4, 1, 5, 7, 3, 6, 10, 20, 19], [12, 17, 2, 9, 3, 13, 14, 11, 8, 18, 15, 4, 1, 5, 7, 16, 6, 10, 20, 19], [12, 17, 2, 9, 3, 13, 14, 11, 8, 18, 7, 4, 1, 5, 15, 16, 6, 10, 20, 19], [12, 17, 2, 9, 3, 13, 7, 11, 8, 18, 14, 4, 1, 5, 15, 16, 6, 10, 20, 19], [12, 17, 2, 9, 3, 13, 7, 8, 11, 18, 14, 4, 1, 5, 15, 16, 6, 10, 20, 19], [12, 17, 2, 9, 3, 13, 7, 8, 14, 18, 11, 4, 1, 5, 15, 16, 6, 10, 20, 19], [12, 17, 2, 9, 3, 13, 7, 8, 5, 18, 11, 4, 1, 14, 15, 16, 6, 10, 20, 19], [12, 17, 2, 9, 5, 13, 7, 8, 3, 18, 11, 4, 1, 14, 15, 16, 6, 10, 20, 19], [12, 17, 2, 3, 5, 13, 7, 8, 9, 18, 11, 4, 1, 14, 15, 16, 6, 10, 20, 19], [12, 17, 2, 3, 5, 1, 7, 8, 9, 18, 11, 4, 13, 14, 15, 16, 6, 10, 20, 19], [12, 17, 2, 3, 5, 6, 7, 8, 9, 18, 11, 4, 13, 14, 15, 16, 1, 10, 20, 19], [12, 1, 2, 3, 5, 6, 7, 8, 9, 18, 11, 4, 13, 14, 15, 16, 17, 10, 20, 19], [12, 2, 1, 3, 5, 6, 7, 8, 9, 18, 11, 4, 13, 14, 15, 16, 17, 10, 20, 19], [1, 2, 12, 3, 5, 6, 7, 8, 9, 18, 11, 4, 13, 14, 15, 16, 17, 10, 20, 19], [1, 2, 12, 4, 5, 6, 7, 8, 9, 18, 11, 3, 13, 14, 15, 16, 17, 10, 20, 19], [1, 2, 3, 4, 5, 6, 7, 8, 9, 18, 11, 12, 13, 14, 15, 16, 17, 10, 20, 19], [1, 2, 3, 4, 5, 6, 7, 8, 9, 10, 11, 12, 13, 14, 15, 16, 17, 18, 20, 19], [1, 2, 3, 4, 5, 6, 7, 8, 9, 10, 11, 12, 13, 14, 15, 16, 17, 18, 19, 20]], pos=[[13, 3, 16, 12, 14, 17, 15, 9, 4, 18, 8, 1, 6, 7, 11, 5, 2, 10, 20, 19], [13, 3, 5, 12, 14, 17, 15, 9, 4, 18, 8, 1, 6, 7, 11, 16, 2, 10, 20, 19], [13, 3, 5, 12, 14, 17, 11, 9, 4, 18, 8, 1, 6, 7, 15, 16, 2, 10, 20, 19], [13, 3, 5, 12, 14, 17, 7, 9, 4, 18, 8, 1, 6, 11, 15, 16, 2, 10, 20, 19], [13, 3, 5, 12, 14, 17, 7, 8, 4, 18, 9, 1, 6, 11, 15, 16, 2, 10, 20, 19], [13, 3, 5, 12, 14, 17, 7, 8, 4, 18, 11, 1, 6, 9, 15, 16, 2, 10, 20, 19], [13, 3, 5, 12, 9, 17, 7, 8, 4, 18, 11, 1, 6, 14, 15, 16, 2, 10, 20, 19], [13, 3, 9, 12, 5, 17, 7, 8, 4, 18, 11, 1, 6, 14, 15, 16, 2, 10, 20, 19], [13, 3, 4, 12, 5, 17, 7, 8, 9, 18, 11, 1, 6, 14, 15, 16, 2, 10, 20, 19], [6, 3, 4, 12, 5, 17, 7, 8, 9, 18, 11, 1, 13, 14, 15, 16, 2, 10, 20, 19], [17, 3, 4, 12, 5, 6, 7, 8, 9, 18, 11, 1, 13, 14, 15, 16, 2, 10, 20, 19], [2, 3, 4, 12, 5, 6, 7, 8, 9, 18, 11, 1, 13, 14, 15, 16, 17, 10, 20, 19], [3, 2, 4, 12, 5, 6, 7, 8, 9, 18, 11, 1, 13, 14, 15, 16, 17, 10, 20, 19], [1, 2, 4, 12, 5, 6, 7, 8, 9, 18, 11, 3, 13, 14, 15, 16, 17, 10, 20, 19], [1, 2, 12, 4, 5, 6, 7, 8, 9, 18, 11, 3, 13, 14, 15, 16, 17, 10, 20, 19], [1, 2, 3, 4, 5, 6, 7, 8, 9, 18, 11, 12, 13, 14, 15, 16, 17, 10, 20, 19], [1, 2, 3, 4, 5, 6, 7, 8, 9, 10, 11, 12, 13, 14, 15, 16, 17, 18, 20, 19], [1, 2, 3, 4, 5, 6, 7, 8, 9, 10, 11, 12, 13, 14, 15, 16, 17, 18, 19, 20]], idx1=[5, 11, 7, 8, 9, 9, 5, 4, 6, 6, 2, 2, 1, 4, 3, 10, 19], idx2=[16, 15, 11, 9, 11, 14, 9, 9, 13, 17, 17, 3, 3, 12, 12, 18, 20], _checker='')