============================================================
BENCHMARK ID: 30 | DIMENSIONE: 15 | STRATEGIA: maxregret
============================================================

Input Vector: [10, 11, 15, 4, 12, 3, 13, 2, 6, 8, 5, 1, 7, 14, 9]

STATO: RISOLTO
K: 10
TEMPO: 0.1730s
----------------------------------------
PIANO:
Solution(v=[[10, 11, 15, 4, 12, 3, 13, 2, 6, 8, 5, 1, 7, 14, 9], [10, 11, 15, 4, 12, 6, 13, 2, 3, 8, 5, 1, 7, 14, 9], [10, 11, 15, 4, 12, 6, 13, 8, 3, 2, 5, 1, 7, 14, 9], [2, 11, 15, 4, 12, 6, 13, 8, 3, 10, 5, 1, 7, 14, 9], [2, 11, 15, 4, 12, 6, 7, 8, 3, 10, 5, 1, 13, 14, 9], [2, 11, 15, 4, 12, 6, 7, 8, 9, 10, 5, 1, 13, 14, 3], [2, 11, 3, 4, 12, 6, 7, 8, 9, 10, 5, 1, 13, 14, 15], [2, 11, 3, 4, 5, 6, 7, 8, 9, 10, 12, 1, 13, 14, 15], [2, 12, 3, 4, 5, 6, 7, 8, 9, 10, 11, 1, 13, 14, 15], [2, 1, 3, 4, 5, 6, 7, 8, 9, 10, 11, 12, 13, 14, 15], [1, 2, 3, 4, 5, 6, 7, 8, 9, 10, 11, 12, 13, 14, 15]], pos=[[12, 8, 6, 4, 11, 9, 13, 10, 15, 1, 2, 5, 7, 14, 3], [12, 8, 9, 4, 11, 6, 13, 10, 15, 1, 2, 5, 7, 14, 3], [12, 10, 9, 4, 11, 6, 13, 8, 15, 1, 2, 5, 7, 14, 3], [12, 1, 9, 4, 11, 6, 13, 8, 15, 10, 2, 5, 7, 14, 3], [12, 1, 9, 4, 11, 6, 7, 8, 15, 10, 2, 5, 13, 14, 3], [12, 1, 15, 4, 11, 6, 7, 8, 9, 10, 2, 5, 13, 14, 3], [12, 1, 3, 4, 11, 6, 7, 8, 9, 10, 2, 5, 13, 14, 15], [12, 1, 3, 4, 5, 6, 7, 8, 9, 10, 2, 11, 13, 14, 15], [12, 1, 3, 4, 5, 6, 7, 8, 9, 10, 11, 2, 13, 14, 15], [2, 1, 3, 4, 5, 6, 7, 8, 9, 10, 11, 12, 13, 14, 15], [1, 2, 3, 4, 5, 6, 7, 8, 9, 10, 11, 12, 13, 14, 15]], idx1=[6, 8, 1, 7, 9, 3, 5, 2, 2, 1], idx2=[9, 10, 10, 13, 15, 15, 11, 11, 12, 2], _checker='')