============================================================
BENCHMARK ID: 49 | DIMENSIONE: 25 | STRATEGIA: maxregret
============================================================

Input Vector: [20, 2, 11, 21, 17, 15, 13, 12, 23, 16, 22, 6, 25, 19, 24, 10, 18, 8, 14, 9, 1, 7, 5, 4, 3]

STATO: RISOLTO
K: 20
TEMPO: 78.0470s
----------------------------------------
PIANO:
Solution(v=[[20, 2, 11, 21, 17, 15, 13, 12, 23, 16, 22, 6, 25, 19, 24, 10, 18, 8, 14, 9, 1, 7, 5, 4, 3], [20, 2, 11, 1, 17, 15, 13, 12, 23, 16, 22, 6, 25, 19, 24, 10, 18, 8, 14, 9, 21, 7, 5, 4, 3], [20, 2, 11, 4, 17, 15, 13, 12, 23, 16, 22, 6, 25, 19, 24, 10, 18, 8, 14, 9, 21, 7, 5, 1, 3], [1, 2, 11, 4, 17, 15, 13, 12, 23, 16, 22, 6, 25, 19, 24, 10, 18, 8, 14, 9, 21, 7, 5, 20, 3], [1, 2, 11, 4, 17, 15, 13, 12, 23, 10, 22, 6, 25, 19, 24, 16, 18, 8, 14, 9, 21, 7, 5, 20, 3], [1, 2, 11, 4, 17, 15, 13, 12, 23, 10, 22, 6, 3, 19, 24, 16, 18, 8, 14, 9, 21, 7, 5, 20, 25], [1, 2, 3, 4, 17, 15, 13, 12, 23, 10, 22, 6, 11, 19, 24, 16, 18, 8, 14, 9, 21, 7, 5, 20, 25], [1, 2, 3, 4, 17, 15, 13, 6, 23, 10, 22, 12, 11, 19, 24, 16, 18, 8, 14, 9, 21, 7, 5, 20, 25], [1, 2, 3, 4, 17, 15, 13, 6, 23, 10, 11, 12, 22, 19, 24, 16, 18, 8, 14, 9, 21, 7, 5, 20, 25], [1, 2, 3, 4, 17, 15, 13, 6, 23, 10, 11, 12, 22, 14, 24, 16, 18, 8, 19, 9, 21, 7, 5, 20, 25], [1, 2, 3, 4, 17, 15, 13, 6, 23, 10, 11, 12, 22, 14, 24, 16, 8, 18, 19, 9, 21, 7, 5, 20, 25], [1, 2, 3, 4, 17, 15, 13, 8, 23, 10, 11, 12, 22, 14, 24, 16, 6, 18, 19, 9, 21, 7, 5, 20, 25], [1, 2, 3, 4, 17, 6, 13, 8, 23, 10, 11, 12, 22, 14, 24, 16, 15, 18, 19, 9, 21, 7, 5, 20, 25], [1, 2, 3, 4, 15, 6, 13, 8, 23, 10, 11, 12, 22, 14, 24, 16, 17, 18, 19, 9, 21, 7, 5, 20, 25], [1, 2, 3, 4, 24, 6, 13, 8, 23, 10, 11, 12, 22, 14, 15, 16, 17, 18, 19, 9, 21, 7, 5, 20, 25], [1, 2, 3, 4, 24, 6, 13, 8, 5, 10, 11, 12, 22, 14, 15, 16, 17, 18, 19, 9, 21, 7, 23, 20, 25], [1, 2, 3, 4, 24, 6, 13, 8, 9, 10, 11, 12, 22, 14, 15, 16, 17, 18, 19, 5, 21, 7, 23, 20, 25], [1, 2, 3, 4, 5, 6, 13, 8, 9, 10, 11, 12, 22, 14, 15, 16, 17, 18, 19, 24, 21, 7, 23, 20, 25], [1, 2, 3, 4, 5, 6, 22, 8, 9, 10, 11, 12, 13, 14, 15, 16, 17, 18, 19, 24, 21, 7, 23, 20, 25], [1, 2, 3, 4, 5, 6, 7, 8, 9, 10, 11, 12, 13, 14, 15, 16, 17, 18, 19, 24, 21, 22, 23, 20, 25], [1, 2, 3, 4, 5, 6, 7, 8, 9, 10, 11, 12, 13, 14, 15, 16, 17, 18, 19, 20, 21, 22, 23, 24, 25]], pos=[[21, 2, 25, 24, 23, 12, 22, 18, 20, 16, 3, 8, 7, 19, 6, 10, 5, 17, 14, 1, 4, 11, 9, 15, 13], [4, 2, 25, 24, 23, 12, 22, 18, 20, 16, 3, 8, 7, 19, 6, 10, 5, 17, 14, 1, 21, 11, 9, 15, 13], [24, 2, 25, 4, 23, 12, 22, 18, 20, 16, 3, 8, 7, 19, 6, 10, 5, 17, 14, 1, 21, 11, 9, 15, 13], [1, 2, 25, 4, 23, 12, 22, 18, 20, 16, 3, 8, 7, 19, 6, 10, 5, 17, 14, 24, 21, 11, 9, 15, 13], [1, 2, 25, 4, 23, 12, 22, 18, 20, 10, 3, 8, 7, 19, 6, 16, 5, 17, 14, 24, 21, 11, 9, 15, 13], [1, 2, 13, 4, 23, 12, 22, 18, 20, 10, 3, 8, 7, 19, 6, 16, 5, 17, 14, 24, 21, 11, 9, 15, 25], [1, 2, 3, 4, 23, 12, 22, 18, 20, 10, 13, 8, 7, 19, 6, 16, 5, 17, 14, 24, 21, 11, 9, 15, 25], [1, 2, 3, 4, 23, 8, 22, 18, 20, 10, 13, 12, 7, 19, 6, 16, 5, 17, 14, 24, 21, 11, 9, 15, 25], [1, 2, 3, 4, 23, 8, 22, 18, 20, 10, 11, 12, 7, 19, 6, 16, 5, 17, 14, 24, 21, 13, 9, 15, 25], [1, 2, 3, 4, 23, 8, 22, 18, 20, 10, 11, 12, 7, 14, 6, 16, 5, 17, 19, 24, 21, 13, 9, 15, 25], [1, 2, 3, 4, 23, 8, 22, 17, 20, 10, 11, 12, 7, 14, 6, 16, 5, 18, 19, 24, 21, 13, 9, 15, 25], [1, 2, 3, 4, 23, 17, 22, 8, 20, 10, 11, 12, 7, 14, 6, 16, 5, 18, 19, 24, 21, 13, 9, 15, 25], [1, 2, 3, 4, 23, 6, 22, 8, 20, 10, 11, 12, 7, 14, 17, 16, 5, 18, 19, 24, 21, 13, 9, 15, 25], [1, 2, 3, 4, 23, 6, 22, 8, 20, 10, 11, 12, 7, 14, 5, 16, 17, 18, 19, 24, 21, 13, 9, 15, 25], [1, 2, 3, 4, 23, 6, 22, 8, 20, 10, 11, 12, 7, 14, 15, 16, 17, 18, 19, 24, 21, 13, 9, 5, 25], [1, 2, 3, 4, 9, 6, 22, 8, 20, 10, 11, 12, 7, 14, 15, 16, 17, 18, 19, 24, 21, 13, 23, 5, 25], [1, 2, 3, 4, 20, 6, 22, 8, 9, 10, 11, 12, 7, 14, 15, 16, 17, 18, 19, 24, 21, 13, 23, 5, 25], [1, 2, 3, 4, 5, 6, 22, 8, 9, 10, 11, 12, 7, 14, 15, 16, 17, 18, 19, 24, 21, 13, 23, 20, 25], [1, 2, 3, 4, 5, 6, 22, 8, 9, 10, 11, 12, 13, 14, 15, 16, 17, 18, 19, 24, 21, 7, 23, 20, 25], [1, 2, 3, 4, 5, 6, 7, 8, 9, 10, 11, 12, 13, 14, 15, 16, 17, 18, 19, 24, 21, 22, 23, 20, 25], [1, 2, 3, 4, 5, 6, 7, 8, 9, 10, 11, 12, 13, 14, 15, 16, 17, 18, 19, 20, 21, 22, 23, 24, 25]], idx1=[4, 4, 1, 10, 13, 3, 8, 11, 14, 17, 8, 6, 5, 5, 9, 9, 5, 7, 7, 20], idx2=[21, 24, 24, 16, 25, 13, 12, 13, 19, 18, 17, 17, 17, 15, 23, 20, 20, 13, 22, 24], _checker='')