============================================================
BENCHMARK ID: 48 | DIMENSIONE: 25 | STRATEGIA: maxregret
============================================================

Input Vector: [4, 5, 15, 25, 2, 21, 23, 17, 19, 18, 14, 9, 16, 6, 12, 20, 1, 22, 8, 24, 10, 13, 11, 3, 7]

STATO: RISOLTO
K: 23
TEMPO: 0.7930s
----------------------------------------
PIANO:
Solution(v=[[4, 5, 15, 25, 2, 21, 23, 17, 19, 18, 14, 9, 16, 6, 12, 20, 1, 22, 8, 24, 10, 13, 11, 3, 7], [4, 5, 15, 25, 2, 21, 23, 17, 19, 18, 14, 9, 16, 6, 12, 20, 1, 13, 8, 24, 10, 22, 11, 3, 7], [4, 5, 15, 25, 2, 21, 23, 17, 19, 18, 14, 9, 13, 6, 12, 20, 1, 16, 8, 24, 10, 22, 11, 3, 7], [4, 5, 15, 25, 2, 21, 23, 17, 19, 18, 14, 9, 13, 6, 12, 20, 1, 16, 8, 3, 10, 22, 11, 24, 7], [4, 5, 15, 25, 2, 21, 23, 17, 19, 18, 14, 9, 13, 6, 12, 3, 1, 16, 8, 20, 10, 22, 11, 24, 7], [4, 5, 15, 25, 2, 21, 23, 17, 19, 18, 14, 9, 13, 6, 12, 16, 1, 3, 8, 20, 10, 22, 11, 24, 7], [4, 5, 15, 25, 2, 21, 23, 17, 19, 3, 14, 9, 13, 6, 12, 16, 1, 18, 8, 20, 10, 22, 11, 24, 7], [4, 5, 15, 25, 2, 21, 23, 17, 19, 10, 14, 9, 13, 6, 12, 16, 1, 18, 8, 20, 3, 22, 11, 24, 7], [4, 5, 15, 25, 2, 21, 23, 17, 19, 10, 14, 12, 13, 6, 9, 16, 1, 18, 8, 20, 3, 22, 11, 24, 7], [4, 5, 9, 25, 2, 21, 23, 17, 19, 10, 14, 12, 13, 6, 15, 16, 1, 18, 8, 20, 3, 22, 11, 24, 7], [4, 5, 9, 7, 2, 21, 23, 17, 19, 10, 14, 12, 13, 6, 15, 16, 1, 18, 8, 20, 3, 22, 11, 24, 25], [4, 5, 9, 7, 2, 21, 23, 17, 8, 10, 14, 12, 13, 6, 15, 16, 1, 18, 19, 20, 3, 22, 11, 24, 25], [4, 5, 8, 7, 2, 21, 23, 17, 9, 10, 14, 12, 13, 6, 15, 16, 1, 18, 19, 20, 3, 22, 11, 24, 25], [4, 5, 8, 23, 2, 21, 7, 17, 9, 10, 14, 12, 13, 6, 15, 16, 1, 18, 19, 20, 3, 22, 11, 24, 25], [23, 5, 8, 4, 2, 21, 7, 17, 9, 10, 14, 12, 13, 6, 15, 16, 1, 18, 19, 20, 3, 22, 11, 24, 25], [11, 5, 8, 4, 2, 21, 7, 17, 9, 10, 14, 12, 13, 6, 15, 16, 1, 18, 19, 20, 3, 22, 23, 24, 25], [14, 5, 8, 4, 2, 21, 7, 17, 9, 10, 11, 12, 13, 6, 15, 16, 1, 18, 19, 20, 3, 22, 23, 24, 25], [14, 5, 17, 4, 2, 21, 7, 8, 9, 10, 11, 12, 13, 6, 15, 16, 1, 18, 19, 20, 3, 22, 23, 24, 25], [14, 5, 17, 4, 2, 3, 7, 8, 9, 10, 11, 12, 13, 6, 15, 16, 1, 18, 19, 20, 21, 22, 23, 24, 25], [14, 5, 17, 4, 2, 6, 7, 8, 9, 10, 11, 12, 13, 3, 15, 16, 1, 18, 19, 20, 21, 22, 23, 24, 25], [14, 5, 3, 4, 2, 6, 7, 8, 9, 10, 11, 12, 13, 17, 15, 16, 1, 18, 19, 20, 21, 22, 23, 24, 25], [17, 5, 3, 4, 2, 6, 7, 8, 9, 10, 11, 12, 13, 14, 15, 16, 1, 18, 19, 20, 21, 22, 23, 24, 25], [1, 5, 3, 4, 2, 6, 7, 8, 9, 10, 11, 12, 13, 14, 15, 16, 17, 18, 19, 20, 21, 22, 23, 24, 25], [1, 2, 3, 4, 5, 6, 7, 8, 9, 10, 11, 12, 13, 14, 15, 16, 17, 18, 19, 20, 21, 22, 23, 24, 25]], pos=[[17, 5, 24, 1, 2, 14, 25, 19, 12, 21, 23, 15, 22, 11, 3, 13, 8, 10, 9, 16, 6, 18, 7, 20, 4], [17, 5, 24, 1, 2, 14, 25, 19, 12, 21, 23, 15, 18, 11, 3, 13, 8, 10, 9, 16, 6, 22, 7, 20, 4], [17, 5, 24, 1, 2, 14, 25, 19, 12, 21, 23, 15, 13, 11, 3, 18, 8, 10, 9, 16, 6, 22, 7, 20, 4], [17, 5, 20, 1, 2, 14, 25, 19, 12, 21, 23, 15, 13, 11, 3, 18, 8, 10, 9, 16, 6, 22, 7, 24, 4], [17, 5, 16, 1, 2, 14, 25, 19, 12, 21, 23, 15, 13, 11, 3, 18, 8, 10, 9, 20, 6, 22, 7, 24, 4], [17, 5, 18, 1, 2, 14, 25, 19, 12, 21, 23, 15, 13, 11, 3, 16, 8, 10, 9, 20, 6, 22, 7, 24, 4], [17, 5, 10, 1, 2, 14, 25, 19, 12, 21, 23, 15, 13, 11, 3, 16, 8, 18, 9, 20, 6, 22, 7, 24, 4], [17, 5, 21, 1, 2, 14, 25, 19, 12, 10, 23, 15, 13, 11, 3, 16, 8, 18, 9, 20, 6, 22, 7, 24, 4], [17, 5, 21, 1, 2, 14, 25, 19, 15, 10, 23, 12, 13, 11, 3, 16, 8, 18, 9, 20, 6, 22, 7, 24, 4], [17, 5, 21, 1, 2, 14, 25, 19, 3, 10, 23, 12, 13, 11, 15, 16, 8, 18, 9, 20, 6, 22, 7, 24, 4], [17, 5, 21, 1, 2, 14, 4, 19, 3, 10, 23, 12, 13, 11, 15, 16, 8, 18, 9, 20, 6, 22, 7, 24, 25], [17, 5, 21, 1, 2, 14, 4, 9, 3, 10, 23, 12, 13, 11, 15, 16, 8, 18, 19, 20, 6, 22, 7, 24, 25], [17, 5, 21, 1, 2, 14, 4, 3, 9, 10, 23, 12, 13, 11, 15, 16, 8, 18, 19, 20, 6, 22, 7, 24, 25], [17, 5, 21, 1, 2, 14, 7, 3, 9, 10, 23, 12, 13, 11, 15, 16, 8, 18, 19, 20, 6, 22, 4, 24, 25], [17, 5, 21, 4, 2, 14, 7, 3, 9, 10, 23, 12, 13, 11, 15, 16, 8, 18, 19, 20, 6, 22, 1, 24, 25], [17, 5, 21, 4, 2, 14, 7, 3, 9, 10, 1, 12, 13, 11, 15, 16, 8, 18, 19, 20, 6, 22, 23, 24, 25], [17, 5, 21, 4, 2, 14, 7, 3, 9, 10, 11, 12, 13, 1, 15, 16, 8, 18, 19, 20, 6, 22, 23, 24, 25], [17, 5, 21, 4, 2, 14, 7, 8, 9, 10, 11, 12, 13, 1, 15, 16, 3, 18, 19, 20, 6, 22, 23, 24, 25], [17, 5, 6, 4, 2, 14, 7, 8, 9, 10, 11, 12, 13, 1, 15, 16, 3, 18, 19, 20, 21, 22, 23, 24, 25], [17, 5, 14, 4, 2, 6, 7, 8, 9, 10, 11, 12, 13, 1, 15, 16, 3, 18, 19, 20, 21, 22, 23, 24, 25], [17, 5, 3, 4, 2, 6, 7, 8, 9, 10, 11, 12, 13, 1, 15, 16, 14, 18, 19, 20, 21, 22, 23, 24, 25], [17, 5, 3, 4, 2, 6, 7, 8, 9, 10, 11, 12, 13, 14, 15, 16, 1, 18, 19, 20, 21, 22, 23, 24, 25], [1, 5, 3, 4, 2, 6, 7, 8, 9, 10, 11, 12, 13, 14, 15, 16, 17, 18, 19, 20, 21, 22, 23, 24, 25], [1, 2, 3, 4, 5, 6, 7, 8, 9, 10, 11, 12, 13, 14, 15, 16, 17, 18, 19, 20, 21, 22, 23, 24, 25]], idx1=[18, 13, 20, 16, 16, 10, 10, 12, 3, 4, 9, 3, 4, 1, 1, 1, 3, 6, 6, 3, 1, 1, 2], idx2=[22, 18, 24, 20, 18, 18, 21, 15, 15, 25, 19, 9, 7, 4, 23, 11, 8, 21, 14, 14, 14, 17, 5], _checker='')