============================================================
BENCHMARK ID: 15 | DIMENSIONE: 10 | STRATEGIA: maxregret
============================================================

Input Vector: [4, 2, 6, 1, 8, 3, 5, 9, 10, 7]

STATO: RISOLTO
K: 6
TEMPO: 0.3900s
----------------------------------------
PIANO:
Solution(v=[[4, 2, 6, 1, 8, 3, 5, 9, 10, 7], [1, 2, 6, 4, 8, 3, 5, 9, 10, 7], [1, 2, 3, 4, 8, 6, 5, 9, 10, 7], [1, 2, 3, 4, 8, 6, 7, 9, 10, 5], [1, 2, 3, 4, 5, 6, 7, 9, 10, 8], [1, 2, 3, 4, 5, 6, 7, 8, 10, 9], [1, 2, 3, 4, 5, 6, 7, 8, 9, 10]], pos=[[4, 2, 6, 1, 7, 3, 10, 5, 8, 9], [1, 2, 6, 4, 7, 3, 10, 5, 8, 9], [1, 2, 3, 4, 7, 6, 10, 5, 8, 9], [1, 2, 3, 4, 10, 6, 7, 5, 8, 9], [1, 2, 3, 4, 5, 6, 7, 10, 8, 9], [1, 2, 3, 4, 5, 6, 7, 8, 10, 9], [1, 2, 3, 4, 5, 6, 7, 8, 9, 10]], idx1=[1, 3, 7, 5, 8, 9], idx2=[4, 6, 10, 10, 10, 10], _checker='')