============================================================
BENCHMARK ID: 22 | DIMENSIONE: 15 | STRATEGIA: maxregret
============================================================

Input Vector: [11, 8, 15, 10, 5, 14, 4, 7, 3, 1, 9, 13, 6, 12, 2]

STATO: RISOLTO
K: 12
TEMPO: 0.3900s
----------------------------------------
PIANO:
Solution(v=[[11, 8, 15, 10, 5, 14, 4, 7, 3, 1, 9, 13, 6, 12, 2], [11, 8, 15, 10, 5, 14, 4, 7, 9, 1, 3, 13, 6, 12, 2], [11, 8, 15, 10, 5, 14, 4, 7, 9, 1, 3, 12, 6, 13, 2], [11, 8, 15, 10, 5, 14, 4, 7, 9, 1, 3, 12, 13, 6, 2], [11, 8, 15, 10, 5, 6, 4, 7, 9, 1, 3, 12, 13, 14, 2], [11, 8, 15, 10, 5, 6, 7, 4, 9, 1, 3, 12, 13, 14, 2], [11, 8, 15, 4, 5, 6, 7, 10, 9, 1, 3, 12, 13, 14, 2], [11, 8, 15, 4, 5, 6, 7, 1, 9, 10, 3, 12, 13, 14, 2], [1, 8, 15, 4, 5, 6, 7, 11, 9, 10, 3, 12, 13, 14, 2], [1, 8, 3, 4, 5, 6, 7, 11, 9, 10, 15, 12, 13, 14, 2], [1, 8, 3, 4, 5, 6, 7, 11, 9, 10, 2, 12, 13, 14, 15], [1, 2, 3, 4, 5, 6, 7, 11, 9, 10, 8, 12, 13, 14, 15], [1, 2, 3, 4, 5, 6, 7, 8, 9, 10, 11, 12, 13, 14, 15]], pos=[[10, 15, 9, 7, 5, 13, 8, 2, 11, 4, 1, 14, 12, 6, 3], [10, 15, 11, 7, 5, 13, 8, 2, 9, 4, 1, 14, 12, 6, 3], [10, 15, 11, 7, 5, 13, 8, 2, 9, 4, 1, 12, 14, 6, 3], [10, 15, 11, 7, 5, 14, 8, 2, 9, 4, 1, 12, 13, 6, 3], [10, 15, 11, 7, 5, 6, 8, 2, 9, 4, 1, 12, 13, 14, 3], [10, 15, 11, 8, 5, 6, 7, 2, 9, 4, 1, 12, 13, 14, 3], [10, 15, 11, 4, 5, 6, 7, 2, 9, 8, 1, 12, 13, 14, 3], [8, 15, 11, 4, 5, 6, 7, 2, 9, 10, 1, 12, 13, 14, 3], [1, 15, 11, 4, 5, 6, 7, 2, 9, 10, 8, 12, 13, 14, 3], [1, 15, 3, 4, 5, 6, 7, 2, 9, 10, 8, 12, 13, 14, 11], [1, 11, 3, 4, 5, 6, 7, 2, 9, 10, 8, 12, 13, 14, 15], [1, 2, 3, 4, 5, 6, 7, 11, 9, 10, 8, 12, 13, 14, 15], [1, 2, 3, 4, 5, 6, 7, 8, 9, 10, 11, 12, 13, 14, 15]], idx1=[9, 12, 13, 6, 7, 4, 8, 1, 3, 11, 2, 8], idx2=[11, 14, 14, 14, 8, 8, 10, 8, 11, 15, 11, 11], _checker='')