============================================================
BENCHMARK ID: 37 | DIMENSIONE: 20 | STRATEGIA: maxregret
============================================================

Input Vector: [18, 12, 10, 4, 16, 13, 8, 6, 15, 20, 11, 19, 3, 1, 17, 9, 14, 7, 5, 2]

STATO: RISOLTO
K: 17
TEMPO: 0.6770s
----------------------------------------
PIANO:
Solution(v=[[18, 12, 10, 4, 16, 13, 8, 6, 15, 20, 11, 19, 3, 1, 17, 9, 14, 7, 5, 2], [18, 12, 10, 4, 16, 13, 8, 6, 15, 20, 11, 19, 3, 1, 14, 9, 17, 7, 5, 2], [18, 12, 10, 4, 16, 13, 8, 6, 15, 20, 11, 19, 3, 14, 1, 9, 17, 7, 5, 2], [18, 12, 10, 4, 16, 13, 8, 6, 1, 20, 11, 19, 3, 14, 15, 9, 17, 7, 5, 2], [18, 12, 10, 4, 16, 13, 8, 6, 1, 2, 11, 19, 3, 14, 15, 9, 17, 7, 5, 20], [18, 12, 10, 4, 16, 13, 8, 6, 1, 2, 11, 5, 3, 14, 15, 9, 17, 7, 19, 20], [18, 12, 10, 4, 5, 13, 8, 6, 1, 2, 11, 16, 3, 14, 15, 9, 17, 7, 19, 20], [18, 12, 10, 4, 5, 13, 8, 6, 1, 2, 11, 9, 3, 14, 15, 16, 17, 7, 19, 20], [18, 9, 10, 4, 5, 13, 8, 6, 1, 2, 11, 12, 3, 14, 15, 16, 17, 7, 19, 20], [18, 9, 10, 4, 5, 13, 6, 8, 1, 2, 11, 12, 3, 14, 15, 16, 17, 7, 19, 20], [18, 9, 10, 4, 5, 6, 13, 8, 1, 2, 11, 12, 3, 14, 15, 16, 17, 7, 19, 20], [18, 9, 10, 4, 5, 6, 7, 8, 1, 2, 11, 12, 3, 14, 15, 16, 17, 13, 19, 20], [13, 9, 10, 4, 5, 6, 7, 8, 1, 2, 11, 12, 3, 14, 15, 16, 17, 18, 19, 20], [13, 2, 10, 4, 5, 6, 7, 8, 1, 9, 11, 12, 3, 14, 15, 16, 17, 18, 19, 20], [13, 2, 3, 4, 5, 6, 7, 8, 1, 9, 11, 12, 10, 14, 15, 16, 17, 18, 19, 20], [13, 2, 3, 4, 5, 6, 7, 8, 9, 1, 11, 12, 10, 14, 15, 16, 17, 18, 19, 20], [1, 2, 3, 4, 5, 6, 7, 8, 9, 13, 11, 12, 10, 14, 15, 16, 17, 18, 19, 20], [1, 2, 3, 4, 5, 6, 7, 8, 9, 10, 11, 12, 13, 14, 15, 16, 17, 18, 19, 20]], pos=[[14, 20, 13, 4, 19, 8, 18, 7, 16, 3, 11, 2, 6, 17, 9, 5, 15, 1, 12, 10], [14, 20, 13, 4, 19, 8, 18, 7, 16, 3, 11, 2, 6, 15, 9, 5, 17, 1, 12, 10], [15, 20, 13, 4, 19, 8, 18, 7, 16, 3, 11, 2, 6, 14, 9, 5, 17, 1, 12, 10], [9, 20, 13, 4, 19, 8, 18, 7, 16, 3, 11, 2, 6, 14, 15, 5, 17, 1, 12, 10], [9, 10, 13, 4, 19, 8, 18, 7, 16, 3, 11, 2, 6, 14, 15, 5, 17, 1, 12, 20], [9, 10, 13, 4, 12, 8, 18, 7, 16, 3, 11, 2, 6, 14, 15, 5, 17, 1, 19, 20], [9, 10, 13, 4, 5, 8, 18, 7, 16, 3, 11, 2, 6, 14, 15, 12, 17, 1, 19, 20], [9, 10, 13, 4, 5, 8, 18, 7, 12, 3, 11, 2, 6, 14, 15, 16, 17, 1, 19, 20], [9, 10, 13, 4, 5, 8, 18, 7, 2, 3, 11, 12, 6, 14, 15, 16, 17, 1, 19, 20], [9, 10, 13, 4, 5, 7, 18, 8, 2, 3, 11, 12, 6, 14, 15, 16, 17, 1, 19, 20], [9, 10, 13, 4, 5, 6, 18, 8, 2, 3, 11, 12, 7, 14, 15, 16, 17, 1, 19, 20], [9, 10, 13, 4, 5, 6, 7, 8, 2, 3, 11, 12, 18, 14, 15, 16, 17, 1, 19, 20], [9, 10, 13, 4, 5, 6, 7, 8, 2, 3, 11, 12, 1, 14, 15, 16, 17, 18, 19, 20], [9, 2, 13, 4, 5, 6, 7, 8, 10, 3, 11, 12, 1, 14, 15, 16, 17, 18, 19, 20], [9, 2, 3, 4, 5, 6, 7, 8, 10, 13, 11, 12, 1, 14, 15, 16, 17, 18, 19, 20], [10, 2, 3, 4, 5, 6, 7, 8, 9, 13, 11, 12, 1, 14, 15, 16, 17, 18, 19, 20], [1, 2, 3, 4, 5, 6, 7, 8, 9, 13, 11, 12, 10, 14, 15, 16, 17, 18, 19, 20], [1, 2, 3, 4, 5, 6, 7, 8, 9, 10, 11, 12, 13, 14, 15, 16, 17, 18, 19, 20]], idx1=[15, 14, 9, 10, 12, 5, 12, 2, 7, 6, 7, 1, 2, 3, 9, 1, 10], idx2=[17, 15, 15, 20, 19, 12, 16, 12, 8, 7, 18, 18, 10, 13, 10, 10, 13], _checker='')