============================================================
BENCHMARK ID: 29 | DIMENSIONE: 15 | STRATEGIA: maxregret
============================================================

Input Vector: [11, 2, 1, 12, 6, 15, 4, 8, 5, 9, 13, 14, 3, 10, 7]

STATO: RISOLTO
K: 11
TEMPO: 0.3650s
----------------------------------------
PIANO:
Solution(v=[[11, 2, 1, 12, 6, 15, 4, 8, 5, 9, 13, 14, 3, 10, 7], [11, 2, 1, 12, 6, 15, 7, 8, 5, 9, 13, 14, 3, 10, 4], [11, 2, 1, 12, 6, 4, 7, 8, 5, 9, 13, 14, 3, 10, 15], [11, 2, 1, 4, 6, 12, 7, 8, 5, 9, 13, 14, 3, 10, 15], [11, 2, 1, 4, 6, 12, 7, 8, 5, 9, 13, 10, 3, 14, 15], [11, 2, 1, 4, 6, 10, 7, 8, 5, 9, 13, 12, 3, 14, 15], [11, 2, 1, 4, 6, 10, 7, 8, 5, 9, 3, 12, 13, 14, 15], [11, 2, 3, 4, 6, 10, 7, 8, 5, 9, 1, 12, 13, 14, 15], [1, 2, 3, 4, 6, 10, 7, 8, 5, 9, 11, 12, 13, 14, 15], [1, 2, 3, 4, 6, 9, 7, 8, 5, 10, 11, 12, 13, 14, 15], [1, 2, 3, 4, 6, 5, 7, 8, 9, 10, 11, 12, 13, 14, 15], [1, 2, 3, 4, 5, 6, 7, 8, 9, 10, 11, 12, 13, 14, 15]], pos=[[3, 2, 13, 7, 9, 5, 15, 8, 10, 14, 1, 4, 11, 12, 6], [3, 2, 13, 15, 9, 5, 7, 8, 10, 14, 1, 4, 11, 12, 6], [3, 2, 13, 6, 9, 5, 7, 8, 10, 14, 1, 4, 11, 12, 15], [3, 2, 13, 4, 9, 5, 7, 8, 10, 14, 1, 6, 11, 12, 15], [3, 2, 13, 4, 9, 5, 7, 8, 10, 12, 1, 6, 11, 14, 15], [3, 2, 13, 4, 9, 5, 7, 8, 10, 6, 1, 12, 11, 14, 15], [3, 2, 11, 4, 9, 5, 7, 8, 10, 6, 1, 12, 13, 14, 15], [11, 2, 3, 4, 9, 5, 7, 8, 10, 6, 1, 12, 13, 14, 15], [1, 2, 3, 4, 9, 5, 7, 8, 10, 6, 11, 12, 13, 14, 15], [1, 2, 3, 4, 9, 5, 7, 8, 6, 10, 11, 12, 13, 14, 15], [1, 2, 3, 4, 6, 5, 7, 8, 9, 10, 11, 12, 13, 14, 15], [1, 2, 3, 4, 5, 6, 7, 8, 9, 10, 11, 12, 13, 14, 15]], idx1=[7, 6, 4, 12, 6, 11, 3, 1, 6, 6, 5], idx2=[15, 15, 6, 14, 12, 13, 11, 11, 10, 9, 6], _checker='')