============================================================
BENCHMARK ID: 53 | DIMENSIONE: 30 | STRATEGIA: maxregret
============================================================

Input Vector: [2, 17, 23, 5, 19, 29, 6, 14, 4, 15, 28, 9, 25, 27, 26, 10, 18, 13, 16, 30, 7, 24, 3, 1, 21, 12, 11, 22, 8, 20]

STATO: RISOLTO
K: 26
TEMPO: 0.5820s
----------------------------------------
PIANO:
Solution(v=[[2, 17, 23, 5, 19, 29, 6, 14, 4, 15, 28, 9, 25, 27, 26, 10, 18, 13, 16, 30, 7, 24, 3, 1, 21, 12, 11, 22, 8, 20], [2, 17, 23, 5, 19, 29, 6, 14, 4, 15, 28, 9, 25, 27, 26, 10, 13, 18, 16, 30, 7, 24, 3, 1, 21, 12, 11, 22, 8, 20], [2, 17, 23, 5, 19, 29, 6, 14, 4, 15, 28, 9, 25, 27, 26, 10, 13, 18, 16, 20, 7, 24, 3, 1, 21, 12, 11, 22, 8, 30], [2, 17, 23, 5, 19, 29, 6, 14, 4, 15, 28, 9, 25, 27, 26, 10, 13, 18, 16, 20, 21, 24, 3, 1, 7, 12, 11, 22, 8, 30], [2, 17, 23, 5, 19, 29, 6, 14, 4, 15, 28, 9, 25, 27, 26, 10, 13, 18, 16, 20, 21, 22, 3, 1, 7, 12, 11, 24, 8, 30], [2, 17, 23, 5, 19, 29, 6, 14, 4, 15, 28, 9, 25, 27, 26, 10, 13, 18, 16, 20, 21, 22, 3, 24, 7, 12, 11, 1, 8, 30], [2, 17, 23, 5, 19, 29, 6, 14, 4, 15, 1, 9, 25, 27, 26, 10, 13, 18, 16, 20, 21, 22, 3, 24, 7, 12, 11, 28, 8, 30], [2, 17, 23, 5, 19, 29, 6, 14, 4, 15, 1, 9, 25, 27, 12, 10, 13, 18, 16, 20, 21, 22, 3, 24, 7, 26, 11, 28, 8, 30], [2, 17, 23, 5, 19, 29, 6, 14, 4, 15, 1, 12, 25, 27, 9, 10, 13, 18, 16, 20, 21, 22, 3, 24, 7, 26, 11, 28, 8, 30], [2, 17, 23, 5, 19, 29, 6, 14, 4, 9, 1, 12, 25, 27, 15, 10, 13, 18, 16, 20, 21, 22, 3, 24, 7, 26, 11, 28, 8, 30], [2, 17, 23, 5, 19, 29, 6, 14, 4, 9, 11, 12, 25, 27, 15, 10, 13, 18, 16, 20, 21, 22, 3, 24, 7, 26, 1, 28, 8, 30], [2, 17, 23, 5, 19, 29, 6, 14, 4, 9, 11, 12, 25, 27, 15, 16, 13, 18, 10, 20, 21, 22, 3, 24, 7, 26, 1, 28, 8, 30], [2, 17, 23, 5, 19, 29, 6, 14, 4, 10, 11, 12, 25, 27, 15, 16, 13, 18, 9, 20, 21, 22, 3, 24, 7, 26, 1, 28, 8, 30], [2, 17, 23, 5, 9, 29, 6, 14, 4, 10, 11, 12, 25, 27, 15, 16, 13, 18, 19, 20, 21, 22, 3, 24, 7, 26, 1, 28, 8, 30], [2, 17, 23, 5, 4, 29, 6, 14, 9, 10, 11, 12, 25, 27, 15, 16, 13, 18, 19, 20, 21, 22, 3, 24, 7, 26, 1, 28, 8, 30], [2, 17, 23, 5, 4, 8, 6, 14, 9, 10, 11, 12, 25, 27, 15, 16, 13, 18, 19, 20, 21, 22, 3, 24, 7, 26, 1, 28, 29, 30], [2, 17, 23, 5, 4, 8, 7, 14, 9, 10, 11, 12, 25, 27, 15, 16, 13, 18, 19, 20, 21, 22, 3, 24, 6, 26, 1, 28, 29, 30], [2, 17, 23, 5, 4, 6, 7, 14, 9, 10, 11, 12, 25, 27, 15, 16, 13, 18, 19, 20, 21, 22, 3, 24, 8, 26, 1, 28, 29, 30], [2, 17, 23, 5, 4, 6, 7, 8, 9, 10, 11, 12, 25, 27, 15, 16, 13, 18, 19, 20, 21, 22, 3, 24, 14, 26, 1, 28, 29, 30], [2, 17, 23, 5, 4, 6, 7, 8, 9, 10, 11, 12, 14, 27, 15, 16, 13, 18, 19, 20, 21, 22, 3, 24, 25, 26, 1, 28, 29, 30], [2, 17, 23, 5, 4, 6, 7, 8, 9, 10, 11, 12, 13, 27, 15, 16, 14, 18, 19, 20, 21, 22, 3, 24, 25, 26, 1, 28, 29, 30], [2, 17, 23, 5, 4, 6, 7, 8, 9, 10, 11, 12, 13, 1, 15, 16, 14, 18, 19, 20, 21, 22, 3, 24, 25, 26, 27, 28, 29, 30], [1, 17, 23, 5, 4, 6, 7, 8, 9, 10, 11, 12, 13, 2, 15, 16, 14, 18, 19, 20, 21, 22, 3, 24, 25, 26, 27, 28, 29, 30], [1, 17, 23, 5, 4, 6, 7, 8, 9, 10, 11, 12, 13, 14, 15, 16, 2, 18, 19, 20, 21, 22, 3, 24, 25, 26, 27, 28, 29, 30], [1, 2, 23, 5, 4, 6, 7, 8, 9, 10, 11, 12, 13, 14, 15, 16, 17, 18, 19, 20, 21, 22, 3, 24, 25, 26, 27, 28, 29, 30], [1, 2, 3, 5, 4, 6, 7, 8, 9, 10, 11, 12, 13, 14, 15, 16, 17, 18, 19, 20, 21, 22, 23, 24, 25, 26, 27, 28, 29, 30], [1, 2, 3, 4, 5, 6, 7, 8, 9, 10, 11, 12, 13, 14, 15, 16, 17, 18, 19, 20, 21, 22, 23, 24, 25, 26, 27, 28, 29, 30]], pos=[[24, 1, 23, 9, 4, 7, 21, 29, 12, 16, 27, 26, 18, 8, 10, 19, 2, 17, 5, 30, 25, 28, 3, 22, 13, 15, 14, 11, 6, 20], [24, 1, 23, 9, 4, 7, 21, 29, 12, 16, 27, 26, 17, 8, 10, 19, 2, 18, 5, 30, 25, 28, 3, 22, 13, 15, 14, 11, 6, 20], [24, 1, 23, 9, 4, 7, 21, 29, 12, 16, 27, 26, 17, 8, 10, 19, 2, 18, 5, 20, 25, 28, 3, 22, 13, 15, 14, 11, 6, 30], [24, 1, 23, 9, 4, 7, 25, 29, 12, 16, 27, 26, 17, 8, 10, 19, 2, 18, 5, 20, 21, 28, 3, 22, 13, 15, 14, 11, 6, 30], [24, 1, 23, 9, 4, 7, 25, 29, 12, 16, 27, 26, 17, 8, 10, 19, 2, 18, 5, 20, 21, 22, 3, 28, 13, 15, 14, 11, 6, 30], [28, 1, 23, 9, 4, 7, 25, 29, 12, 16, 27, 26, 17, 8, 10, 19, 2, 18, 5, 20, 21, 22, 3, 24, 13, 15, 14, 11, 6, 30], [11, 1, 23, 9, 4, 7, 25, 29, 12, 16, 27, 26, 17, 8, 10, 19, 2, 18, 5, 20, 21, 22, 3, 24, 13, 15, 14, 28, 6, 30], [11, 1, 23, 9, 4, 7, 25, 29, 12, 16, 27, 15, 17, 8, 10, 19, 2, 18, 5, 20, 21, 22, 3, 24, 13, 26, 14, 28, 6, 30], [11, 1, 23, 9, 4, 7, 25, 29, 15, 16, 27, 12, 17, 8, 10, 19, 2, 18, 5, 20, 21, 22, 3, 24, 13, 26, 14, 28, 6, 30], [11, 1, 23, 9, 4, 7, 25, 29, 10, 16, 27, 12, 17, 8, 15, 19, 2, 18, 5, 20, 21, 22, 3, 24, 13, 26, 14, 28, 6, 30], [27, 1, 23, 9, 4, 7, 25, 29, 10, 16, 11, 12, 17, 8, 15, 19, 2, 18, 5, 20, 21, 22, 3, 24, 13, 26, 14, 28, 6, 30], [27, 1, 23, 9, 4, 7, 25, 29, 10, 19, 11, 12, 17, 8, 15, 16, 2, 18, 5, 20, 21, 22, 3, 24, 13, 26, 14, 28, 6, 30], [27, 1, 23, 9, 4, 7, 25, 29, 19, 10, 11, 12, 17, 8, 15, 16, 2, 18, 5, 20, 21, 22, 3, 24, 13, 26, 14, 28, 6, 30], [27, 1, 23, 9, 4, 7, 25, 29, 5, 10, 11, 12, 17, 8, 15, 16, 2, 18, 19, 20, 21, 22, 3, 24, 13, 26, 14, 28, 6, 30], [27, 1, 23, 5, 4, 7, 25, 29, 9, 10, 11, 12, 17, 8, 15, 16, 2, 18, 19, 20, 21, 22, 3, 24, 13, 26, 14, 28, 6, 30], [27, 1, 23, 5, 4, 7, 25, 6, 9, 10, 11, 12, 17, 8, 15, 16, 2, 18, 19, 20, 21, 22, 3, 24, 13, 26, 14, 28, 29, 30], [27, 1, 23, 5, 4, 25, 7, 6, 9, 10, 11, 12, 17, 8, 15, 16, 2, 18, 19, 20, 21, 22, 3, 24, 13, 26, 14, 28, 29, 30], [27, 1, 23, 5, 4, 6, 7, 25, 9, 10, 11, 12, 17, 8, 15, 16, 2, 18, 19, 20, 21, 22, 3, 24, 13, 26, 14, 28, 29, 30], [27, 1, 23, 5, 4, 6, 7, 8, 9, 10, 11, 12, 17, 25, 15, 16, 2, 18, 19, 20, 21, 22, 3, 24, 13, 26, 14, 28, 29, 30], [27, 1, 23, 5, 4, 6, 7, 8, 9, 10, 11, 12, 17, 13, 15, 16, 2, 18, 19, 20, 21, 22, 3, 24, 25, 26, 14, 28, 29, 30], [27, 1, 23, 5, 4, 6, 7, 8, 9, 10, 11, 12, 13, 17, 15, 16, 2, 18, 19, 20, 21, 22, 3, 24, 25, 26, 14, 28, 29, 30], [14, 1, 23, 5, 4, 6, 7, 8, 9, 10, 11, 12, 13, 17, 15, 16, 2, 18, 19, 20, 21, 22, 3, 24, 25, 26, 27, 28, 29, 30], [1, 14, 23, 5, 4, 6, 7, 8, 9, 10, 11, 12, 13, 17, 15, 16, 2, 18, 19, 20, 21, 22, 3, 24, 25, 26, 27, 28, 29, 30], [1, 17, 23, 5, 4, 6, 7, 8, 9, 10, 11, 12, 13, 14, 15, 16, 2, 18, 19, 20, 21, 22, 3, 24, 25, 26, 27, 28, 29, 30], [1, 2, 23, 5, 4, 6, 7, 8, 9, 10, 11, 12, 13, 14, 15, 16, 17, 18, 19, 20, 21, 22, 3, 24, 25, 26, 27, 28, 29, 30], [1, 2, 3, 5, 4, 6, 7, 8, 9, 10, 11, 12, 13, 14, 15, 16, 17, 18, 19, 20, 21, 22, 23, 24, 25, 26, 27, 28, 29, 30], [1, 2, 3, 4, 5, 6, 7, 8, 9, 10, 11, 12, 13, 14, 15, 16, 17, 18, 19, 20, 21, 22, 23, 24, 25, 26, 27, 28, 29, 30]], idx1=[17, 20, 21, 22, 24, 11, 15, 12, 10, 11, 16, 10, 5, 5, 6, 7, 6, 8, 13, 13, 14, 1, 14, 2, 3, 4], idx2=[18, 30, 25, 28, 28, 28, 26, 15, 15, 27, 19, 19, 19, 9, 29, 25, 25, 25, 25, 17, 27, 14, 17, 17, 23, 5], _checker='')