============================================================
BENCHMARK ID: 41 | DIMENSIONE: 25 | STRATEGIA: maxregret
============================================================

Input Vector: [4, 5, 14, 20, 18, 12, 9, 6, 3, 10, 21, 23, 15, 16, 1, 8, 11, 17, 2, 24, 7, 22, 19, 13, 25]

STATO: RISOLTO
K: 20
TEMPO: 0.5580s
----------------------------------------
PIANO:
Solution(v=[[4, 5, 14, 20, 18, 12, 9, 6, 3, 10, 21, 23, 15, 16, 1, 8, 11, 17, 2, 24, 7, 22, 19, 13, 25], [4, 5, 14, 20, 18, 12, 9, 6, 3, 10, 21, 19, 15, 16, 1, 8, 11, 17, 2, 24, 7, 22, 23, 13, 25], [4, 5, 14, 20, 18, 19, 9, 6, 3, 10, 21, 12, 15, 16, 1, 8, 11, 17, 2, 24, 7, 22, 23, 13, 25], [4, 5, 14, 20, 18, 19, 9, 6, 3, 10, 21, 12, 15, 8, 1, 16, 11, 17, 2, 24, 7, 22, 23, 13, 25], [4, 5, 8, 20, 18, 19, 9, 6, 3, 10, 21, 12, 15, 14, 1, 16, 11, 17, 2, 24, 7, 22, 23, 13, 25], [4, 5, 8, 20, 17, 19, 9, 6, 3, 10, 21, 12, 15, 14, 1, 16, 11, 18, 2, 24, 7, 22, 23, 13, 25], [4, 5, 8, 20, 17, 19, 9, 6, 3, 10, 21, 12, 13, 14, 1, 16, 11, 18, 2, 24, 7, 22, 23, 15, 25], [4, 5, 8, 20, 17, 19, 9, 6, 3, 10, 21, 12, 13, 14, 1, 16, 11, 18, 2, 15, 7, 22, 23, 24, 25], [4, 5, 8, 20, 17, 19, 9, 6, 3, 10, 21, 12, 13, 14, 15, 16, 11, 18, 2, 1, 7, 22, 23, 24, 25], [1, 5, 8, 20, 17, 19, 9, 6, 3, 10, 21, 12, 13, 14, 15, 16, 11, 18, 2, 4, 7, 22, 23, 24, 25], [1, 5, 6, 20, 17, 19, 9, 8, 3, 10, 21, 12, 13, 14, 15, 16, 11, 18, 2, 4, 7, 22, 23, 24, 25], [1, 5, 6, 20, 11, 19, 9, 8, 3, 10, 21, 12, 13, 14, 15, 16, 17, 18, 2, 4, 7, 22, 23, 24, 25], [1, 5, 6, 20, 11, 19, 9, 8, 3, 10, 7, 12, 13, 14, 15, 16, 17, 18, 2, 4, 21, 22, 23, 24, 25], [1, 5, 6, 20, 11, 19, 7, 8, 3, 10, 9, 12, 13, 14, 15, 16, 17, 18, 2, 4, 21, 22, 23, 24, 25], [1, 5, 6, 20, 11, 19, 7, 8, 9, 10, 3, 12, 13, 14, 15, 16, 17, 18, 2, 4, 21, 22, 23, 24, 25], [1, 5, 3, 20, 11, 19, 7, 8, 9, 10, 6, 12, 13, 14, 15, 16, 17, 18, 2, 4, 21, 22, 23, 24, 25], [1, 5, 3, 20, 11, 2, 7, 8, 9, 10, 6, 12, 13, 14, 15, 16, 17, 18, 19, 4, 21, 22, 23, 24, 25], [1, 5, 3, 20, 11, 6, 7, 8, 9, 10, 2, 12, 13, 14, 15, 16, 17, 18, 19, 4, 21, 22, 23, 24, 25], [1, 2, 3, 20, 11, 6, 7, 8, 9, 10, 5, 12, 13, 14, 15, 16, 17, 18, 19, 4, 21, 22, 23, 24, 25], [1, 2, 3, 4, 11, 6, 7, 8, 9, 10, 5, 12, 13, 14, 15, 16, 17, 18, 19, 20, 21, 22, 23, 24, 25], [1, 2, 3, 4, 5, 6, 7, 8, 9, 10, 11, 12, 13, 14, 15, 16, 17, 18, 19, 20, 21, 22, 23, 24, 25]], pos=[[15, 19, 9, 1, 2, 8, 21, 16, 7, 10, 17, 6, 24, 3, 13, 14, 18, 5, 23, 4, 11, 22, 12, 20, 25], [15, 19, 9, 1, 2, 8, 21, 16, 7, 10, 17, 6, 24, 3, 13, 14, 18, 5, 12, 4, 11, 22, 23, 20, 25], [15, 19, 9, 1, 2, 8, 21, 16, 7, 10, 17, 12, 24, 3, 13, 14, 18, 5, 6, 4, 11, 22, 23, 20, 25], [15, 19, 9, 1, 2, 8, 21, 14, 7, 10, 17, 12, 24, 3, 13, 16, 18, 5, 6, 4, 11, 22, 23, 20, 25], [15, 19, 9, 1, 2, 8, 21, 3, 7, 10, 17, 12, 24, 14, 13, 16, 18, 5, 6, 4, 11, 22, 23, 20, 25], [15, 19, 9, 1, 2, 8, 21, 3, 7, 10, 17, 12, 24, 14, 13, 16, 5, 18, 6, 4, 11, 22, 23, 20, 25], [15, 19, 9, 1, 2, 8, 21, 3, 7, 10, 17, 12, 13, 14, 24, 16, 5, 18, 6, 4, 11, 22, 23, 20, 25], [15, 19, 9, 1, 2, 8, 21, 3, 7, 10, 17, 12, 13, 14, 20, 16, 5, 18, 6, 4, 11, 22, 23, 24, 25], [20, 19, 9, 1, 2, 8, 21, 3, 7, 10, 17, 12, 13, 14, 15, 16, 5, 18, 6, 4, 11, 22, 23, 24, 25], [1, 19, 9, 20, 2, 8, 21, 3, 7, 10, 17, 12, 13, 14, 15, 16, 5, 18, 6, 4, 11, 22, 23, 24, 25], [1, 19, 9, 20, 2, 3, 21, 8, 7, 10, 17, 12, 13, 14, 15, 16, 5, 18, 6, 4, 11, 22, 23, 24, 25], [1, 19, 9, 20, 2, 3, 21, 8, 7, 10, 5, 12, 13, 14, 15, 16, 17, 18, 6, 4, 11, 22, 23, 24, 25], [1, 19, 9, 20, 2, 3, 11, 8, 7, 10, 5, 12, 13, 14, 15, 16, 17, 18, 6, 4, 21, 22, 23, 24, 25], [1, 19, 9, 20, 2, 3, 7, 8, 11, 10, 5, 12, 13, 14, 15, 16, 17, 18, 6, 4, 21, 22, 23, 24, 25], [1, 19, 11, 20, 2, 3, 7, 8, 9, 10, 5, 12, 13, 14, 15, 16, 17, 18, 6, 4, 21, 22, 23, 24, 25], [1, 19, 3, 20, 2, 11, 7, 8, 9, 10, 5, 12, 13, 14, 15, 16, 17, 18, 6, 4, 21, 22, 23, 24, 25], [1, 6, 3, 20, 2, 11, 7, 8, 9, 10, 5, 12, 13, 14, 15, 16, 17, 18, 19, 4, 21, 22, 23, 24, 25], [1, 11, 3, 20, 2, 6, 7, 8, 9, 10, 5, 12, 13, 14, 15, 16, 17, 18, 19, 4, 21, 22, 23, 24, 25], [1, 2, 3, 20, 11, 6, 7, 8, 9, 10, 5, 12, 13, 14, 15, 16, 17, 18, 19, 4, 21, 22, 23, 24, 25], [1, 2, 3, 4, 11, 6, 7, 8, 9, 10, 5, 12, 13, 14, 15, 16, 17, 18, 19, 20, 21, 22, 23, 24, 25], [1, 2, 3, 4, 5, 6, 7, 8, 9, 10, 11, 12, 13, 14, 15, 16, 17, 18, 19, 20, 21, 22, 23, 24, 25]], idx1=[12, 6, 14, 3, 5, 13, 20, 15, 1, 3, 5, 11, 7, 9, 3, 6, 6, 2, 4, 5], idx2=[23, 12, 16, 14, 18, 24, 24, 20, 20, 8, 17, 21, 11, 11, 11, 19, 11, 11, 20, 11], _checker='')