============================================================
BENCHMARK ID: 53 | DIMENSIONE: 30 | STRATEGIA: firstfail_split
============================================================

Input Vector: [2, 17, 23, 5, 19, 29, 6, 14, 4, 15, 28, 9, 25, 27, 26, 10, 18, 13, 16, 30, 7, 24, 3, 1, 21, 12, 11, 22, 8, 20]

STATO: RISOLTO
K: 26
TEMPO: 0.4230s
----------------------------------------
PIANO:
Solution(v=[[2, 17, 23, 5, 19, 29, 6, 14, 4, 15, 28, 9, 25, 27, 26, 10, 18, 13, 16, 30, 7, 24, 3, 1, 21, 12, 11, 22, 8, 20], [17, 2, 23, 5, 19, 29, 6, 14, 4, 15, 28, 9, 25, 27, 26, 10, 18, 13, 16, 30, 7, 24, 3, 1, 21, 12, 11, 22, 8, 20], [18, 2, 23, 5, 19, 29, 6, 14, 4, 15, 28, 9, 25, 27, 26, 10, 17, 13, 16, 30, 7, 24, 3, 1, 21, 12, 11, 22, 8, 20], [13, 2, 23, 5, 19, 29, 6, 14, 4, 15, 28, 9, 25, 27, 26, 10, 17, 18, 16, 30, 7, 24, 3, 1, 21, 12, 11, 22, 8, 20], [25, 2, 23, 5, 19, 29, 6, 14, 4, 15, 28, 9, 13, 27, 26, 10, 17, 18, 16, 30, 7, 24, 3, 1, 21, 12, 11, 22, 8, 20], [1, 2, 23, 5, 19, 29, 6, 14, 4, 15, 28, 9, 13, 27, 26, 10, 17, 18, 16, 30, 7, 24, 3, 25, 21, 12, 11, 22, 8, 20], [1, 2, 3, 5, 19, 29, 6, 14, 4, 15, 28, 9, 13, 27, 26, 10, 17, 18, 16, 30, 7, 24, 23, 25, 21, 12, 11, 22, 8, 20], [1, 2, 3, 19, 5, 29, 6, 14, 4, 15, 28, 9, 13, 27, 26, 10, 17, 18, 16, 30, 7, 24, 23, 25, 21, 12, 11, 22, 8, 20], [1, 2, 3, 4, 5, 29, 6, 14, 19, 15, 28, 9, 13, 27, 26, 10, 17, 18, 16, 30, 7, 24, 23, 25, 21, 12, 11, 22, 8, 20], [1, 2, 3, 4, 5, 6, 29, 14, 19, 15, 28, 9, 13, 27, 26, 10, 17, 18, 16, 30, 7, 24, 23, 25, 21, 12, 11, 22, 8, 20], [1, 2, 3, 4, 5, 6, 7, 14, 19, 15, 28, 9, 13, 27, 26, 10, 17, 18, 16, 30, 29, 24, 23, 25, 21, 12, 11, 22, 8, 20], [1, 2, 3, 4, 5, 6, 7, 27, 19, 15, 28, 9, 13, 14, 26, 10, 17, 18, 16, 30, 29, 24, 23, 25, 21, 12, 11, 22, 8, 20], [1, 2, 3, 4, 5, 6, 7, 11, 19, 15, 28, 9, 13, 14, 26, 10, 17, 18, 16, 30, 29, 24, 23, 25, 21, 12, 27, 22, 8, 20], [1, 2, 3, 4, 5, 6, 7, 28, 19, 15, 11, 9, 13, 14, 26, 10, 17, 18, 16, 30, 29, 24, 23, 25, 21, 12, 27, 22, 8, 20], [1, 2, 3, 4, 5, 6, 7, 22, 19, 15, 11, 9, 13, 14, 26, 10, 17, 18, 16, 30, 29, 24, 23, 25, 21, 12, 27, 28, 8, 20], [1, 2, 3, 4, 5, 6, 7, 24, 19, 15, 11, 9, 13, 14, 26, 10, 17, 18, 16, 30, 29, 22, 23, 25, 21, 12, 27, 28, 8, 20], [1, 2, 3, 4, 5, 6, 7, 25, 19, 15, 11, 9, 13, 14, 26, 10, 17, 18, 16, 30, 29, 22, 23, 24, 21, 12, 27, 28, 8, 20], [1, 2, 3, 4, 5, 6, 7, 21, 19, 15, 11, 9, 13, 14, 26, 10, 17, 18, 16, 30, 29, 22, 23, 24, 25, 12, 27, 28, 8, 20], [1, 2, 3, 4, 5, 6, 7, 29, 19, 15, 11, 9, 13, 14, 26, 10, 17, 18, 16, 30, 21, 22, 23, 24, 25, 12, 27, 28, 8, 20], [1, 2, 3, 4, 5, 6, 7, 8, 19, 15, 11, 9, 13, 14, 26, 10, 17, 18, 16, 30, 21, 22, 23, 24, 25, 12, 27, 28, 29, 20], [1, 2, 3, 4, 5, 6, 7, 8, 9, 15, 11, 19, 13, 14, 26, 10, 17, 18, 16, 30, 21, 22, 23, 24, 25, 12, 27, 28, 29, 20], [1, 2, 3, 4, 5, 6, 7, 8, 9, 26, 11, 19, 13, 14, 15, 10, 17, 18, 16, 30, 21, 22, 23, 24, 25, 12, 27, 28, 29, 20], [1, 2, 3, 4, 5, 6, 7, 8, 9, 10, 11, 19, 13, 14, 15, 26, 17, 18, 16, 30, 21, 22, 23, 24, 25, 12, 27, 28, 29, 20], [1, 2, 3, 4, 5, 6, 7, 8, 9, 10, 11, 16, 13, 14, 15, 26, 17, 18, 19, 30, 21, 22, 23, 24, 25, 12, 27, 28, 29, 20], [1, 2, 3, 4, 5, 6, 7, 8, 9, 10, 11, 26, 13, 14, 15, 16, 17, 18, 19, 30, 21, 22, 23, 24, 25, 12, 27, 28, 29, 20], [1, 2, 3, 4, 5, 6, 7, 8, 9, 10, 11, 12, 13, 14, 15, 16, 17, 18, 19, 30, 21, 22, 23, 24, 25, 26, 27, 28, 29, 20], [1, 2, 3, 4, 5, 6, 7, 8, 9, 10, 11, 12, 13, 14, 15, 16, 17, 18, 19, 20, 21, 22, 23, 24, 25, 26, 27, 28, 29, 30]], pos=[[24, 1, 23, 9, 4, 7, 21, 29, 12, 16, 27, 26, 18, 8, 10, 19, 2, 17, 5, 30, 25, 28, 3, 22, 13, 15, 14, 11, 6, 20], [24, 2, 23, 9, 4, 7, 21, 29, 12, 16, 27, 26, 18, 8, 10, 19, 1, 17, 5, 30, 25, 28, 3, 22, 13, 15, 14, 11, 6, 20], [24, 2, 23, 9, 4, 7, 21, 29, 12, 16, 27, 26, 18, 8, 10, 19, 17, 1, 5, 30, 25, 28, 3, 22, 13, 15, 14, 11, 6, 20], [24, 2, 23, 9, 4, 7, 21, 29, 12, 16, 27, 26, 1, 8, 10, 19, 17, 18, 5, 30, 25, 28, 3, 22, 13, 15, 14, 11, 6, 20], [24, 2, 23, 9, 4, 7, 21, 29, 12, 16, 27, 26, 13, 8, 10, 19, 17, 18, 5, 30, 25, 28, 3, 22, 1, 15, 14, 11, 6, 20], [1, 2, 23, 9, 4, 7, 21, 29, 12, 16, 27, 26, 13, 8, 10, 19, 17, 18, 5, 30, 25, 28, 3, 22, 24, 15, 14, 11, 6, 20], [1, 2, 3, 9, 4, 7, 21, 29, 12, 16, 27, 26, 13, 8, 10, 19, 17, 18, 5, 30, 25, 28, 23, 22, 24, 15, 14, 11, 6, 20], [1, 2, 3, 9, 5, 7, 21, 29, 12, 16, 27, 26, 13, 8, 10, 19, 17, 18, 4, 30, 25, 28, 23, 22, 24, 15, 14, 11, 6, 20], [1, 2, 3, 4, 5, 7, 21, 29, 12, 16, 27, 26, 13, 8, 10, 19, 17, 18, 9, 30, 25, 28, 23, 22, 24, 15, 14, 11, 6, 20], [1, 2, 3, 4, 5, 6, 21, 29, 12, 16, 27, 26, 13, 8, 10, 19, 17, 18, 9, 30, 25, 28, 23, 22, 24, 15, 14, 11, 7, 20], [1, 2, 3, 4, 5, 6, 7, 29, 12, 16, 27, 26, 13, 8, 10, 19, 17, 18, 9, 30, 25, 28, 23, 22, 24, 15, 14, 11, 21, 20], [1, 2, 3, 4, 5, 6, 7, 29, 12, 16, 27, 26, 13, 14, 10, 19, 17, 18, 9, 30, 25, 28, 23, 22, 24, 15, 8, 11, 21, 20], [1, 2, 3, 4, 5, 6, 7, 29, 12, 16, 8, 26, 13, 14, 10, 19, 17, 18, 9, 30, 25, 28, 23, 22, 24, 15, 27, 11, 21, 20], [1, 2, 3, 4, 5, 6, 7, 29, 12, 16, 11, 26, 13, 14, 10, 19, 17, 18, 9, 30, 25, 28, 23, 22, 24, 15, 27, 8, 21, 20], [1, 2, 3, 4, 5, 6, 7, 29, 12, 16, 11, 26, 13, 14, 10, 19, 17, 18, 9, 30, 25, 8, 23, 22, 24, 15, 27, 28, 21, 20], [1, 2, 3, 4, 5, 6, 7, 29, 12, 16, 11, 26, 13, 14, 10, 19, 17, 18, 9, 30, 25, 22, 23, 8, 24, 15, 27, 28, 21, 20], [1, 2, 3, 4, 5, 6, 7, 29, 12, 16, 11, 26, 13, 14, 10, 19, 17, 18, 9, 30, 25, 22, 23, 24, 8, 15, 27, 28, 21, 20], [1, 2, 3, 4, 5, 6, 7, 29, 12, 16, 11, 26, 13, 14, 10, 19, 17, 18, 9, 30, 8, 22, 23, 24, 25, 15, 27, 28, 21, 20], [1, 2, 3, 4, 5, 6, 7, 29, 12, 16, 11, 26, 13, 14, 10, 19, 17, 18, 9, 30, 21, 22, 23, 24, 25, 15, 27, 28, 8, 20], [1, 2, 3, 4, 5, 6, 7, 8, 12, 16, 11, 26, 13, 14, 10, 19, 17, 18, 9, 30, 21, 22, 23, 24, 25, 15, 27, 28, 29, 20], [1, 2, 3, 4, 5, 6, 7, 8, 9, 16, 11, 26, 13, 14, 10, 19, 17, 18, 12, 30, 21, 22, 23, 24, 25, 15, 27, 28, 29, 20], [1, 2, 3, 4, 5, 6, 7, 8, 9, 16, 11, 26, 13, 14, 15, 19, 17, 18, 12, 30, 21, 22, 23, 24, 25, 10, 27, 28, 29, 20], [1, 2, 3, 4, 5, 6, 7, 8, 9, 10, 11, 26, 13, 14, 15, 19, 17, 18, 12, 30, 21, 22, 23, 24, 25, 16, 27, 28, 29, 20], [1, 2, 3, 4, 5, 6, 7, 8, 9, 10, 11, 26, 13, 14, 15, 12, 17, 18, 19, 30, 21, 22, 23, 24, 25, 16, 27, 28, 29, 20], [1, 2, 3, 4, 5, 6, 7, 8, 9, 10, 11, 26, 13, 14, 15, 16, 17, 18, 19, 30, 21, 22, 23, 24, 25, 12, 27, 28, 29, 20], [1, 2, 3, 4, 5, 6, 7, 8, 9, 10, 11, 12, 13, 14, 15, 16, 17, 18, 19, 30, 21, 22, 23, 24, 25, 26, 27, 28, 29, 20], [1, 2, 3, 4, 5, 6, 7, 8, 9, 10, 11, 12, 13, 14, 15, 16, 17, 18, 19, 20, 21, 22, 23, 24, 25, 26, 27, 28, 29, 30]], idx1=[1, 1, 1, 1, 1, 3, 4, 4, 6, 7, 8, 8, 8, 8, 8, 8, 8, 8, 8, 9, 10, 10, 12, 12, 12, 20], idx2=[2, 17, 18, 13, 24, 23, 5, 9, 7, 21, 14, 27, 11, 28, 22, 24, 25, 21, 29, 12, 15, 16, 19, 16, 26, 30], _checker='')