============================================================
BENCHMARK ID: 38 | DIMENSIONE: 20 | STRATEGIA: firstfail_split
============================================================

Input Vector: [10, 4, 17, 15, 7, 19, 14, 8, 1, 2, 9, 5, 12, 18, 20, 16, 13, 6, 3, 11]

STATO: RISOLTO
K: 16
TEMPO: 0.3000s
----------------------------------------
PIANO:
Solution(v=[[10, 4, 17, 15, 7, 19, 14, 8, 1, 2, 9, 5, 12, 18, 20, 16, 13, 6, 3, 11], [1, 4, 17, 15, 7, 19, 14, 8, 10, 2, 9, 5, 12, 18, 20, 16, 13, 6, 3, 11], [1, 15, 17, 4, 7, 19, 14, 8, 10, 2, 9, 5, 12, 18, 20, 16, 13, 6, 3, 11], [1, 2, 17, 4, 7, 19, 14, 8, 10, 15, 9, 5, 12, 18, 20, 16, 13, 6, 3, 11], [1, 2, 13, 4, 7, 19, 14, 8, 10, 15, 9, 5, 12, 18, 20, 16, 17, 6, 3, 11], [1, 2, 12, 4, 7, 19, 14, 8, 10, 15, 9, 5, 13, 18, 20, 16, 17, 6, 3, 11], [1, 2, 5, 4, 7, 19, 14, 8, 10, 15, 9, 12, 13, 18, 20, 16, 17, 6, 3, 11], [1, 2, 7, 4, 5, 19, 14, 8, 10, 15, 9, 12, 13, 18, 20, 16, 17, 6, 3, 11], [1, 2, 14, 4, 5, 19, 7, 8, 10, 15, 9, 12, 13, 18, 20, 16, 17, 6, 3, 11], [1, 2, 18, 4, 5, 19, 7, 8, 10, 15, 9, 12, 13, 14, 20, 16, 17, 6, 3, 11], [1, 2, 6, 4, 5, 19, 7, 8, 10, 15, 9, 12, 13, 14, 20, 16, 17, 18, 3, 11], [1, 2, 19, 4, 5, 6, 7, 8, 10, 15, 9, 12, 13, 14, 20, 16, 17, 18, 3, 11], [1, 2, 3, 4, 5, 6, 7, 8, 10, 15, 9, 12, 13, 14, 20, 16, 17, 18, 19, 11], [1, 2, 3, 4, 5, 6, 7, 8, 15, 10, 9, 12, 13, 14, 20, 16, 17, 18, 19, 11], [1, 2, 3, 4, 5, 6, 7, 8, 9, 10, 15, 12, 13, 14, 20, 16, 17, 18, 19, 11], [1, 2, 3, 4, 5, 6, 7, 8, 9, 10, 20, 12, 13, 14, 15, 16, 17, 18, 19, 11], [1, 2, 3, 4, 5, 6, 7, 8, 9, 10, 11, 12, 13, 14, 15, 16, 17, 18, 19, 20]], pos=[[9, 10, 19, 2, 12, 18, 5, 8, 11, 1, 20, 13, 17, 7, 4, 16, 3, 14, 6, 15], [1, 10, 19, 2, 12, 18, 5, 8, 11, 9, 20, 13, 17, 7, 4, 16, 3, 14, 6, 15], [1, 10, 19, 4, 12, 18, 5, 8, 11, 9, 20, 13, 17, 7, 2, 16, 3, 14, 6, 15], [1, 2, 19, 4, 12, 18, 5, 8, 11, 9, 20, 13, 17, 7, 10, 16, 3, 14, 6, 15], [1, 2, 19, 4, 12, 18, 5, 8, 11, 9, 20, 13, 3, 7, 10, 16, 17, 14, 6, 15], [1, 2, 19, 4, 12, 18, 5, 8, 11, 9, 20, 3, 13, 7, 10, 16, 17, 14, 6, 15], [1, 2, 19, 4, 3, 18, 5, 8, 11, 9, 20, 12, 13, 7, 10, 16, 17, 14, 6, 15], [1, 2, 19, 4, 5, 18, 3, 8, 11, 9, 20, 12, 13, 7, 10, 16, 17, 14, 6, 15], [1, 2, 19, 4, 5, 18, 7, 8, 11, 9, 20, 12, 13, 3, 10, 16, 17, 14, 6, 15], [1, 2, 19, 4, 5, 18, 7, 8, 11, 9, 20, 12, 13, 14, 10, 16, 17, 3, 6, 15], [1, 2, 19, 4, 5, 3, 7, 8, 11, 9, 20, 12, 13, 14, 10, 16, 17, 18, 6, 15], [1, 2, 19, 4, 5, 6, 7, 8, 11, 9, 20, 12, 13, 14, 10, 16, 17, 18, 3, 15], [1, 2, 3, 4, 5, 6, 7, 8, 11, 9, 20, 12, 13, 14, 10, 16, 17, 18, 19, 15], [1, 2, 3, 4, 5, 6, 7, 8, 11, 10, 20, 12, 13, 14, 9, 16, 17, 18, 19, 15], [1, 2, 3, 4, 5, 6, 7, 8, 9, 10, 20, 12, 13, 14, 11, 16, 17, 18, 19, 15], [1, 2, 3, 4, 5, 6, 7, 8, 9, 10, 20, 12, 13, 14, 15, 16, 17, 18, 19, 11], [1, 2, 3, 4, 5, 6, 7, 8, 9, 10, 11, 12, 13, 14, 15, 16, 17, 18, 19, 20]], idx1=[1, 2, 2, 3, 3, 3, 3, 3, 3, 3, 3, 3, 9, 9, 11, 11], idx2=[9, 4, 10, 17, 13, 12, 5, 7, 14, 18, 6, 19, 10, 11, 15, 20], _checker='')