============================================================
BENCHMARK ID: 42 | DIMENSIONE: 25 | STRATEGIA: firstfail_split
============================================================

Input Vector: [25, 3, 20, 2, 9, 7, 16, 5, 18, 13, 1, 22, 8, 11, 21, 19, 24, 14, 15, 4, 12, 10, 17, 6, 23]

STATO: RISOLTO
K: 23
TEMPO: 0.2610s
----------------------------------------
PIANO:
Solution(v=[[25, 3, 20, 2, 9, 7, 16, 5, 18, 13, 1, 22, 8, 11, 21, 19, 24, 14, 15, 4, 12, 10, 17, 6, 23], [1, 3, 20, 2, 9, 7, 16, 5, 18, 13, 25, 22, 8, 11, 21, 19, 24, 14, 15, 4, 12, 10, 17, 6, 23], [1, 20, 3, 2, 9, 7, 16, 5, 18, 13, 25, 22, 8, 11, 21, 19, 24, 14, 15, 4, 12, 10, 17, 6, 23], [1, 2, 3, 20, 9, 7, 16, 5, 18, 13, 25, 22, 8, 11, 21, 19, 24, 14, 15, 4, 12, 10, 17, 6, 23], [1, 2, 3, 4, 9, 7, 16, 5, 18, 13, 25, 22, 8, 11, 21, 19, 24, 14, 15, 20, 12, 10, 17, 6, 23], [1, 2, 3, 4, 5, 7, 16, 9, 18, 13, 25, 22, 8, 11, 21, 19, 24, 14, 15, 20, 12, 10, 17, 6, 23], [1, 2, 3, 4, 5, 16, 7, 9, 18, 13, 25, 22, 8, 11, 21, 19, 24, 14, 15, 20, 12, 10, 17, 6, 23], [1, 2, 3, 4, 5, 19, 7, 9, 18, 13, 25, 22, 8, 11, 21, 16, 24, 14, 15, 20, 12, 10, 17, 6, 23], [1, 2, 3, 4, 5, 15, 7, 9, 18, 13, 25, 22, 8, 11, 21, 16, 24, 14, 19, 20, 12, 10, 17, 6, 23], [1, 2, 3, 4, 5, 21, 7, 9, 18, 13, 25, 22, 8, 11, 15, 16, 24, 14, 19, 20, 12, 10, 17, 6, 23], [1, 2, 3, 4, 5, 12, 7, 9, 18, 13, 25, 22, 8, 11, 15, 16, 24, 14, 19, 20, 21, 10, 17, 6, 23], [1, 2, 3, 4, 5, 22, 7, 9, 18, 13, 25, 12, 8, 11, 15, 16, 24, 14, 19, 20, 21, 10, 17, 6, 23], [1, 2, 3, 4, 5, 10, 7, 9, 18, 13, 25, 12, 8, 11, 15, 16, 24, 14, 19, 20, 21, 22, 17, 6, 23], [1, 2, 3, 4, 5, 13, 7, 9, 18, 10, 25, 12, 8, 11, 15, 16, 24, 14, 19, 20, 21, 22, 17, 6, 23], [1, 2, 3, 4, 5, 8, 7, 9, 18, 10, 25, 12, 13, 11, 15, 16, 24, 14, 19, 20, 21, 22, 17, 6, 23], [1, 2, 3, 4, 5, 9, 7, 8, 18, 10, 25, 12, 13, 11, 15, 16, 24, 14, 19, 20, 21, 22, 17, 6, 23], [1, 2, 3, 4, 5, 18, 7, 8, 9, 10, 25, 12, 13, 11, 15, 16, 24, 14, 19, 20, 21, 22, 17, 6, 23], [1, 2, 3, 4, 5, 14, 7, 8, 9, 10, 25, 12, 13, 11, 15, 16, 24, 18, 19, 20, 21, 22, 17, 6, 23], [1, 2, 3, 4, 5, 11, 7, 8, 9, 10, 25, 12, 13, 14, 15, 16, 24, 18, 19, 20, 21, 22, 17, 6, 23], [1, 2, 3, 4, 5, 25, 7, 8, 9, 10, 11, 12, 13, 14, 15, 16, 24, 18, 19, 20, 21, 22, 17, 6, 23], [1, 2, 3, 4, 5, 6, 7, 8, 9, 10, 11, 12, 13, 14, 15, 16, 24, 18, 19, 20, 21, 22, 17, 25, 23], [1, 2, 3, 4, 5, 6, 7, 8, 9, 10, 11, 12, 13, 14, 15, 16, 17, 18, 19, 20, 21, 22, 24, 25, 23], [1, 2, 3, 4, 5, 6, 7, 8, 9, 10, 11, 12, 13, 14, 15, 16, 17, 18, 19, 20, 21, 22, 25, 24, 23], [1, 2, 3, 4, 5, 6, 7, 8, 9, 10, 11, 12, 13, 14, 15, 16, 17, 18, 19, 20, 21, 22, 23, 24, 25]], pos=[[11, 4, 2, 20, 8, 24, 6, 13, 5, 22, 14, 21, 10, 18, 19, 7, 23, 9, 16, 3, 15, 12, 25, 17, 1], [1, 4, 2, 20, 8, 24, 6, 13, 5, 22, 14, 21, 10, 18, 19, 7, 23, 9, 16, 3, 15, 12, 25, 17, 11], [1, 4, 3, 20, 8, 24, 6, 13, 5, 22, 14, 21, 10, 18, 19, 7, 23, 9, 16, 2, 15, 12, 25, 17, 11], [1, 2, 3, 20, 8, 24, 6, 13, 5, 22, 14, 21, 10, 18, 19, 7, 23, 9, 16, 4, 15, 12, 25, 17, 11], [1, 2, 3, 4, 8, 24, 6, 13, 5, 22, 14, 21, 10, 18, 19, 7, 23, 9, 16, 20, 15, 12, 25, 17, 11], [1, 2, 3, 4, 5, 24, 6, 13, 8, 22, 14, 21, 10, 18, 19, 7, 23, 9, 16, 20, 15, 12, 25, 17, 11], [1, 2, 3, 4, 5, 24, 7, 13, 8, 22, 14, 21, 10, 18, 19, 6, 23, 9, 16, 20, 15, 12, 25, 17, 11], [1, 2, 3, 4, 5, 24, 7, 13, 8, 22, 14, 21, 10, 18, 19, 16, 23, 9, 6, 20, 15, 12, 25, 17, 11], [1, 2, 3, 4, 5, 24, 7, 13, 8, 22, 14, 21, 10, 18, 6, 16, 23, 9, 19, 20, 15, 12, 25, 17, 11], [1, 2, 3, 4, 5, 24, 7, 13, 8, 22, 14, 21, 10, 18, 15, 16, 23, 9, 19, 20, 6, 12, 25, 17, 11], [1, 2, 3, 4, 5, 24, 7, 13, 8, 22, 14, 6, 10, 18, 15, 16, 23, 9, 19, 20, 21, 12, 25, 17, 11], [1, 2, 3, 4, 5, 24, 7, 13, 8, 22, 14, 12, 10, 18, 15, 16, 23, 9, 19, 20, 21, 6, 25, 17, 11], [1, 2, 3, 4, 5, 24, 7, 13, 8, 6, 14, 12, 10, 18, 15, 16, 23, 9, 19, 20, 21, 22, 25, 17, 11], [1, 2, 3, 4, 5, 24, 7, 13, 8, 10, 14, 12, 6, 18, 15, 16, 23, 9, 19, 20, 21, 22, 25, 17, 11], [1, 2, 3, 4, 5, 24, 7, 6, 8, 10, 14, 12, 13, 18, 15, 16, 23, 9, 19, 20, 21, 22, 25, 17, 11], [1, 2, 3, 4, 5, 24, 7, 8, 6, 10, 14, 12, 13, 18, 15, 16, 23, 9, 19, 20, 21, 22, 25, 17, 11], [1, 2, 3, 4, 5, 24, 7, 8, 9, 10, 14, 12, 13, 18, 15, 16, 23, 6, 19, 20, 21, 22, 25, 17, 11], [1, 2, 3, 4, 5, 24, 7, 8, 9, 10, 14, 12, 13, 6, 15, 16, 23, 18, 19, 20, 21, 22, 25, 17, 11], [1, 2, 3, 4, 5, 24, 7, 8, 9, 10, 6, 12, 13, 14, 15, 16, 23, 18, 19, 20, 21, 22, 25, 17, 11], [1, 2, 3, 4, 5, 24, 7, 8, 9, 10, 11, 12, 13, 14, 15, 16, 23, 18, 19, 20, 21, 22, 25, 17, 6], [1, 2, 3, 4, 5, 6, 7, 8, 9, 10, 11, 12, 13, 14, 15, 16, 23, 18, 19, 20, 21, 22, 25, 17, 24], [1, 2, 3, 4, 5, 6, 7, 8, 9, 10, 11, 12, 13, 14, 15, 16, 17, 18, 19, 20, 21, 22, 25, 23, 24], [1, 2, 3, 4, 5, 6, 7, 8, 9, 10, 11, 12, 13, 14, 15, 16, 17, 18, 19, 20, 21, 22, 25, 24, 23], [1, 2, 3, 4, 5, 6, 7, 8, 9, 10, 11, 12, 13, 14, 15, 16, 17, 18, 19, 20, 21, 22, 23, 24, 25]], idx1=[1, 2, 2, 4, 5, 6, 6, 6, 6, 6, 6, 6, 6, 6, 6, 6, 6, 6, 6, 6, 17, 23, 23], idx2=[11, 3, 4, 20, 8, 7, 16, 19, 15, 21, 12, 22, 10, 13, 8, 9, 18, 14, 11, 24, 23, 24, 25], _checker='')