============================================================
BENCHMARK ID: 59 | DIMENSIONE: 30 | STRATEGIA: firstfail_split
============================================================

Input Vector: [2, 11, 3, 19, 24, 12, 9, 30, 29, 4, 5, 13, 25, 23, 14, 17, 28, 16, 21, 26, 27, 7, 6, 10, 18, 1, 15, 22, 8, 20]

STATO: RISOLTO
K: 28
TEMPO: 0.3230s
----------------------------------------
PIANO:
Solution(v=[[2, 11, 3, 19, 24, 12, 9, 30, 29, 4, 5, 13, 25, 23, 14, 17, 28, 16, 21, 26, 27, 7, 6, 10, 18, 1, 15, 22, 8, 20], [11, 2, 3, 19, 24, 12, 9, 30, 29, 4, 5, 13, 25, 23, 14, 17, 28, 16, 21, 26, 27, 7, 6, 10, 18, 1, 15, 22, 8, 20], [5, 2, 3, 19, 24, 12, 9, 30, 29, 4, 11, 13, 25, 23, 14, 17, 28, 16, 21, 26, 27, 7, 6, 10, 18, 1, 15, 22, 8, 20], [24, 2, 3, 19, 5, 12, 9, 30, 29, 4, 11, 13, 25, 23, 14, 17, 28, 16, 21, 26, 27, 7, 6, 10, 18, 1, 15, 22, 8, 20], [10, 2, 3, 19, 5, 12, 9, 30, 29, 4, 11, 13, 25, 23, 14, 17, 28, 16, 21, 26, 27, 7, 6, 24, 18, 1, 15, 22, 8, 20], [4, 2, 3, 19, 5, 12, 9, 30, 29, 10, 11, 13, 25, 23, 14, 17, 28, 16, 21, 26, 27, 7, 6, 24, 18, 1, 15, 22, 8, 20], [19, 2, 3, 4, 5, 12, 9, 30, 29, 10, 11, 13, 25, 23, 14, 17, 28, 16, 21, 26, 27, 7, 6, 24, 18, 1, 15, 22, 8, 20], [21, 2, 3, 4, 5, 12, 9, 30, 29, 10, 11, 13, 25, 23, 14, 17, 28, 16, 19, 26, 27, 7, 6, 24, 18, 1, 15, 22, 8, 20], [27, 2, 3, 4, 5, 12, 9, 30, 29, 10, 11, 13, 25, 23, 14, 17, 28, 16, 19, 26, 21, 7, 6, 24, 18, 1, 15, 22, 8, 20], [1, 2, 3, 4, 5, 12, 9, 30, 29, 10, 11, 13, 25, 23, 14, 17, 28, 16, 19, 26, 21, 7, 6, 24, 18, 27, 15, 22, 8, 20], [1, 2, 3, 4, 5, 13, 9, 30, 29, 10, 11, 12, 25, 23, 14, 17, 28, 16, 19, 26, 21, 7, 6, 24, 18, 27, 15, 22, 8, 20], [1, 2, 3, 4, 5, 25, 9, 30, 29, 10, 11, 12, 13, 23, 14, 17, 28, 16, 19, 26, 21, 7, 6, 24, 18, 27, 15, 22, 8, 20], [1, 2, 3, 4, 5, 6, 9, 30, 29, 10, 11, 12, 13, 23, 14, 17, 28, 16, 19, 26, 21, 7, 25, 24, 18, 27, 15, 22, 8, 20], [1, 2, 3, 4, 5, 6, 29, 30, 9, 10, 11, 12, 13, 23, 14, 17, 28, 16, 19, 26, 21, 7, 25, 24, 18, 27, 15, 22, 8, 20], [1, 2, 3, 4, 5, 6, 7, 30, 9, 10, 11, 12, 13, 23, 14, 17, 28, 16, 19, 26, 21, 29, 25, 24, 18, 27, 15, 22, 8, 20], [1, 2, 3, 4, 5, 6, 7, 8, 9, 10, 11, 12, 13, 23, 14, 17, 28, 16, 19, 26, 21, 29, 25, 24, 18, 27, 15, 22, 30, 20], [1, 2, 3, 4, 5, 6, 7, 8, 9, 10, 11, 12, 13, 14, 23, 17, 28, 16, 19, 26, 21, 29, 25, 24, 18, 27, 15, 22, 30, 20], [1, 2, 3, 4, 5, 6, 7, 8, 9, 10, 11, 12, 13, 14, 25, 17, 28, 16, 19, 26, 21, 29, 23, 24, 18, 27, 15, 22, 30, 20], [1, 2, 3, 4, 5, 6, 7, 8, 9, 10, 11, 12, 13, 14, 18, 17, 28, 16, 19, 26, 21, 29, 23, 24, 25, 27, 15, 22, 30, 20], [1, 2, 3, 4, 5, 6, 7, 8, 9, 10, 11, 12, 13, 14, 16, 17, 28, 18, 19, 26, 21, 29, 23, 24, 25, 27, 15, 22, 30, 20], [1, 2, 3, 4, 5, 6, 7, 8, 9, 10, 11, 12, 13, 14, 17, 16, 28, 18, 19, 26, 21, 29, 23, 24, 25, 27, 15, 22, 30, 20], [1, 2, 3, 4, 5, 6, 7, 8, 9, 10, 11, 12, 13, 14, 28, 16, 17, 18, 19, 26, 21, 29, 23, 24, 25, 27, 15, 22, 30, 20], [1, 2, 3, 4, 5, 6, 7, 8, 9, 10, 11, 12, 13, 14, 15, 16, 17, 18, 19, 26, 21, 29, 23, 24, 25, 27, 28, 22, 30, 20], [1, 2, 3, 4, 5, 6, 7, 8, 9, 10, 11, 12, 13, 14, 15, 16, 17, 18, 19, 27, 21, 29, 23, 24, 25, 26, 28, 22, 30, 20], [1, 2, 3, 4, 5, 6, 7, 8, 9, 10, 11, 12, 13, 14, 15, 16, 17, 18, 19, 28, 21, 29, 23, 24, 25, 26, 27, 22, 30, 20], [1, 2, 3, 4, 5, 6, 7, 8, 9, 10, 11, 12, 13, 14, 15, 16, 17, 18, 19, 22, 21, 29, 23, 24, 25, 26, 27, 28, 30, 20], [1, 2, 3, 4, 5, 6, 7, 8, 9, 10, 11, 12, 13, 14, 15, 16, 17, 18, 19, 29, 21, 22, 23, 24, 25, 26, 27, 28, 30, 20], [1, 2, 3, 4, 5, 6, 7, 8, 9, 10, 11, 12, 13, 14, 15, 16, 17, 18, 19, 30, 21, 22, 23, 24, 25, 26, 27, 28, 29, 20], [1, 2, 3, 4, 5, 6, 7, 8, 9, 10, 11, 12, 13, 14, 15, 16, 17, 18, 19, 20, 21, 22, 23, 24, 25, 26, 27, 28, 29, 30]], pos=[[26, 1, 3, 10, 11, 23, 22, 29, 7, 24, 2, 6, 12, 15, 27, 18, 16, 25, 4, 30, 19, 28, 14, 5, 13, 20, 21, 17, 9, 8], [26, 2, 3, 10, 11, 23, 22, 29, 7, 24, 1, 6, 12, 15, 27, 18, 16, 25, 4, 30, 19, 28, 14, 5, 13, 20, 21, 17, 9, 8], [26, 2, 3, 10, 1, 23, 22, 29, 7, 24, 11, 6, 12, 15, 27, 18, 16, 25, 4, 30, 19, 28, 14, 5, 13, 20, 21, 17, 9, 8], [26, 2, 3, 10, 5, 23, 22, 29, 7, 24, 11, 6, 12, 15, 27, 18, 16, 25, 4, 30, 19, 28, 14, 1, 13, 20, 21, 17, 9, 8], [26, 2, 3, 10, 5, 23, 22, 29, 7, 1, 11, 6, 12, 15, 27, 18, 16, 25, 4, 30, 19, 28, 14, 24, 13, 20, 21, 17, 9, 8], [26, 2, 3, 1, 5, 23, 22, 29, 7, 10, 11, 6, 12, 15, 27, 18, 16, 25, 4, 30, 19, 28, 14, 24, 13, 20, 21, 17, 9, 8], [26, 2, 3, 4, 5, 23, 22, 29, 7, 10, 11, 6, 12, 15, 27, 18, 16, 25, 1, 30, 19, 28, 14, 24, 13, 20, 21, 17, 9, 8], [26, 2, 3, 4, 5, 23, 22, 29, 7, 10, 11, 6, 12, 15, 27, 18, 16, 25, 19, 30, 1, 28, 14, 24, 13, 20, 21, 17, 9, 8], [26, 2, 3, 4, 5, 23, 22, 29, 7, 10, 11, 6, 12, 15, 27, 18, 16, 25, 19, 30, 21, 28, 14, 24, 13, 20, 1, 17, 9, 8], [1, 2, 3, 4, 5, 23, 22, 29, 7, 10, 11, 6, 12, 15, 27, 18, 16, 25, 19, 30, 21, 28, 14, 24, 13, 20, 26, 17, 9, 8], [1, 2, 3, 4, 5, 23, 22, 29, 7, 10, 11, 12, 6, 15, 27, 18, 16, 25, 19, 30, 21, 28, 14, 24, 13, 20, 26, 17, 9, 8], [1, 2, 3, 4, 5, 23, 22, 29, 7, 10, 11, 12, 13, 15, 27, 18, 16, 25, 19, 30, 21, 28, 14, 24, 6, 20, 26, 17, 9, 8], [1, 2, 3, 4, 5, 6, 22, 29, 7, 10, 11, 12, 13, 15, 27, 18, 16, 25, 19, 30, 21, 28, 14, 24, 23, 20, 26, 17, 9, 8], [1, 2, 3, 4, 5, 6, 22, 29, 9, 10, 11, 12, 13, 15, 27, 18, 16, 25, 19, 30, 21, 28, 14, 24, 23, 20, 26, 17, 7, 8], [1, 2, 3, 4, 5, 6, 7, 29, 9, 10, 11, 12, 13, 15, 27, 18, 16, 25, 19, 30, 21, 28, 14, 24, 23, 20, 26, 17, 22, 8], [1, 2, 3, 4, 5, 6, 7, 8, 9, 10, 11, 12, 13, 15, 27, 18, 16, 25, 19, 30, 21, 28, 14, 24, 23, 20, 26, 17, 22, 29], [1, 2, 3, 4, 5, 6, 7, 8, 9, 10, 11, 12, 13, 14, 27, 18, 16, 25, 19, 30, 21, 28, 15, 24, 23, 20, 26, 17, 22, 29], [1, 2, 3, 4, 5, 6, 7, 8, 9, 10, 11, 12, 13, 14, 27, 18, 16, 25, 19, 30, 21, 28, 23, 24, 15, 20, 26, 17, 22, 29], [1, 2, 3, 4, 5, 6, 7, 8, 9, 10, 11, 12, 13, 14, 27, 18, 16, 15, 19, 30, 21, 28, 23, 24, 25, 20, 26, 17, 22, 29], [1, 2, 3, 4, 5, 6, 7, 8, 9, 10, 11, 12, 13, 14, 27, 15, 16, 18, 19, 30, 21, 28, 23, 24, 25, 20, 26, 17, 22, 29], [1, 2, 3, 4, 5, 6, 7, 8, 9, 10, 11, 12, 13, 14, 27, 16, 15, 18, 19, 30, 21, 28, 23, 24, 25, 20, 26, 17, 22, 29], [1, 2, 3, 4, 5, 6, 7, 8, 9, 10, 11, 12, 13, 14, 27, 16, 17, 18, 19, 30, 21, 28, 23, 24, 25, 20, 26, 15, 22, 29], [1, 2, 3, 4, 5, 6, 7, 8, 9, 10, 11, 12, 13, 14, 15, 16, 17, 18, 19, 30, 21, 28, 23, 24, 25, 20, 26, 27, 22, 29], [1, 2, 3, 4, 5, 6, 7, 8, 9, 10, 11, 12, 13, 14, 15, 16, 17, 18, 19, 30, 21, 28, 23, 24, 25, 26, 20, 27, 22, 29], [1, 2, 3, 4, 5, 6, 7, 8, 9, 10, 11, 12, 13, 14, 15, 16, 17, 18, 19, 30, 21, 28, 23, 24, 25, 26, 27, 20, 22, 29], [1, 2, 3, 4, 5, 6, 7, 8, 9, 10, 11, 12, 13, 14, 15, 16, 17, 18, 19, 30, 21, 20, 23, 24, 25, 26, 27, 28, 22, 29], [1, 2, 3, 4, 5, 6, 7, 8, 9, 10, 11, 12, 13, 14, 15, 16, 17, 18, 19, 30, 21, 22, 23, 24, 25, 26, 27, 28, 20, 29], [1, 2, 3, 4, 5, 6, 7, 8, 9, 10, 11, 12, 13, 14, 15, 16, 17, 18, 19, 30, 21, 22, 23, 24, 25, 26, 27, 28, 29, 20], [1, 2, 3, 4, 5, 6, 7, 8, 9, 10, 11, 12, 13, 14, 15, 16, 17, 18, 19, 20, 21, 22, 23, 24, 25, 26, 27, 28, 29, 30]], idx1=[1, 1, 1, 1, 1, 1, 1, 1, 1, 6, 6, 6, 7, 7, 8, 14, 15, 15, 15, 15, 15, 15, 20, 20, 20, 20, 20, 20], idx2=[2, 11, 5, 24, 10, 4, 19, 21, 26, 12, 13, 23, 9, 22, 29, 15, 23, 25, 18, 16, 17, 27, 26, 27, 28, 22, 29, 30], _checker='')