============================================================
BENCHMARK ID: 26 | DIMENSIONE: 15 | STRATEGIA: firstfail_split
============================================================

Input Vector: [10, 15, 1, 7, 11, 8, 4, 13, 5, 6, 3, 14, 9, 2, 12]

STATO: RISOLTO
K: 12
TEMPO: 0.2660s
----------------------------------------
PIANO:
Solution(v=[[10, 15, 1, 7, 11, 8, 4, 13, 5, 6, 3, 14, 9, 2, 12], [1, 15, 10, 7, 11, 8, 4, 13, 5, 6, 3, 14, 9, 2, 12], [1, 2, 10, 7, 11, 8, 4, 13, 5, 6, 3, 14, 9, 15, 12], [1, 2, 6, 7, 11, 8, 4, 13, 5, 10, 3, 14, 9, 15, 12], [1, 2, 8, 7, 11, 6, 4, 13, 5, 10, 3, 14, 9, 15, 12], [1, 2, 13, 7, 11, 6, 4, 8, 5, 10, 3, 14, 9, 15, 12], [1, 2, 3, 7, 11, 6, 4, 8, 5, 10, 13, 14, 9, 15, 12], [1, 2, 3, 4, 11, 6, 7, 8, 5, 10, 13, 14, 9, 15, 12], [1, 2, 3, 4, 5, 6, 7, 8, 11, 10, 13, 14, 9, 15, 12], [1, 2, 3, 4, 5, 6, 7, 8, 13, 10, 11, 14, 9, 15, 12], [1, 2, 3, 4, 5, 6, 7, 8, 9, 10, 11, 14, 13, 15, 12], [1, 2, 3, 4, 5, 6, 7, 8, 9, 10, 11, 15, 13, 14, 12], [1, 2, 3, 4, 5, 6, 7, 8, 9, 10, 11, 12, 13, 14, 15]], pos=[[3, 14, 11, 7, 9, 10, 4, 6, 13, 1, 5, 15, 8, 12, 2], [1, 14, 11, 7, 9, 10, 4, 6, 13, 3, 5, 15, 8, 12, 2], [1, 2, 11, 7, 9, 10, 4, 6, 13, 3, 5, 15, 8, 12, 14], [1, 2, 11, 7, 9, 3, 4, 6, 13, 10, 5, 15, 8, 12, 14], [1, 2, 11, 7, 9, 6, 4, 3, 13, 10, 5, 15, 8, 12, 14], [1, 2, 11, 7, 9, 6, 4, 8, 13, 10, 5, 15, 3, 12, 14], [1, 2, 3, 7, 9, 6, 4, 8, 13, 10, 5, 15, 11, 12, 14], [1, 2, 3, 4, 9, 6, 7, 8, 13, 10, 5, 15, 11, 12, 14], [1, 2, 3, 4, 5, 6, 7, 8, 13, 10, 9, 15, 11, 12, 14], [1, 2, 3, 4, 5, 6, 7, 8, 13, 10, 11, 15, 9, 12, 14], [1, 2, 3, 4, 5, 6, 7, 8, 9, 10, 11, 15, 13, 12, 14], [1, 2, 3, 4, 5, 6, 7, 8, 9, 10, 11, 15, 13, 14, 12], [1, 2, 3, 4, 5, 6, 7, 8, 9, 10, 11, 12, 13, 14, 15]], idx1=[1, 2, 3, 3, 3, 3, 4, 5, 9, 9, 12, 12], idx2=[3, 14, 10, 6, 8, 11, 7, 9, 11, 13, 14, 15], _checker='')