============================================================
BENCHMARK ID: 31 | DIMENSIONE: 20 | STRATEGIA: firstfail_split
============================================================

Input Vector: [8, 7, 20, 2, 3, 18, 1, 11, 15, 17, 9, 6, 19, 5, 13, 4, 14, 12, 10, 16]

STATO: RISOLTO
K: 18
TEMPO: 0.3090s
----------------------------------------
PIANO:
Solution(v=[[8, 7, 20, 2, 3, 18, 1, 11, 15, 17, 9, 6, 19, 5, 13, 4, 14, 12, 10, 16], [1, 7, 20, 2, 3, 18, 8, 11, 15, 17, 9, 6, 19, 5, 13, 4, 14, 12, 10, 16], [1, 2, 20, 7, 3, 18, 8, 11, 15, 17, 9, 6, 19, 5, 13, 4, 14, 12, 10, 16], [1, 2, 3, 7, 20, 18, 8, 11, 15, 17, 9, 6, 19, 5, 13, 4, 14, 12, 10, 16], [1, 2, 3, 8, 20, 18, 7, 11, 15, 17, 9, 6, 19, 5, 13, 4, 14, 12, 10, 16], [1, 2, 3, 11, 20, 18, 7, 8, 15, 17, 9, 6, 19, 5, 13, 4, 14, 12, 10, 16], [1, 2, 3, 9, 20, 18, 7, 8, 15, 17, 11, 6, 19, 5, 13, 4, 14, 12, 10, 16], [1, 2, 3, 15, 20, 18, 7, 8, 9, 17, 11, 6, 19, 5, 13, 4, 14, 12, 10, 16], [1, 2, 3, 13, 20, 18, 7, 8, 9, 17, 11, 6, 19, 5, 15, 4, 14, 12, 10, 16], [1, 2, 3, 19, 20, 18, 7, 8, 9, 17, 11, 6, 13, 5, 15, 4, 14, 12, 10, 16], [1, 2, 3, 4, 20, 18, 7, 8, 9, 17, 11, 6, 13, 5, 15, 19, 14, 12, 10, 16], [1, 2, 3, 4, 5, 18, 7, 8, 9, 17, 11, 6, 13, 20, 15, 19, 14, 12, 10, 16], [1, 2, 3, 4, 5, 6, 7, 8, 9, 17, 11, 18, 13, 20, 15, 19, 14, 12, 10, 16], [1, 2, 3, 4, 5, 6, 7, 8, 9, 14, 11, 18, 13, 20, 15, 19, 17, 12, 10, 16], [1, 2, 3, 4, 5, 6, 7, 8, 9, 20, 11, 18, 13, 14, 15, 19, 17, 12, 10, 16], [1, 2, 3, 4, 5, 6, 7, 8, 9, 10, 11, 18, 13, 14, 15, 19, 17, 12, 20, 16], [1, 2, 3, 4, 5, 6, 7, 8, 9, 10, 11, 12, 13, 14, 15, 19, 17, 18, 20, 16], [1, 2, 3, 4, 5, 6, 7, 8, 9, 10, 11, 12, 13, 14, 15, 20, 17, 18, 19, 16], [1, 2, 3, 4, 5, 6, 7, 8, 9, 10, 11, 12, 13, 14, 15, 16, 17, 18, 19, 20]], pos=[[7, 4, 5, 16, 14, 12, 2, 1, 11, 19, 8, 18, 15, 17, 9, 20, 10, 6, 13, 3], [1, 4, 5, 16, 14, 12, 2, 7, 11, 19, 8, 18, 15, 17, 9, 20, 10, 6, 13, 3], [1, 2, 5, 16, 14, 12, 4, 7, 11, 19, 8, 18, 15, 17, 9, 20, 10, 6, 13, 3], [1, 2, 3, 16, 14, 12, 4, 7, 11, 19, 8, 18, 15, 17, 9, 20, 10, 6, 13, 5], [1, 2, 3, 16, 14, 12, 7, 4, 11, 19, 8, 18, 15, 17, 9, 20, 10, 6, 13, 5], [1, 2, 3, 16, 14, 12, 7, 8, 11, 19, 4, 18, 15, 17, 9, 20, 10, 6, 13, 5], [1, 2, 3, 16, 14, 12, 7, 8, 4, 19, 11, 18, 15, 17, 9, 20, 10, 6, 13, 5], [1, 2, 3, 16, 14, 12, 7, 8, 9, 19, 11, 18, 15, 17, 4, 20, 10, 6, 13, 5], [1, 2, 3, 16, 14, 12, 7, 8, 9, 19, 11, 18, 4, 17, 15, 20, 10, 6, 13, 5], [1, 2, 3, 16, 14, 12, 7, 8, 9, 19, 11, 18, 13, 17, 15, 20, 10, 6, 4, 5], [1, 2, 3, 4, 14, 12, 7, 8, 9, 19, 11, 18, 13, 17, 15, 20, 10, 6, 16, 5], [1, 2, 3, 4, 5, 12, 7, 8, 9, 19, 11, 18, 13, 17, 15, 20, 10, 6, 16, 14], [1, 2, 3, 4, 5, 6, 7, 8, 9, 19, 11, 18, 13, 17, 15, 20, 10, 12, 16, 14], [1, 2, 3, 4, 5, 6, 7, 8, 9, 19, 11, 18, 13, 10, 15, 20, 17, 12, 16, 14], [1, 2, 3, 4, 5, 6, 7, 8, 9, 19, 11, 18, 13, 14, 15, 20, 17, 12, 16, 10], [1, 2, 3, 4, 5, 6, 7, 8, 9, 10, 11, 18, 13, 14, 15, 20, 17, 12, 16, 19], [1, 2, 3, 4, 5, 6, 7, 8, 9, 10, 11, 12, 13, 14, 15, 20, 17, 18, 16, 19], [1, 2, 3, 4, 5, 6, 7, 8, 9, 10, 11, 12, 13, 14, 15, 20, 17, 18, 19, 16], [1, 2, 3, 4, 5, 6, 7, 8, 9, 10, 11, 12, 13, 14, 15, 16, 17, 18, 19, 20]], idx1=[1, 2, 3, 4, 4, 4, 4, 4, 4, 4, 5, 6, 10, 10, 10, 12, 16, 16], idx2=[7, 4, 5, 7, 8, 11, 9, 15, 13, 16, 14, 12, 17, 14, 19, 18, 19, 20], _checker='')