============================================================
BENCHMARK ID: 3 | DIMENSIONE: 5 | STRATEGIA: firstfail_split
============================================================

Input Vector: [2, 4, 1, 5, 3]

STATO: RISOLTO
K: 4
TEMPO: 0.3700s
----------------------------------------
PIANO:
Solution(v=[[2, 4, 1, 5, 3], [4, 2, 1, 5, 3], [1, 2, 4, 5, 3], [1, 2, 5, 4, 3], [1, 2, 3, 4, 5]], pos=[[3, 1, 5, 2, 4], [3, 2, 5, 1, 4], [1, 2, 5, 3, 4], [1, 2, 5, 4, 3], [1, 2, 3, 4, 5]], idx1=[1, 1, 3, 3], idx2=[2, 3, 4, 5], _checker='')