============================================================
BENCHMARK ID: 51 | DIMENSIONE: 30 | STRATEGIA: firstfail_split
============================================================

Input Vector: [18, 23, 6, 4, 30, 14, 21, 29, 20, 7, 2, 5, 1, 28, 11, 15, 8, 27, 16, 25, 10, 19, 26, 24, 3, 12, 13, 9, 17, 22]

STATO: RISOLTO
K: 23
TEMPO: 0.2470s
----------------------------------------
PIANO:
Solution(v=[[18, 23, 6, 4, 30, 14, 21, 29, 20, 7, 2, 5, 1, 28, 11, 15, 8, 27, 16, 25, 10, 19, 26, 24, 3, 12, 13, 9, 17, 22], [1, 23, 6, 4, 30, 14, 21, 29, 20, 7, 2, 5, 18, 28, 11, 15, 8, 27, 16, 25, 10, 19, 26, 24, 3, 12, 13, 9, 17, 22], [1, 2, 6, 4, 30, 14, 21, 29, 20, 7, 23, 5, 18, 28, 11, 15, 8, 27, 16, 25, 10, 19, 26, 24, 3, 12, 13, 9, 17, 22], [1, 2, 14, 4, 30, 6, 21, 29, 20, 7, 23, 5, 18, 28, 11, 15, 8, 27, 16, 25, 10, 19, 26, 24, 3, 12, 13, 9, 17, 22], [1, 2, 28, 4, 30, 6, 21, 29, 20, 7, 23, 5, 18, 14, 11, 15, 8, 27, 16, 25, 10, 19, 26, 24, 3, 12, 13, 9, 17, 22], [1, 2, 3, 4, 30, 6, 21, 29, 20, 7, 23, 5, 18, 14, 11, 15, 8, 27, 16, 25, 10, 19, 26, 24, 28, 12, 13, 9, 17, 22], [1, 2, 3, 4, 5, 6, 21, 29, 20, 7, 23, 30, 18, 14, 11, 15, 8, 27, 16, 25, 10, 19, 26, 24, 28, 12, 13, 9, 17, 22], [1, 2, 3, 4, 5, 6, 7, 29, 20, 21, 23, 30, 18, 14, 11, 15, 8, 27, 16, 25, 10, 19, 26, 24, 28, 12, 13, 9, 17, 22], [1, 2, 3, 4, 5, 6, 7, 8, 20, 21, 23, 30, 18, 14, 11, 15, 29, 27, 16, 25, 10, 19, 26, 24, 28, 12, 13, 9, 17, 22], [1, 2, 3, 4, 5, 6, 7, 8, 25, 21, 23, 30, 18, 14, 11, 15, 29, 27, 16, 20, 10, 19, 26, 24, 28, 12, 13, 9, 17, 22], [1, 2, 3, 4, 5, 6, 7, 8, 28, 21, 23, 30, 18, 14, 11, 15, 29, 27, 16, 20, 10, 19, 26, 24, 25, 12, 13, 9, 17, 22], [1, 2, 3, 4, 5, 6, 7, 8, 9, 21, 23, 30, 18, 14, 11, 15, 29, 27, 16, 20, 10, 19, 26, 24, 25, 12, 13, 28, 17, 22], [1, 2, 3, 4, 5, 6, 7, 8, 9, 10, 23, 30, 18, 14, 11, 15, 29, 27, 16, 20, 21, 19, 26, 24, 25, 12, 13, 28, 17, 22], [1, 2, 3, 4, 5, 6, 7, 8, 9, 10, 11, 30, 18, 14, 23, 15, 29, 27, 16, 20, 21, 19, 26, 24, 25, 12, 13, 28, 17, 22], [1, 2, 3, 4, 5, 6, 7, 8, 9, 10, 11, 12, 18, 14, 23, 15, 29, 27, 16, 20, 21, 19, 26, 24, 25, 30, 13, 28, 17, 22], [1, 2, 3, 4, 5, 6, 7, 8, 9, 10, 11, 12, 27, 14, 23, 15, 29, 18, 16, 20, 21, 19, 26, 24, 25, 30, 13, 28, 17, 22], [1, 2, 3, 4, 5, 6, 7, 8, 9, 10, 11, 12, 13, 14, 23, 15, 29, 18, 16, 20, 21, 19, 26, 24, 25, 30, 27, 28, 17, 22], [1, 2, 3, 4, 5, 6, 7, 8, 9, 10, 11, 12, 13, 14, 15, 23, 29, 18, 16, 20, 21, 19, 26, 24, 25, 30, 27, 28, 17, 22], [1, 2, 3, 4, 5, 6, 7, 8, 9, 10, 11, 12, 13, 14, 15, 16, 29, 18, 23, 20, 21, 19, 26, 24, 25, 30, 27, 28, 17, 22], [1, 2, 3, 4, 5, 6, 7, 8, 9, 10, 11, 12, 13, 14, 15, 16, 17, 18, 23, 20, 21, 19, 26, 24, 25, 30, 27, 28, 29, 22], [1, 2, 3, 4, 5, 6, 7, 8, 9, 10, 11, 12, 13, 14, 15, 16, 17, 18, 19, 20, 21, 23, 26, 24, 25, 30, 27, 28, 29, 22], [1, 2, 3, 4, 5, 6, 7, 8, 9, 10, 11, 12, 13, 14, 15, 16, 17, 18, 19, 20, 21, 26, 23, 24, 25, 30, 27, 28, 29, 22], [1, 2, 3, 4, 5, 6, 7, 8, 9, 10, 11, 12, 13, 14, 15, 16, 17, 18, 19, 20, 21, 30, 23, 24, 25, 26, 27, 28, 29, 22], [1, 2, 3, 4, 5, 6, 7, 8, 9, 10, 11, 12, 13, 14, 15, 16, 17, 18, 19, 20, 21, 22, 23, 24, 25, 26, 27, 28, 29, 30]], pos=[[13, 11, 25, 4, 12, 3, 10, 17, 28, 21, 15, 26, 27, 6, 16, 19, 29, 1, 22, 9, 7, 30, 2, 24, 20, 23, 18, 14, 8, 5], [1, 11, 25, 4, 12, 3, 10, 17, 28, 21, 15, 26, 27, 6, 16, 19, 29, 13, 22, 9, 7, 30, 2, 24, 20, 23, 18, 14, 8, 5], [1, 2, 25, 4, 12, 3, 10, 17, 28, 21, 15, 26, 27, 6, 16, 19, 29, 13, 22, 9, 7, 30, 11, 24, 20, 23, 18, 14, 8, 5], [1, 2, 25, 4, 12, 6, 10, 17, 28, 21, 15, 26, 27, 3, 16, 19, 29, 13, 22, 9, 7, 30, 11, 24, 20, 23, 18, 14, 8, 5], [1, 2, 25, 4, 12, 6, 10, 17, 28, 21, 15, 26, 27, 14, 16, 19, 29, 13, 22, 9, 7, 30, 11, 24, 20, 23, 18, 3, 8, 5], [1, 2, 3, 4, 12, 6, 10, 17, 28, 21, 15, 26, 27, 14, 16, 19, 29, 13, 22, 9, 7, 30, 11, 24, 20, 23, 18, 25, 8, 5], [1, 2, 3, 4, 5, 6, 10, 17, 28, 21, 15, 26, 27, 14, 16, 19, 29, 13, 22, 9, 7, 30, 11, 24, 20, 23, 18, 25, 8, 12], [1, 2, 3, 4, 5, 6, 7, 17, 28, 21, 15, 26, 27, 14, 16, 19, 29, 13, 22, 9, 10, 30, 11, 24, 20, 23, 18, 25, 8, 12], [1, 2, 3, 4, 5, 6, 7, 8, 28, 21, 15, 26, 27, 14, 16, 19, 29, 13, 22, 9, 10, 30, 11, 24, 20, 23, 18, 25, 17, 12], [1, 2, 3, 4, 5, 6, 7, 8, 28, 21, 15, 26, 27, 14, 16, 19, 29, 13, 22, 20, 10, 30, 11, 24, 9, 23, 18, 25, 17, 12], [1, 2, 3, 4, 5, 6, 7, 8, 28, 21, 15, 26, 27, 14, 16, 19, 29, 13, 22, 20, 10, 30, 11, 24, 25, 23, 18, 9, 17, 12], [1, 2, 3, 4, 5, 6, 7, 8, 9, 21, 15, 26, 27, 14, 16, 19, 29, 13, 22, 20, 10, 30, 11, 24, 25, 23, 18, 28, 17, 12], [1, 2, 3, 4, 5, 6, 7, 8, 9, 10, 15, 26, 27, 14, 16, 19, 29, 13, 22, 20, 21, 30, 11, 24, 25, 23, 18, 28, 17, 12], [1, 2, 3, 4, 5, 6, 7, 8, 9, 10, 11, 26, 27, 14, 16, 19, 29, 13, 22, 20, 21, 30, 15, 24, 25, 23, 18, 28, 17, 12], [1, 2, 3, 4, 5, 6, 7, 8, 9, 10, 11, 12, 27, 14, 16, 19, 29, 13, 22, 20, 21, 30, 15, 24, 25, 23, 18, 28, 17, 26], [1, 2, 3, 4, 5, 6, 7, 8, 9, 10, 11, 12, 27, 14, 16, 19, 29, 18, 22, 20, 21, 30, 15, 24, 25, 23, 13, 28, 17, 26], [1, 2, 3, 4, 5, 6, 7, 8, 9, 10, 11, 12, 13, 14, 16, 19, 29, 18, 22, 20, 21, 30, 15, 24, 25, 23, 27, 28, 17, 26], [1, 2, 3, 4, 5, 6, 7, 8, 9, 10, 11, 12, 13, 14, 15, 19, 29, 18, 22, 20, 21, 30, 16, 24, 25, 23, 27, 28, 17, 26], [1, 2, 3, 4, 5, 6, 7, 8, 9, 10, 11, 12, 13, 14, 15, 16, 29, 18, 22, 20, 21, 30, 19, 24, 25, 23, 27, 28, 17, 26], [1, 2, 3, 4, 5, 6, 7, 8, 9, 10, 11, 12, 13, 14, 15, 16, 17, 18, 22, 20, 21, 30, 19, 24, 25, 23, 27, 28, 29, 26], [1, 2, 3, 4, 5, 6, 7, 8, 9, 10, 11, 12, 13, 14, 15, 16, 17, 18, 19, 20, 21, 30, 22, 24, 25, 23, 27, 28, 29, 26], [1, 2, 3, 4, 5, 6, 7, 8, 9, 10, 11, 12, 13, 14, 15, 16, 17, 18, 19, 20, 21, 30, 23, 24, 25, 22, 27, 28, 29, 26], [1, 2, 3, 4, 5, 6, 7, 8, 9, 10, 11, 12, 13, 14, 15, 16, 17, 18, 19, 20, 21, 30, 23, 24, 25, 26, 27, 28, 29, 22], [1, 2, 3, 4, 5, 6, 7, 8, 9, 10, 11, 12, 13, 14, 15, 16, 17, 18, 19, 20, 21, 22, 23, 24, 25, 26, 27, 28, 29, 30]], idx1=[1, 2, 3, 3, 3, 5, 7, 8, 9, 9, 9, 10, 11, 12, 13, 13, 15, 16, 17, 19, 22, 22, 22], idx2=[13, 11, 6, 14, 25, 12, 10, 17, 20, 25, 28, 21, 15, 26, 18, 27, 16, 19, 29, 22, 23, 26, 30], _checker='')