============================================================
BENCHMARK ID: 54 | DIMENSIONE: 30 | STRATEGIA: firstfail_split
============================================================

Input Vector: [17, 14, 9, 2, 24, 20, 4, 27, 16, 1, 10, 6, 13, 8, 28, 15, 19, 29, 18, 23, 5, 7, 30, 12, 22, 21, 3, 25, 26, 11]

STATO: RISOLTO
K: 27
TEMPO: 0.3470s
----------------------------------------
PIANO:
Solution(v=[[17, 14, 9, 2, 24, 20, 4, 27, 16, 1, 10, 6, 13, 8, 28, 15, 19, 29, 18, 23, 5, 7, 30, 12, 22, 21, 3, 25, 26, 11], [1, 14, 9, 2, 24, 20, 4, 27, 16, 17, 10, 6, 13, 8, 28, 15, 19, 29, 18, 23, 5, 7, 30, 12, 22, 21, 3, 25, 26, 11], [1, 2, 9, 14, 24, 20, 4, 27, 16, 17, 10, 6, 13, 8, 28, 15, 19, 29, 18, 23, 5, 7, 30, 12, 22, 21, 3, 25, 26, 11], [1, 2, 16, 14, 24, 20, 4, 27, 9, 17, 10, 6, 13, 8, 28, 15, 19, 29, 18, 23, 5, 7, 30, 12, 22, 21, 3, 25, 26, 11], [1, 2, 15, 14, 24, 20, 4, 27, 9, 17, 10, 6, 13, 8, 28, 16, 19, 29, 18, 23, 5, 7, 30, 12, 22, 21, 3, 25, 26, 11], [1, 2, 28, 14, 24, 20, 4, 27, 9, 17, 10, 6, 13, 8, 15, 16, 19, 29, 18, 23, 5, 7, 30, 12, 22, 21, 3, 25, 26, 11], [1, 2, 3, 14, 24, 20, 4, 27, 9, 17, 10, 6, 13, 8, 15, 16, 19, 29, 18, 23, 5, 7, 30, 12, 22, 21, 28, 25, 26, 11], [1, 2, 3, 4, 24, 20, 14, 27, 9, 17, 10, 6, 13, 8, 15, 16, 19, 29, 18, 23, 5, 7, 30, 12, 22, 21, 28, 25, 26, 11], [1, 2, 3, 4, 5, 20, 14, 27, 9, 17, 10, 6, 13, 8, 15, 16, 19, 29, 18, 23, 24, 7, 30, 12, 22, 21, 28, 25, 26, 11], [1, 2, 3, 4, 5, 6, 14, 27, 9, 17, 10, 20, 13, 8, 15, 16, 19, 29, 18, 23, 24, 7, 30, 12, 22, 21, 28, 25, 26, 11], [1, 2, 3, 4, 5, 6, 8, 27, 9, 17, 10, 20, 13, 14, 15, 16, 19, 29, 18, 23, 24, 7, 30, 12, 22, 21, 28, 25, 26, 11], [1, 2, 3, 4, 5, 6, 27, 8, 9, 17, 10, 20, 13, 14, 15, 16, 19, 29, 18, 23, 24, 7, 30, 12, 22, 21, 28, 25, 26, 11], [1, 2, 3, 4, 5, 6, 7, 8, 9, 17, 10, 20, 13, 14, 15, 16, 19, 29, 18, 23, 24, 27, 30, 12, 22, 21, 28, 25, 26, 11], [1, 2, 3, 4, 5, 6, 7, 8, 9, 10, 17, 20, 13, 14, 15, 16, 19, 29, 18, 23, 24, 27, 30, 12, 22, 21, 28, 25, 26, 11], [1, 2, 3, 4, 5, 6, 7, 8, 9, 10, 19, 20, 13, 14, 15, 16, 17, 29, 18, 23, 24, 27, 30, 12, 22, 21, 28, 25, 26, 11], [1, 2, 3, 4, 5, 6, 7, 8, 9, 10, 18, 20, 13, 14, 15, 16, 17, 29, 19, 23, 24, 27, 30, 12, 22, 21, 28, 25, 26, 11], [1, 2, 3, 4, 5, 6, 7, 8, 9, 10, 29, 20, 13, 14, 15, 16, 17, 18, 19, 23, 24, 27, 30, 12, 22, 21, 28, 25, 26, 11], [1, 2, 3, 4, 5, 6, 7, 8, 9, 10, 26, 20, 13, 14, 15, 16, 17, 18, 19, 23, 24, 27, 30, 12, 22, 21, 28, 25, 29, 11], [1, 2, 3, 4, 5, 6, 7, 8, 9, 10, 21, 20, 13, 14, 15, 16, 17, 18, 19, 23, 24, 27, 30, 12, 22, 26, 28, 25, 29, 11], [1, 2, 3, 4, 5, 6, 7, 8, 9, 10, 24, 20, 13, 14, 15, 16, 17, 18, 19, 23, 21, 27, 30, 12, 22, 26, 28, 25, 29, 11], [1, 2, 3, 4, 5, 6, 7, 8, 9, 10, 12, 20, 13, 14, 15, 16, 17, 18, 19, 23, 21, 27, 30, 24, 22, 26, 28, 25, 29, 11], [1, 2, 3, 4, 5, 6, 7, 8, 9, 10, 20, 12, 13, 14, 15, 16, 17, 18, 19, 23, 21, 27, 30, 24, 22, 26, 28, 25, 29, 11], [1, 2, 3, 4, 5, 6, 7, 8, 9, 10, 23, 12, 13, 14, 15, 16, 17, 18, 19, 20, 21, 27, 30, 24, 22, 26, 28, 25, 29, 11], [1, 2, 3, 4, 5, 6, 7, 8, 9, 10, 30, 12, 13, 14, 15, 16, 17, 18, 19, 20, 21, 27, 23, 24, 22, 26, 28, 25, 29, 11], [1, 2, 3, 4, 5, 6, 7, 8, 9, 10, 11, 12, 13, 14, 15, 16, 17, 18, 19, 20, 21, 27, 23, 24, 22, 26, 28, 25, 29, 30], [1, 2, 3, 4, 5, 6, 7, 8, 9, 10, 11, 12, 13, 14, 15, 16, 17, 18, 19, 20, 21, 22, 23, 24, 27, 26, 28, 25, 29, 30], [1, 2, 3, 4, 5, 6, 7, 8, 9, 10, 11, 12, 13, 14, 15, 16, 17, 18, 19, 20, 21, 22, 23, 24, 28, 26, 27, 25, 29, 30], [1, 2, 3, 4, 5, 6, 7, 8, 9, 10, 11, 12, 13, 14, 15, 16, 17, 18, 19, 20, 21, 22, 23, 24, 25, 26, 27, 28, 29, 30]], pos=[[10, 4, 27, 7, 21, 12, 22, 14, 3, 11, 30, 24, 13, 2, 16, 9, 1, 19, 17, 6, 26, 25, 20, 5, 28, 29, 8, 15, 18, 23], [1, 4, 27, 7, 21, 12, 22, 14, 3, 11, 30, 24, 13, 2, 16, 9, 10, 19, 17, 6, 26, 25, 20, 5, 28, 29, 8, 15, 18, 23], [1, 2, 27, 7, 21, 12, 22, 14, 3, 11, 30, 24, 13, 4, 16, 9, 10, 19, 17, 6, 26, 25, 20, 5, 28, 29, 8, 15, 18, 23], [1, 2, 27, 7, 21, 12, 22, 14, 9, 11, 30, 24, 13, 4, 16, 3, 10, 19, 17, 6, 26, 25, 20, 5, 28, 29, 8, 15, 18, 23], [1, 2, 27, 7, 21, 12, 22, 14, 9, 11, 30, 24, 13, 4, 3, 16, 10, 19, 17, 6, 26, 25, 20, 5, 28, 29, 8, 15, 18, 23], [1, 2, 27, 7, 21, 12, 22, 14, 9, 11, 30, 24, 13, 4, 15, 16, 10, 19, 17, 6, 26, 25, 20, 5, 28, 29, 8, 3, 18, 23], [1, 2, 3, 7, 21, 12, 22, 14, 9, 11, 30, 24, 13, 4, 15, 16, 10, 19, 17, 6, 26, 25, 20, 5, 28, 29, 8, 27, 18, 23], [1, 2, 3, 4, 21, 12, 22, 14, 9, 11, 30, 24, 13, 7, 15, 16, 10, 19, 17, 6, 26, 25, 20, 5, 28, 29, 8, 27, 18, 23], [1, 2, 3, 4, 5, 12, 22, 14, 9, 11, 30, 24, 13, 7, 15, 16, 10, 19, 17, 6, 26, 25, 20, 21, 28, 29, 8, 27, 18, 23], [1, 2, 3, 4, 5, 6, 22, 14, 9, 11, 30, 24, 13, 7, 15, 16, 10, 19, 17, 12, 26, 25, 20, 21, 28, 29, 8, 27, 18, 23], [1, 2, 3, 4, 5, 6, 22, 7, 9, 11, 30, 24, 13, 14, 15, 16, 10, 19, 17, 12, 26, 25, 20, 21, 28, 29, 8, 27, 18, 23], [1, 2, 3, 4, 5, 6, 22, 8, 9, 11, 30, 24, 13, 14, 15, 16, 10, 19, 17, 12, 26, 25, 20, 21, 28, 29, 7, 27, 18, 23], [1, 2, 3, 4, 5, 6, 7, 8, 9, 11, 30, 24, 13, 14, 15, 16, 10, 19, 17, 12, 26, 25, 20, 21, 28, 29, 22, 27, 18, 23], [1, 2, 3, 4, 5, 6, 7, 8, 9, 10, 30, 24, 13, 14, 15, 16, 11, 19, 17, 12, 26, 25, 20, 21, 28, 29, 22, 27, 18, 23], [1, 2, 3, 4, 5, 6, 7, 8, 9, 10, 30, 24, 13, 14, 15, 16, 17, 19, 11, 12, 26, 25, 20, 21, 28, 29, 22, 27, 18, 23], [1, 2, 3, 4, 5, 6, 7, 8, 9, 10, 30, 24, 13, 14, 15, 16, 17, 11, 19, 12, 26, 25, 20, 21, 28, 29, 22, 27, 18, 23], [1, 2, 3, 4, 5, 6, 7, 8, 9, 10, 30, 24, 13, 14, 15, 16, 17, 18, 19, 12, 26, 25, 20, 21, 28, 29, 22, 27, 11, 23], [1, 2, 3, 4, 5, 6, 7, 8, 9, 10, 30, 24, 13, 14, 15, 16, 17, 18, 19, 12, 26, 25, 20, 21, 28, 11, 22, 27, 29, 23], [1, 2, 3, 4, 5, 6, 7, 8, 9, 10, 30, 24, 13, 14, 15, 16, 17, 18, 19, 12, 11, 25, 20, 21, 28, 26, 22, 27, 29, 23], [1, 2, 3, 4, 5, 6, 7, 8, 9, 10, 30, 24, 13, 14, 15, 16, 17, 18, 19, 12, 21, 25, 20, 11, 28, 26, 22, 27, 29, 23], [1, 2, 3, 4, 5, 6, 7, 8, 9, 10, 30, 11, 13, 14, 15, 16, 17, 18, 19, 12, 21, 25, 20, 24, 28, 26, 22, 27, 29, 23], [1, 2, 3, 4, 5, 6, 7, 8, 9, 10, 30, 12, 13, 14, 15, 16, 17, 18, 19, 11, 21, 25, 20, 24, 28, 26, 22, 27, 29, 23], [1, 2, 3, 4, 5, 6, 7, 8, 9, 10, 30, 12, 13, 14, 15, 16, 17, 18, 19, 20, 21, 25, 11, 24, 28, 26, 22, 27, 29, 23], [1, 2, 3, 4, 5, 6, 7, 8, 9, 10, 30, 12, 13, 14, 15, 16, 17, 18, 19, 20, 21, 25, 23, 24, 28, 26, 22, 27, 29, 11], [1, 2, 3, 4, 5, 6, 7, 8, 9, 10, 11, 12, 13, 14, 15, 16, 17, 18, 19, 20, 21, 25, 23, 24, 28, 26, 22, 27, 29, 30], [1, 2, 3, 4, 5, 6, 7, 8, 9, 10, 11, 12, 13, 14, 15, 16, 17, 18, 19, 20, 21, 22, 23, 24, 28, 26, 25, 27, 29, 30], [1, 2, 3, 4, 5, 6, 7, 8, 9, 10, 11, 12, 13, 14, 15, 16, 17, 18, 19, 20, 21, 22, 23, 24, 28, 26, 27, 25, 29, 30], [1, 2, 3, 4, 5, 6, 7, 8, 9, 10, 11, 12, 13, 14, 15, 16, 17, 18, 19, 20, 21, 22, 23, 24, 25, 26, 27, 28, 29, 30]], idx1=[1, 2, 3, 3, 3, 3, 4, 5, 6, 7, 7, 7, 10, 11, 11, 11, 11, 11, 11, 11, 11, 11, 11, 11, 22, 25, 25], idx2=[10, 4, 9, 16, 15, 27, 7, 21, 12, 14, 8, 22, 11, 17, 19, 18, 29, 26, 21, 24, 12, 20, 23, 30, 25, 27, 28], _checker='')