============================================================
BENCHMARK ID: 27 | DIMENSIONE: 15 | STRATEGIA: firstfail_split
============================================================

Input Vector: [14, 1, 8, 9, 4, 5, 15, 13, 12, 2, 3, 7, 6, 11, 10]

STATO: RISOLTO
K: 14
TEMPO: 0.2640s
----------------------------------------
PIANO:
Solution(v=[[14, 1, 8, 9, 4, 5, 15, 13, 12, 2, 3, 7, 6, 11, 10], [1, 14, 8, 9, 4, 5, 15, 13, 12, 2, 3, 7, 6, 11, 10], [1, 2, 8, 9, 4, 5, 15, 13, 12, 14, 3, 7, 6, 11, 10], [1, 2, 13, 9, 4, 5, 15, 8, 12, 14, 3, 7, 6, 11, 10], [1, 2, 3, 9, 4, 5, 15, 8, 12, 14, 13, 7, 6, 11, 10], [1, 2, 3, 4, 9, 5, 15, 8, 12, 14, 13, 7, 6, 11, 10], [1, 2, 3, 4, 5, 9, 15, 8, 12, 14, 13, 7, 6, 11, 10], [1, 2, 3, 4, 5, 12, 15, 8, 9, 14, 13, 7, 6, 11, 10], [1, 2, 3, 4, 5, 7, 15, 8, 9, 14, 13, 12, 6, 11, 10], [1, 2, 3, 4, 5, 15, 7, 8, 9, 14, 13, 12, 6, 11, 10], [1, 2, 3, 4, 5, 6, 7, 8, 9, 14, 13, 12, 15, 11, 10], [1, 2, 3, 4, 5, 6, 7, 8, 9, 11, 13, 12, 15, 14, 10], [1, 2, 3, 4, 5, 6, 7, 8, 9, 13, 11, 12, 15, 14, 10], [1, 2, 3, 4, 5, 6, 7, 8, 9, 15, 11, 12, 13, 14, 10], [1, 2, 3, 4, 5, 6, 7, 8, 9, 10, 11, 12, 13, 14, 15]], pos=[[2, 10, 11, 5, 6, 13, 12, 3, 4, 15, 14, 9, 8, 1, 7], [1, 10, 11, 5, 6, 13, 12, 3, 4, 15, 14, 9, 8, 2, 7], [1, 2, 11, 5, 6, 13, 12, 3, 4, 15, 14, 9, 8, 10, 7], [1, 2, 11, 5, 6, 13, 12, 8, 4, 15, 14, 9, 3, 10, 7], [1, 2, 3, 5, 6, 13, 12, 8, 4, 15, 14, 9, 11, 10, 7], [1, 2, 3, 4, 6, 13, 12, 8, 5, 15, 14, 9, 11, 10, 7], [1, 2, 3, 4, 5, 13, 12, 8, 6, 15, 14, 9, 11, 10, 7], [1, 2, 3, 4, 5, 13, 12, 8, 9, 15, 14, 6, 11, 10, 7], [1, 2, 3, 4, 5, 13, 6, 8, 9, 15, 14, 12, 11, 10, 7], [1, 2, 3, 4, 5, 13, 7, 8, 9, 15, 14, 12, 11, 10, 6], [1, 2, 3, 4, 5, 6, 7, 8, 9, 15, 14, 12, 11, 10, 13], [1, 2, 3, 4, 5, 6, 7, 8, 9, 15, 10, 12, 11, 14, 13], [1, 2, 3, 4, 5, 6, 7, 8, 9, 15, 11, 12, 10, 14, 13], [1, 2, 3, 4, 5, 6, 7, 8, 9, 15, 11, 12, 13, 14, 10], [1, 2, 3, 4, 5, 6, 7, 8, 9, 10, 11, 12, 13, 14, 15]], idx1=[1, 2, 3, 3, 4, 5, 6, 6, 6, 6, 10, 10, 10, 10], idx2=[2, 10, 8, 11, 5, 6, 9, 12, 7, 13, 14, 11, 13, 15], _checker='')