============================================================
BENCHMARK ID: 49 | DIMENSIONE: 25 | STRATEGIA: firstfail_split
============================================================

Input Vector: [20, 2, 11, 21, 17, 15, 13, 12, 23, 16, 22, 6, 25, 19, 24, 10, 18, 8, 14, 9, 1, 7, 5, 4, 3]

STATO: RISOLTO
K: 20
TEMPO: 0.2380s
----------------------------------------
PIANO:
Solution(v=[[20, 2, 11, 21, 17, 15, 13, 12, 23, 16, 22, 6, 25, 19, 24, 10, 18, 8, 14, 9, 1, 7, 5, 4, 3], [9, 2, 11, 21, 17, 15, 13, 12, 23, 16, 22, 6, 25, 19, 24, 10, 18, 8, 14, 20, 1, 7, 5, 4, 3], [23, 2, 11, 21, 17, 15, 13, 12, 9, 16, 22, 6, 25, 19, 24, 10, 18, 8, 14, 20, 1, 7, 5, 4, 3], [1, 2, 11, 21, 17, 15, 13, 12, 9, 16, 22, 6, 25, 19, 24, 10, 18, 8, 14, 20, 23, 7, 5, 4, 3], [1, 2, 22, 21, 17, 15, 13, 12, 9, 16, 11, 6, 25, 19, 24, 10, 18, 8, 14, 20, 23, 7, 5, 4, 3], [1, 2, 7, 21, 17, 15, 13, 12, 9, 16, 11, 6, 25, 19, 24, 10, 18, 8, 14, 20, 23, 22, 5, 4, 3], [1, 2, 13, 21, 17, 15, 7, 12, 9, 16, 11, 6, 25, 19, 24, 10, 18, 8, 14, 20, 23, 22, 5, 4, 3], [1, 2, 25, 21, 17, 15, 7, 12, 9, 16, 11, 6, 13, 19, 24, 10, 18, 8, 14, 20, 23, 22, 5, 4, 3], [1, 2, 3, 21, 17, 15, 7, 12, 9, 16, 11, 6, 13, 19, 24, 10, 18, 8, 14, 20, 23, 22, 5, 4, 25], [1, 2, 3, 23, 17, 15, 7, 12, 9, 16, 11, 6, 13, 19, 24, 10, 18, 8, 14, 20, 21, 22, 5, 4, 25], [1, 2, 3, 5, 17, 15, 7, 12, 9, 16, 11, 6, 13, 19, 24, 10, 18, 8, 14, 20, 21, 22, 23, 4, 25], [1, 2, 3, 17, 5, 15, 7, 12, 9, 16, 11, 6, 13, 19, 24, 10, 18, 8, 14, 20, 21, 22, 23, 4, 25], [1, 2, 3, 18, 5, 15, 7, 12, 9, 16, 11, 6, 13, 19, 24, 10, 17, 8, 14, 20, 21, 22, 23, 4, 25], [1, 2, 3, 8, 5, 15, 7, 12, 9, 16, 11, 6, 13, 19, 24, 10, 17, 18, 14, 20, 21, 22, 23, 4, 25], [1, 2, 3, 12, 5, 15, 7, 8, 9, 16, 11, 6, 13, 19, 24, 10, 17, 18, 14, 20, 21, 22, 23, 4, 25], [1, 2, 3, 6, 5, 15, 7, 8, 9, 16, 11, 12, 13, 19, 24, 10, 17, 18, 14, 20, 21, 22, 23, 4, 25], [1, 2, 3, 15, 5, 6, 7, 8, 9, 16, 11, 12, 13, 19, 24, 10, 17, 18, 14, 20, 21, 22, 23, 4, 25], [1, 2, 3, 24, 5, 6, 7, 8, 9, 16, 11, 12, 13, 19, 15, 10, 17, 18, 14, 20, 21, 22, 23, 4, 25], [1, 2, 3, 4, 5, 6, 7, 8, 9, 16, 11, 12, 13, 19, 15, 10, 17, 18, 14, 20, 21, 22, 23, 24, 25], [1, 2, 3, 4, 5, 6, 7, 8, 9, 10, 11, 12, 13, 19, 15, 16, 17, 18, 14, 20, 21, 22, 23, 24, 25], [1, 2, 3, 4, 5, 6, 7, 8, 9, 10, 11, 12, 13, 14, 15, 16, 17, 18, 19, 20, 21, 22, 23, 24, 25]], pos=[[21, 2, 25, 24, 23, 12, 22, 18, 20, 16, 3, 8, 7, 19, 6, 10, 5, 17, 14, 1, 4, 11, 9, 15, 13], [21, 2, 25, 24, 23, 12, 22, 18, 1, 16, 3, 8, 7, 19, 6, 10, 5, 17, 14, 20, 4, 11, 9, 15, 13], [21, 2, 25, 24, 23, 12, 22, 18, 9, 16, 3, 8, 7, 19, 6, 10, 5, 17, 14, 20, 4, 11, 1, 15, 13], [1, 2, 25, 24, 23, 12, 22, 18, 9, 16, 3, 8, 7, 19, 6, 10, 5, 17, 14, 20, 4, 11, 21, 15, 13], [1, 2, 25, 24, 23, 12, 22, 18, 9, 16, 11, 8, 7, 19, 6, 10, 5, 17, 14, 20, 4, 3, 21, 15, 13], [1, 2, 25, 24, 23, 12, 3, 18, 9, 16, 11, 8, 7, 19, 6, 10, 5, 17, 14, 20, 4, 22, 21, 15, 13], [1, 2, 25, 24, 23, 12, 7, 18, 9, 16, 11, 8, 3, 19, 6, 10, 5, 17, 14, 20, 4, 22, 21, 15, 13], [1, 2, 25, 24, 23, 12, 7, 18, 9, 16, 11, 8, 13, 19, 6, 10, 5, 17, 14, 20, 4, 22, 21, 15, 3], [1, 2, 3, 24, 23, 12, 7, 18, 9, 16, 11, 8, 13, 19, 6, 10, 5, 17, 14, 20, 4, 22, 21, 15, 25], [1, 2, 3, 24, 23, 12, 7, 18, 9, 16, 11, 8, 13, 19, 6, 10, 5, 17, 14, 20, 21, 22, 4, 15, 25], [1, 2, 3, 24, 4, 12, 7, 18, 9, 16, 11, 8, 13, 19, 6, 10, 5, 17, 14, 20, 21, 22, 23, 15, 25], [1, 2, 3, 24, 5, 12, 7, 18, 9, 16, 11, 8, 13, 19, 6, 10, 4, 17, 14, 20, 21, 22, 23, 15, 25], [1, 2, 3, 24, 5, 12, 7, 18, 9, 16, 11, 8, 13, 19, 6, 10, 17, 4, 14, 20, 21, 22, 23, 15, 25], [1, 2, 3, 24, 5, 12, 7, 4, 9, 16, 11, 8, 13, 19, 6, 10, 17, 18, 14, 20, 21, 22, 23, 15, 25], [1, 2, 3, 24, 5, 12, 7, 8, 9, 16, 11, 4, 13, 19, 6, 10, 17, 18, 14, 20, 21, 22, 23, 15, 25], [1, 2, 3, 24, 5, 4, 7, 8, 9, 16, 11, 12, 13, 19, 6, 10, 17, 18, 14, 20, 21, 22, 23, 15, 25], [1, 2, 3, 24, 5, 6, 7, 8, 9, 16, 11, 12, 13, 19, 4, 10, 17, 18, 14, 20, 21, 22, 23, 15, 25], [1, 2, 3, 24, 5, 6, 7, 8, 9, 16, 11, 12, 13, 19, 15, 10, 17, 18, 14, 20, 21, 22, 23, 4, 25], [1, 2, 3, 4, 5, 6, 7, 8, 9, 16, 11, 12, 13, 19, 15, 10, 17, 18, 14, 20, 21, 22, 23, 24, 25], [1, 2, 3, 4, 5, 6, 7, 8, 9, 10, 11, 12, 13, 19, 15, 16, 17, 18, 14, 20, 21, 22, 23, 24, 25], [1, 2, 3, 4, 5, 6, 7, 8, 9, 10, 11, 12, 13, 14, 15, 16, 17, 18, 19, 20, 21, 22, 23, 24, 25]], idx1=[1, 1, 1, 3, 3, 3, 3, 3, 4, 4, 4, 4, 4, 4, 4, 4, 4, 4, 10, 14], idx2=[20, 9, 21, 11, 22, 7, 13, 25, 21, 23, 5, 17, 18, 8, 12, 6, 15, 24, 16, 19], _checker='')