============================================================
BENCHMARK ID: 36 | DIMENSIONE: 20 | STRATEGIA: firstfail_split
============================================================

Input Vector: [13, 20, 1, 15, 5, 19, 6, 18, 3, 14, 16, 12, 10, 7, 4, 9, 2, 11, 8, 17]

STATO: RISOLTO
K: 15
TEMPO: 0.2770s
----------------------------------------
PIANO:
Solution(v=[[13, 20, 1, 15, 5, 19, 6, 18, 3, 14, 16, 12, 10, 7, 4, 9, 2, 11, 8, 17], [1, 20, 13, 15, 5, 19, 6, 18, 3, 14, 16, 12, 10, 7, 4, 9, 2, 11, 8, 17], [1, 2, 13, 15, 5, 19, 6, 18, 3, 14, 16, 12, 10, 7, 4, 9, 20, 11, 8, 17], [1, 2, 3, 15, 5, 19, 6, 18, 13, 14, 16, 12, 10, 7, 4, 9, 20, 11, 8, 17], [1, 2, 3, 4, 5, 19, 6, 18, 13, 14, 16, 12, 10, 7, 15, 9, 20, 11, 8, 17], [1, 2, 3, 4, 5, 6, 19, 18, 13, 14, 16, 12, 10, 7, 15, 9, 20, 11, 8, 17], [1, 2, 3, 4, 5, 6, 7, 18, 13, 14, 16, 12, 10, 19, 15, 9, 20, 11, 8, 17], [1, 2, 3, 4, 5, 6, 7, 11, 13, 14, 16, 12, 10, 19, 15, 9, 20, 18, 8, 17], [1, 2, 3, 4, 5, 6, 7, 16, 13, 14, 11, 12, 10, 19, 15, 9, 20, 18, 8, 17], [1, 2, 3, 4, 5, 6, 7, 9, 13, 14, 11, 12, 10, 19, 15, 16, 20, 18, 8, 17], [1, 2, 3, 4, 5, 6, 7, 13, 9, 14, 11, 12, 10, 19, 15, 16, 20, 18, 8, 17], [1, 2, 3, 4, 5, 6, 7, 10, 9, 14, 11, 12, 13, 19, 15, 16, 20, 18, 8, 17], [1, 2, 3, 4, 5, 6, 7, 14, 9, 10, 11, 12, 13, 19, 15, 16, 20, 18, 8, 17], [1, 2, 3, 4, 5, 6, 7, 19, 9, 10, 11, 12, 13, 14, 15, 16, 20, 18, 8, 17], [1, 2, 3, 4, 5, 6, 7, 8, 9, 10, 11, 12, 13, 14, 15, 16, 20, 18, 19, 17], [1, 2, 3, 4, 5, 6, 7, 8, 9, 10, 11, 12, 13, 14, 15, 16, 17, 18, 19, 20]], pos=[[3, 17, 9, 15, 5, 7, 14, 19, 16, 13, 18, 12, 1, 10, 4, 11, 20, 8, 6, 2], [1, 17, 9, 15, 5, 7, 14, 19, 16, 13, 18, 12, 3, 10, 4, 11, 20, 8, 6, 2], [1, 2, 9, 15, 5, 7, 14, 19, 16, 13, 18, 12, 3, 10, 4, 11, 20, 8, 6, 17], [1, 2, 3, 15, 5, 7, 14, 19, 16, 13, 18, 12, 9, 10, 4, 11, 20, 8, 6, 17], [1, 2, 3, 4, 5, 7, 14, 19, 16, 13, 18, 12, 9, 10, 15, 11, 20, 8, 6, 17], [1, 2, 3, 4, 5, 6, 14, 19, 16, 13, 18, 12, 9, 10, 15, 11, 20, 8, 7, 17], [1, 2, 3, 4, 5, 6, 7, 19, 16, 13, 18, 12, 9, 10, 15, 11, 20, 8, 14, 17], [1, 2, 3, 4, 5, 6, 7, 19, 16, 13, 8, 12, 9, 10, 15, 11, 20, 18, 14, 17], [1, 2, 3, 4, 5, 6, 7, 19, 16, 13, 11, 12, 9, 10, 15, 8, 20, 18, 14, 17], [1, 2, 3, 4, 5, 6, 7, 19, 8, 13, 11, 12, 9, 10, 15, 16, 20, 18, 14, 17], [1, 2, 3, 4, 5, 6, 7, 19, 9, 13, 11, 12, 8, 10, 15, 16, 20, 18, 14, 17], [1, 2, 3, 4, 5, 6, 7, 19, 9, 8, 11, 12, 13, 10, 15, 16, 20, 18, 14, 17], [1, 2, 3, 4, 5, 6, 7, 19, 9, 10, 11, 12, 13, 8, 15, 16, 20, 18, 14, 17], [1, 2, 3, 4, 5, 6, 7, 19, 9, 10, 11, 12, 13, 14, 15, 16, 20, 18, 8, 17], [1, 2, 3, 4, 5, 6, 7, 8, 9, 10, 11, 12, 13, 14, 15, 16, 20, 18, 19, 17], [1, 2, 3, 4, 5, 6, 7, 8, 9, 10, 11, 12, 13, 14, 15, 16, 17, 18, 19, 20]], idx1=[1, 2, 3, 4, 6, 7, 8, 8, 8, 8, 8, 8, 8, 8, 17], idx2=[3, 17, 9, 15, 7, 14, 18, 11, 16, 9, 13, 10, 14, 19, 20], _checker='')