============================================================
BENCHMARK ID: 21 | DIMENSIONE: 15 | STRATEGIA: firstfail_split
============================================================

Input Vector: [1, 6, 13, 4, 5, 15, 12, 14, 9, 11, 3, 7, 2, 10, 8]

STATO: RISOLTO
K: 9
TEMPO: 0.3250s
----------------------------------------
PIANO:
Solution(v=[[1, 6, 13, 4, 5, 15, 12, 14, 9, 11, 3, 7, 2, 10, 8], [1, 15, 13, 4, 5, 6, 12, 14, 9, 11, 3, 7, 2, 10, 8], [1, 2, 13, 4, 5, 6, 12, 14, 9, 11, 3, 7, 15, 10, 8], [1, 2, 3, 4, 5, 6, 12, 14, 9, 11, 13, 7, 15, 10, 8], [1, 2, 3, 4, 5, 6, 7, 14, 9, 11, 13, 12, 15, 10, 8], [1, 2, 3, 4, 5, 6, 7, 10, 9, 11, 13, 12, 15, 14, 8], [1, 2, 3, 4, 5, 6, 7, 11, 9, 10, 13, 12, 15, 14, 8], [1, 2, 3, 4, 5, 6, 7, 13, 9, 10, 11, 12, 15, 14, 8], [1, 2, 3, 4, 5, 6, 7, 15, 9, 10, 11, 12, 13, 14, 8], [1, 2, 3, 4, 5, 6, 7, 8, 9, 10, 11, 12, 13, 14, 15]], pos=[[1, 13, 11, 4, 5, 2, 12, 15, 9, 14, 10, 7, 3, 8, 6], [1, 13, 11, 4, 5, 6, 12, 15, 9, 14, 10, 7, 3, 8, 2], [1, 2, 11, 4, 5, 6, 12, 15, 9, 14, 10, 7, 3, 8, 13], [1, 2, 3, 4, 5, 6, 12, 15, 9, 14, 10, 7, 11, 8, 13], [1, 2, 3, 4, 5, 6, 7, 15, 9, 14, 10, 12, 11, 8, 13], [1, 2, 3, 4, 5, 6, 7, 15, 9, 8, 10, 12, 11, 14, 13], [1, 2, 3, 4, 5, 6, 7, 15, 9, 10, 8, 12, 11, 14, 13], [1, 2, 3, 4, 5, 6, 7, 15, 9, 10, 11, 12, 8, 14, 13], [1, 2, 3, 4, 5, 6, 7, 15, 9, 10, 11, 12, 13, 14, 8], [1, 2, 3, 4, 5, 6, 7, 8, 9, 10, 11, 12, 13, 14, 15]], idx1=[2, 2, 3, 7, 8, 8, 8, 8, 8], idx2=[6, 13, 11, 12, 14, 10, 11, 13, 15], _checker='')