============================================================
BENCHMARK ID: 35 | DIMENSIONE: 20 | STRATEGIA: firstfail_split
============================================================

Input Vector: [15, 13, 19, 2, 6, 17, 4, 8, 14, 16, 7, 11, 1, 3, 10, 12, 5, 20, 18, 9]

STATO: RISOLTO
K: 16
TEMPO: 0.2030s
----------------------------------------
PIANO:
Solution(v=[[15, 13, 19, 2, 6, 17, 4, 8, 14, 16, 7, 11, 1, 3, 10, 12, 5, 20, 18, 9], [1, 13, 19, 2, 6, 17, 4, 8, 14, 16, 7, 11, 15, 3, 10, 12, 5, 20, 18, 9], [1, 2, 19, 13, 6, 17, 4, 8, 14, 16, 7, 11, 15, 3, 10, 12, 5, 20, 18, 9], [1, 2, 3, 13, 6, 17, 4, 8, 14, 16, 7, 11, 15, 19, 10, 12, 5, 20, 18, 9], [1, 2, 3, 4, 6, 17, 13, 8, 14, 16, 7, 11, 15, 19, 10, 12, 5, 20, 18, 9], [1, 2, 3, 4, 17, 6, 13, 8, 14, 16, 7, 11, 15, 19, 10, 12, 5, 20, 18, 9], [1, 2, 3, 4, 5, 6, 13, 8, 14, 16, 7, 11, 15, 19, 10, 12, 17, 20, 18, 9], [1, 2, 3, 4, 5, 6, 7, 8, 14, 16, 13, 11, 15, 19, 10, 12, 17, 20, 18, 9], [1, 2, 3, 4, 5, 6, 7, 8, 19, 16, 13, 11, 15, 14, 10, 12, 17, 20, 18, 9], [1, 2, 3, 4, 5, 6, 7, 8, 18, 16, 13, 11, 15, 14, 10, 12, 17, 20, 19, 9], [1, 2, 3, 4, 5, 6, 7, 8, 20, 16, 13, 11, 15, 14, 10, 12, 17, 18, 19, 9], [1, 2, 3, 4, 5, 6, 7, 8, 9, 16, 13, 11, 15, 14, 10, 12, 17, 18, 19, 20], [1, 2, 3, 4, 5, 6, 7, 8, 9, 10, 13, 11, 15, 14, 16, 12, 17, 18, 19, 20], [1, 2, 3, 4, 5, 6, 7, 8, 9, 10, 11, 13, 15, 14, 16, 12, 17, 18, 19, 20], [1, 2, 3, 4, 5, 6, 7, 8, 9, 10, 11, 15, 13, 14, 16, 12, 17, 18, 19, 20], [1, 2, 3, 4, 5, 6, 7, 8, 9, 10, 11, 16, 13, 14, 15, 12, 17, 18, 19, 20], [1, 2, 3, 4, 5, 6, 7, 8, 9, 10, 11, 12, 13, 14, 15, 16, 17, 18, 19, 20]], pos=[[13, 4, 14, 7, 17, 5, 11, 8, 20, 15, 12, 16, 2, 9, 1, 10, 6, 19, 3, 18], [1, 4, 14, 7, 17, 5, 11, 8, 20, 15, 12, 16, 2, 9, 13, 10, 6, 19, 3, 18], [1, 2, 14, 7, 17, 5, 11, 8, 20, 15, 12, 16, 4, 9, 13, 10, 6, 19, 3, 18], [1, 2, 3, 7, 17, 5, 11, 8, 20, 15, 12, 16, 4, 9, 13, 10, 6, 19, 14, 18], [1, 2, 3, 4, 17, 5, 11, 8, 20, 15, 12, 16, 7, 9, 13, 10, 6, 19, 14, 18], [1, 2, 3, 4, 17, 6, 11, 8, 20, 15, 12, 16, 7, 9, 13, 10, 5, 19, 14, 18], [1, 2, 3, 4, 5, 6, 11, 8, 20, 15, 12, 16, 7, 9, 13, 10, 17, 19, 14, 18], [1, 2, 3, 4, 5, 6, 7, 8, 20, 15, 12, 16, 11, 9, 13, 10, 17, 19, 14, 18], [1, 2, 3, 4, 5, 6, 7, 8, 20, 15, 12, 16, 11, 14, 13, 10, 17, 19, 9, 18], [1, 2, 3, 4, 5, 6, 7, 8, 20, 15, 12, 16, 11, 14, 13, 10, 17, 9, 19, 18], [1, 2, 3, 4, 5, 6, 7, 8, 20, 15, 12, 16, 11, 14, 13, 10, 17, 18, 19, 9], [1, 2, 3, 4, 5, 6, 7, 8, 9, 15, 12, 16, 11, 14, 13, 10, 17, 18, 19, 20], [1, 2, 3, 4, 5, 6, 7, 8, 9, 10, 12, 16, 11, 14, 13, 15, 17, 18, 19, 20], [1, 2, 3, 4, 5, 6, 7, 8, 9, 10, 11, 16, 12, 14, 13, 15, 17, 18, 19, 20], [1, 2, 3, 4, 5, 6, 7, 8, 9, 10, 11, 16, 13, 14, 12, 15, 17, 18, 19, 20], [1, 2, 3, 4, 5, 6, 7, 8, 9, 10, 11, 16, 13, 14, 15, 12, 17, 18, 19, 20], [1, 2, 3, 4, 5, 6, 7, 8, 9, 10, 11, 12, 13, 14, 15, 16, 17, 18, 19, 20]], idx1=[1, 2, 3, 4, 5, 5, 7, 9, 9, 9, 9, 10, 11, 12, 12, 12], idx2=[13, 4, 14, 7, 6, 17, 11, 14, 19, 18, 20, 15, 12, 13, 15, 16], _checker='')