============================================================
BENCHMARK ID: 29 | DIMENSIONE: 15 | STRATEGIA: firstfail_split
============================================================

Input Vector: [11, 2, 1, 12, 6, 15, 4, 8, 5, 9, 13, 14, 3, 10, 7]

STATO: RISOLTO
K: 11
TEMPO: 0.2630s
----------------------------------------
PIANO:
Solution(v=[[11, 2, 1, 12, 6, 15, 4, 8, 5, 9, 13, 14, 3, 10, 7], [1, 2, 11, 12, 6, 15, 4, 8, 5, 9, 13, 14, 3, 10, 7], [1, 2, 13, 12, 6, 15, 4, 8, 5, 9, 11, 14, 3, 10, 7], [1, 2, 3, 12, 6, 15, 4, 8, 5, 9, 11, 14, 13, 10, 7], [1, 2, 3, 4, 6, 15, 12, 8, 5, 9, 11, 14, 13, 10, 7], [1, 2, 3, 4, 15, 6, 12, 8, 5, 9, 11, 14, 13, 10, 7], [1, 2, 3, 4, 5, 6, 12, 8, 15, 9, 11, 14, 13, 10, 7], [1, 2, 3, 4, 5, 6, 14, 8, 15, 9, 11, 12, 13, 10, 7], [1, 2, 3, 4, 5, 6, 10, 8, 15, 9, 11, 12, 13, 14, 7], [1, 2, 3, 4, 5, 6, 9, 8, 15, 10, 11, 12, 13, 14, 7], [1, 2, 3, 4, 5, 6, 15, 8, 9, 10, 11, 12, 13, 14, 7], [1, 2, 3, 4, 5, 6, 7, 8, 9, 10, 11, 12, 13, 14, 15]], pos=[[3, 2, 13, 7, 9, 5, 15, 8, 10, 14, 1, 4, 11, 12, 6], [1, 2, 13, 7, 9, 5, 15, 8, 10, 14, 3, 4, 11, 12, 6], [1, 2, 13, 7, 9, 5, 15, 8, 10, 14, 11, 4, 3, 12, 6], [1, 2, 3, 7, 9, 5, 15, 8, 10, 14, 11, 4, 13, 12, 6], [1, 2, 3, 4, 9, 5, 15, 8, 10, 14, 11, 7, 13, 12, 6], [1, 2, 3, 4, 9, 6, 15, 8, 10, 14, 11, 7, 13, 12, 5], [1, 2, 3, 4, 5, 6, 15, 8, 10, 14, 11, 7, 13, 12, 9], [1, 2, 3, 4, 5, 6, 15, 8, 10, 14, 11, 12, 13, 7, 9], [1, 2, 3, 4, 5, 6, 15, 8, 10, 7, 11, 12, 13, 14, 9], [1, 2, 3, 4, 5, 6, 15, 8, 7, 10, 11, 12, 13, 14, 9], [1, 2, 3, 4, 5, 6, 15, 8, 9, 10, 11, 12, 13, 14, 7], [1, 2, 3, 4, 5, 6, 7, 8, 9, 10, 11, 12, 13, 14, 15]], idx1=[1, 3, 3, 4, 5, 5, 7, 7, 7, 7, 7], idx2=[3, 11, 13, 7, 6, 9, 12, 14, 10, 9, 15], _checker='')