============================================================
BENCHMARK ID: 41 | DIMENSIONE: 25 | STRATEGIA: firstfail_split
============================================================

Input Vector: [4, 5, 14, 20, 18, 12, 9, 6, 3, 10, 21, 23, 15, 16, 1, 8, 11, 17, 2, 24, 7, 22, 19, 13, 25]

STATO: RISOLTO
K: 20
TEMPO: 0.2240s
----------------------------------------
PIANO:
Solution(v=[[4, 5, 14, 20, 18, 12, 9, 6, 3, 10, 21, 23, 15, 16, 1, 8, 11, 17, 2, 24, 7, 22, 19, 13, 25], [20, 5, 14, 4, 18, 12, 9, 6, 3, 10, 21, 23, 15, 16, 1, 8, 11, 17, 2, 24, 7, 22, 19, 13, 25], [1, 5, 14, 4, 18, 12, 9, 6, 3, 10, 21, 23, 15, 16, 20, 8, 11, 17, 2, 24, 7, 22, 19, 13, 25], [1, 18, 14, 4, 5, 12, 9, 6, 3, 10, 21, 23, 15, 16, 20, 8, 11, 17, 2, 24, 7, 22, 19, 13, 25], [1, 17, 14, 4, 5, 12, 9, 6, 3, 10, 21, 23, 15, 16, 20, 8, 11, 18, 2, 24, 7, 22, 19, 13, 25], [1, 11, 14, 4, 5, 12, 9, 6, 3, 10, 21, 23, 15, 16, 20, 8, 17, 18, 2, 24, 7, 22, 19, 13, 25], [1, 21, 14, 4, 5, 12, 9, 6, 3, 10, 11, 23, 15, 16, 20, 8, 17, 18, 2, 24, 7, 22, 19, 13, 25], [1, 2, 14, 4, 5, 12, 9, 6, 3, 10, 11, 23, 15, 16, 20, 8, 17, 18, 21, 24, 7, 22, 19, 13, 25], [1, 2, 3, 4, 5, 12, 9, 6, 14, 10, 11, 23, 15, 16, 20, 8, 17, 18, 21, 24, 7, 22, 19, 13, 25], [1, 2, 3, 4, 5, 6, 9, 12, 14, 10, 11, 23, 15, 16, 20, 8, 17, 18, 21, 24, 7, 22, 19, 13, 25], [1, 2, 3, 4, 5, 6, 14, 12, 9, 10, 11, 23, 15, 16, 20, 8, 17, 18, 21, 24, 7, 22, 19, 13, 25], [1, 2, 3, 4, 5, 6, 16, 12, 9, 10, 11, 23, 15, 14, 20, 8, 17, 18, 21, 24, 7, 22, 19, 13, 25], [1, 2, 3, 4, 5, 6, 8, 12, 9, 10, 11, 23, 15, 14, 20, 16, 17, 18, 21, 24, 7, 22, 19, 13, 25], [1, 2, 3, 4, 5, 6, 12, 8, 9, 10, 11, 23, 15, 14, 20, 16, 17, 18, 21, 24, 7, 22, 19, 13, 25], [1, 2, 3, 4, 5, 6, 23, 8, 9, 10, 11, 12, 15, 14, 20, 16, 17, 18, 21, 24, 7, 22, 19, 13, 25], [1, 2, 3, 4, 5, 6, 7, 8, 9, 10, 11, 12, 15, 14, 20, 16, 17, 18, 21, 24, 23, 22, 19, 13, 25], [1, 2, 3, 4, 5, 6, 7, 8, 9, 10, 11, 12, 20, 14, 15, 16, 17, 18, 21, 24, 23, 22, 19, 13, 25], [1, 2, 3, 4, 5, 6, 7, 8, 9, 10, 11, 12, 24, 14, 15, 16, 17, 18, 21, 20, 23, 22, 19, 13, 25], [1, 2, 3, 4, 5, 6, 7, 8, 9, 10, 11, 12, 13, 14, 15, 16, 17, 18, 21, 20, 23, 22, 19, 24, 25], [1, 2, 3, 4, 5, 6, 7, 8, 9, 10, 11, 12, 13, 14, 15, 16, 17, 18, 23, 20, 21, 22, 19, 24, 25], [1, 2, 3, 4, 5, 6, 7, 8, 9, 10, 11, 12, 13, 14, 15, 16, 17, 18, 19, 20, 21, 22, 23, 24, 25]], pos=[[15, 19, 9, 1, 2, 8, 21, 16, 7, 10, 17, 6, 24, 3, 13, 14, 18, 5, 23, 4, 11, 22, 12, 20, 25], [15, 19, 9, 4, 2, 8, 21, 16, 7, 10, 17, 6, 24, 3, 13, 14, 18, 5, 23, 1, 11, 22, 12, 20, 25], [1, 19, 9, 4, 2, 8, 21, 16, 7, 10, 17, 6, 24, 3, 13, 14, 18, 5, 23, 15, 11, 22, 12, 20, 25], [1, 19, 9, 4, 5, 8, 21, 16, 7, 10, 17, 6, 24, 3, 13, 14, 18, 2, 23, 15, 11, 22, 12, 20, 25], [1, 19, 9, 4, 5, 8, 21, 16, 7, 10, 17, 6, 24, 3, 13, 14, 2, 18, 23, 15, 11, 22, 12, 20, 25], [1, 19, 9, 4, 5, 8, 21, 16, 7, 10, 2, 6, 24, 3, 13, 14, 17, 18, 23, 15, 11, 22, 12, 20, 25], [1, 19, 9, 4, 5, 8, 21, 16, 7, 10, 11, 6, 24, 3, 13, 14, 17, 18, 23, 15, 2, 22, 12, 20, 25], [1, 2, 9, 4, 5, 8, 21, 16, 7, 10, 11, 6, 24, 3, 13, 14, 17, 18, 23, 15, 19, 22, 12, 20, 25], [1, 2, 3, 4, 5, 8, 21, 16, 7, 10, 11, 6, 24, 9, 13, 14, 17, 18, 23, 15, 19, 22, 12, 20, 25], [1, 2, 3, 4, 5, 6, 21, 16, 7, 10, 11, 8, 24, 9, 13, 14, 17, 18, 23, 15, 19, 22, 12, 20, 25], [1, 2, 3, 4, 5, 6, 21, 16, 9, 10, 11, 8, 24, 7, 13, 14, 17, 18, 23, 15, 19, 22, 12, 20, 25], [1, 2, 3, 4, 5, 6, 21, 16, 9, 10, 11, 8, 24, 14, 13, 7, 17, 18, 23, 15, 19, 22, 12, 20, 25], [1, 2, 3, 4, 5, 6, 21, 7, 9, 10, 11, 8, 24, 14, 13, 16, 17, 18, 23, 15, 19, 22, 12, 20, 25], [1, 2, 3, 4, 5, 6, 21, 8, 9, 10, 11, 7, 24, 14, 13, 16, 17, 18, 23, 15, 19, 22, 12, 20, 25], [1, 2, 3, 4, 5, 6, 21, 8, 9, 10, 11, 12, 24, 14, 13, 16, 17, 18, 23, 15, 19, 22, 7, 20, 25], [1, 2, 3, 4, 5, 6, 7, 8, 9, 10, 11, 12, 24, 14, 13, 16, 17, 18, 23, 15, 19, 22, 21, 20, 25], [1, 2, 3, 4, 5, 6, 7, 8, 9, 10, 11, 12, 24, 14, 15, 16, 17, 18, 23, 13, 19, 22, 21, 20, 25], [1, 2, 3, 4, 5, 6, 7, 8, 9, 10, 11, 12, 24, 14, 15, 16, 17, 18, 23, 20, 19, 22, 21, 13, 25], [1, 2, 3, 4, 5, 6, 7, 8, 9, 10, 11, 12, 13, 14, 15, 16, 17, 18, 23, 20, 19, 22, 21, 24, 25], [1, 2, 3, 4, 5, 6, 7, 8, 9, 10, 11, 12, 13, 14, 15, 16, 17, 18, 23, 20, 21, 22, 19, 24, 25], [1, 2, 3, 4, 5, 6, 7, 8, 9, 10, 11, 12, 13, 14, 15, 16, 17, 18, 19, 20, 21, 22, 23, 24, 25]], idx1=[1, 1, 2, 2, 2, 2, 2, 3, 6, 7, 7, 7, 7, 7, 7, 13, 13, 13, 19, 19], idx2=[4, 15, 5, 18, 17, 11, 19, 9, 8, 9, 14, 16, 8, 12, 21, 15, 20, 24, 21, 23], _checker='')