============================================================
BENCHMARK ID: 46 | DIMENSIONE: 25 | STRATEGIA: firstfail_split
============================================================

Input Vector: [7, 16, 24, 23, 5, 22, 15, 12, 14, 1, 10, 18, 8, 3, 13, 20, 9, 6, 2, 21, 17, 4, 19, 11, 25]

STATO: RISOLTO
K: 22
TEMPO: 0.2180s
----------------------------------------
PIANO:
Solution(v=[[7, 16, 24, 23, 5, 22, 15, 12, 14, 1, 10, 18, 8, 3, 13, 20, 9, 6, 2, 21, 17, 4, 19, 11, 25], [15, 16, 24, 23, 5, 22, 7, 12, 14, 1, 10, 18, 8, 3, 13, 20, 9, 6, 2, 21, 17, 4, 19, 11, 25], [1, 16, 24, 23, 5, 22, 7, 12, 14, 15, 10, 18, 8, 3, 13, 20, 9, 6, 2, 21, 17, 4, 19, 11, 25], [1, 20, 24, 23, 5, 22, 7, 12, 14, 15, 10, 18, 8, 3, 13, 16, 9, 6, 2, 21, 17, 4, 19, 11, 25], [1, 2, 24, 23, 5, 22, 7, 12, 14, 15, 10, 18, 8, 3, 13, 16, 9, 6, 20, 21, 17, 4, 19, 11, 25], [1, 2, 3, 23, 5, 22, 7, 12, 14, 15, 10, 18, 8, 24, 13, 16, 9, 6, 20, 21, 17, 4, 19, 11, 25], [1, 2, 3, 4, 5, 22, 7, 12, 14, 15, 10, 18, 8, 24, 13, 16, 9, 6, 20, 21, 17, 23, 19, 11, 25], [1, 2, 3, 4, 5, 6, 7, 12, 14, 15, 10, 18, 8, 24, 13, 16, 9, 22, 20, 21, 17, 23, 19, 11, 25], [1, 2, 3, 4, 5, 6, 7, 18, 14, 15, 10, 12, 8, 24, 13, 16, 9, 22, 20, 21, 17, 23, 19, 11, 25], [1, 2, 3, 4, 5, 6, 7, 8, 14, 15, 10, 12, 18, 24, 13, 16, 9, 22, 20, 21, 17, 23, 19, 11, 25], [1, 2, 3, 4, 5, 6, 7, 8, 24, 15, 10, 12, 18, 14, 13, 16, 9, 22, 20, 21, 17, 23, 19, 11, 25], [1, 2, 3, 4, 5, 6, 7, 8, 9, 15, 10, 12, 18, 14, 13, 16, 24, 22, 20, 21, 17, 23, 19, 11, 25], [1, 2, 3, 4, 5, 6, 7, 8, 9, 10, 15, 12, 18, 14, 13, 16, 24, 22, 20, 21, 17, 23, 19, 11, 25], [1, 2, 3, 4, 5, 6, 7, 8, 9, 10, 13, 12, 18, 14, 15, 16, 24, 22, 20, 21, 17, 23, 19, 11, 25], [1, 2, 3, 4, 5, 6, 7, 8, 9, 10, 18, 12, 13, 14, 15, 16, 24, 22, 20, 21, 17, 23, 19, 11, 25], [1, 2, 3, 4, 5, 6, 7, 8, 9, 10, 22, 12, 13, 14, 15, 16, 24, 18, 20, 21, 17, 23, 19, 11, 25], [1, 2, 3, 4, 5, 6, 7, 8, 9, 10, 23, 12, 13, 14, 15, 16, 24, 18, 20, 21, 17, 22, 19, 11, 25], [1, 2, 3, 4, 5, 6, 7, 8, 9, 10, 19, 12, 13, 14, 15, 16, 24, 18, 20, 21, 17, 22, 23, 11, 25], [1, 2, 3, 4, 5, 6, 7, 8, 9, 10, 20, 12, 13, 14, 15, 16, 24, 18, 19, 21, 17, 22, 23, 11, 25], [1, 2, 3, 4, 5, 6, 7, 8, 9, 10, 21, 12, 13, 14, 15, 16, 24, 18, 19, 20, 17, 22, 23, 11, 25], [1, 2, 3, 4, 5, 6, 7, 8, 9, 10, 17, 12, 13, 14, 15, 16, 24, 18, 19, 20, 21, 22, 23, 11, 25], [1, 2, 3, 4, 5, 6, 7, 8, 9, 10, 24, 12, 13, 14, 15, 16, 17, 18, 19, 20, 21, 22, 23, 11, 25], [1, 2, 3, 4, 5, 6, 7, 8, 9, 10, 11, 12, 13, 14, 15, 16, 17, 18, 19, 20, 21, 22, 23, 24, 25]], pos=[[10, 19, 14, 22, 5, 18, 1, 13, 17, 11, 24, 8, 15, 9, 7, 2, 21, 12, 23, 16, 20, 6, 4, 3, 25], [10, 19, 14, 22, 5, 18, 7, 13, 17, 11, 24, 8, 15, 9, 1, 2, 21, 12, 23, 16, 20, 6, 4, 3, 25], [1, 19, 14, 22, 5, 18, 7, 13, 17, 11, 24, 8, 15, 9, 10, 2, 21, 12, 23, 16, 20, 6, 4, 3, 25], [1, 19, 14, 22, 5, 18, 7, 13, 17, 11, 24, 8, 15, 9, 10, 16, 21, 12, 23, 2, 20, 6, 4, 3, 25], [1, 2, 14, 22, 5, 18, 7, 13, 17, 11, 24, 8, 15, 9, 10, 16, 21, 12, 23, 19, 20, 6, 4, 3, 25], [1, 2, 3, 22, 5, 18, 7, 13, 17, 11, 24, 8, 15, 9, 10, 16, 21, 12, 23, 19, 20, 6, 4, 14, 25], [1, 2, 3, 4, 5, 18, 7, 13, 17, 11, 24, 8, 15, 9, 10, 16, 21, 12, 23, 19, 20, 6, 22, 14, 25], [1, 2, 3, 4, 5, 6, 7, 13, 17, 11, 24, 8, 15, 9, 10, 16, 21, 12, 23, 19, 20, 18, 22, 14, 25], [1, 2, 3, 4, 5, 6, 7, 13, 17, 11, 24, 12, 15, 9, 10, 16, 21, 8, 23, 19, 20, 18, 22, 14, 25], [1, 2, 3, 4, 5, 6, 7, 8, 17, 11, 24, 12, 15, 9, 10, 16, 21, 13, 23, 19, 20, 18, 22, 14, 25], [1, 2, 3, 4, 5, 6, 7, 8, 17, 11, 24, 12, 15, 14, 10, 16, 21, 13, 23, 19, 20, 18, 22, 9, 25], [1, 2, 3, 4, 5, 6, 7, 8, 9, 11, 24, 12, 15, 14, 10, 16, 21, 13, 23, 19, 20, 18, 22, 17, 25], [1, 2, 3, 4, 5, 6, 7, 8, 9, 10, 24, 12, 15, 14, 11, 16, 21, 13, 23, 19, 20, 18, 22, 17, 25], [1, 2, 3, 4, 5, 6, 7, 8, 9, 10, 24, 12, 11, 14, 15, 16, 21, 13, 23, 19, 20, 18, 22, 17, 25], [1, 2, 3, 4, 5, 6, 7, 8, 9, 10, 24, 12, 13, 14, 15, 16, 21, 11, 23, 19, 20, 18, 22, 17, 25], [1, 2, 3, 4, 5, 6, 7, 8, 9, 10, 24, 12, 13, 14, 15, 16, 21, 18, 23, 19, 20, 11, 22, 17, 25], [1, 2, 3, 4, 5, 6, 7, 8, 9, 10, 24, 12, 13, 14, 15, 16, 21, 18, 23, 19, 20, 22, 11, 17, 25], [1, 2, 3, 4, 5, 6, 7, 8, 9, 10, 24, 12, 13, 14, 15, 16, 21, 18, 11, 19, 20, 22, 23, 17, 25], [1, 2, 3, 4, 5, 6, 7, 8, 9, 10, 24, 12, 13, 14, 15, 16, 21, 18, 19, 11, 20, 22, 23, 17, 25], [1, 2, 3, 4, 5, 6, 7, 8, 9, 10, 24, 12, 13, 14, 15, 16, 21, 18, 19, 20, 11, 22, 23, 17, 25], [1, 2, 3, 4, 5, 6, 7, 8, 9, 10, 24, 12, 13, 14, 15, 16, 11, 18, 19, 20, 21, 22, 23, 17, 25], [1, 2, 3, 4, 5, 6, 7, 8, 9, 10, 24, 12, 13, 14, 15, 16, 17, 18, 19, 20, 21, 22, 23, 11, 25], [1, 2, 3, 4, 5, 6, 7, 8, 9, 10, 11, 12, 13, 14, 15, 16, 17, 18, 19, 20, 21, 22, 23, 24, 25]], idx1=[1, 1, 2, 2, 3, 4, 6, 8, 8, 9, 9, 10, 11, 11, 11, 11, 11, 11, 11, 11, 11, 11], idx2=[7, 10, 16, 19, 14, 22, 18, 12, 13, 14, 17, 11, 15, 13, 18, 22, 23, 19, 20, 21, 17, 24], _checker='')