============================================================
BENCHMARK ID: 48 | DIMENSIONE: 25 | STRATEGIA: firstfail_split
============================================================

Input Vector: [4, 5, 15, 25, 2, 21, 23, 17, 19, 18, 14, 9, 16, 6, 12, 20, 1, 22, 8, 24, 10, 13, 11, 3, 7]

STATO: RISOLTO
K: 23
TEMPO: 0.2770s
----------------------------------------
PIANO:
Solution(v=[[4, 5, 15, 25, 2, 21, 23, 17, 19, 18, 14, 9, 16, 6, 12, 20, 1, 22, 8, 24, 10, 13, 11, 3, 7], [25, 5, 15, 4, 2, 21, 23, 17, 19, 18, 14, 9, 16, 6, 12, 20, 1, 22, 8, 24, 10, 13, 11, 3, 7], [1, 5, 15, 4, 2, 21, 23, 17, 19, 18, 14, 9, 16, 6, 12, 20, 25, 22, 8, 24, 10, 13, 11, 3, 7], [1, 2, 15, 4, 5, 21, 23, 17, 19, 18, 14, 9, 16, 6, 12, 20, 25, 22, 8, 24, 10, 13, 11, 3, 7], [1, 2, 12, 4, 5, 21, 23, 17, 19, 18, 14, 9, 16, 6, 15, 20, 25, 22, 8, 24, 10, 13, 11, 3, 7], [1, 2, 9, 4, 5, 21, 23, 17, 19, 18, 14, 12, 16, 6, 15, 20, 25, 22, 8, 24, 10, 13, 11, 3, 7], [1, 2, 19, 4, 5, 21, 23, 17, 9, 18, 14, 12, 16, 6, 15, 20, 25, 22, 8, 24, 10, 13, 11, 3, 7], [1, 2, 8, 4, 5, 21, 23, 17, 9, 18, 14, 12, 16, 6, 15, 20, 25, 22, 19, 24, 10, 13, 11, 3, 7], [1, 2, 17, 4, 5, 21, 23, 8, 9, 18, 14, 12, 16, 6, 15, 20, 25, 22, 19, 24, 10, 13, 11, 3, 7], [1, 2, 25, 4, 5, 21, 23, 8, 9, 18, 14, 12, 16, 6, 15, 20, 17, 22, 19, 24, 10, 13, 11, 3, 7], [1, 2, 3, 4, 5, 21, 23, 8, 9, 18, 14, 12, 16, 6, 15, 20, 17, 22, 19, 24, 10, 13, 11, 25, 7], [1, 2, 3, 4, 5, 6, 23, 8, 9, 18, 14, 12, 16, 21, 15, 20, 17, 22, 19, 24, 10, 13, 11, 25, 7], [1, 2, 3, 4, 5, 6, 11, 8, 9, 18, 14, 12, 16, 21, 15, 20, 17, 22, 19, 24, 10, 13, 23, 25, 7], [1, 2, 3, 4, 5, 6, 14, 8, 9, 18, 11, 12, 16, 21, 15, 20, 17, 22, 19, 24, 10, 13, 23, 25, 7], [1, 2, 3, 4, 5, 6, 21, 8, 9, 18, 11, 12, 16, 14, 15, 20, 17, 22, 19, 24, 10, 13, 23, 25, 7], [1, 2, 3, 4, 5, 6, 10, 8, 9, 18, 11, 12, 16, 14, 15, 20, 17, 22, 19, 24, 21, 13, 23, 25, 7], [1, 2, 3, 4, 5, 6, 18, 8, 9, 10, 11, 12, 16, 14, 15, 20, 17, 22, 19, 24, 21, 13, 23, 25, 7], [1, 2, 3, 4, 5, 6, 22, 8, 9, 10, 11, 12, 16, 14, 15, 20, 17, 18, 19, 24, 21, 13, 23, 25, 7], [1, 2, 3, 4, 5, 6, 13, 8, 9, 10, 11, 12, 16, 14, 15, 20, 17, 18, 19, 24, 21, 22, 23, 25, 7], [1, 2, 3, 4, 5, 6, 16, 8, 9, 10, 11, 12, 13, 14, 15, 20, 17, 18, 19, 24, 21, 22, 23, 25, 7], [1, 2, 3, 4, 5, 6, 20, 8, 9, 10, 11, 12, 13, 14, 15, 16, 17, 18, 19, 24, 21, 22, 23, 25, 7], [1, 2, 3, 4, 5, 6, 24, 8, 9, 10, 11, 12, 13, 14, 15, 16, 17, 18, 19, 20, 21, 22, 23, 25, 7], [1, 2, 3, 4, 5, 6, 25, 8, 9, 10, 11, 12, 13, 14, 15, 16, 17, 18, 19, 20, 21, 22, 23, 24, 7], [1, 2, 3, 4, 5, 6, 7, 8, 9, 10, 11, 12, 13, 14, 15, 16, 17, 18, 19, 20, 21, 22, 23, 24, 25]], pos=[[17, 5, 24, 1, 2, 14, 25, 19, 12, 21, 23, 15, 22, 11, 3, 13, 8, 10, 9, 16, 6, 18, 7, 20, 4], [17, 5, 24, 4, 2, 14, 25, 19, 12, 21, 23, 15, 22, 11, 3, 13, 8, 10, 9, 16, 6, 18, 7, 20, 1], [1, 5, 24, 4, 2, 14, 25, 19, 12, 21, 23, 15, 22, 11, 3, 13, 8, 10, 9, 16, 6, 18, 7, 20, 17], [1, 2, 24, 4, 5, 14, 25, 19, 12, 21, 23, 15, 22, 11, 3, 13, 8, 10, 9, 16, 6, 18, 7, 20, 17], [1, 2, 24, 4, 5, 14, 25, 19, 12, 21, 23, 3, 22, 11, 15, 13, 8, 10, 9, 16, 6, 18, 7, 20, 17], [1, 2, 24, 4, 5, 14, 25, 19, 3, 21, 23, 12, 22, 11, 15, 13, 8, 10, 9, 16, 6, 18, 7, 20, 17], [1, 2, 24, 4, 5, 14, 25, 19, 9, 21, 23, 12, 22, 11, 15, 13, 8, 10, 3, 16, 6, 18, 7, 20, 17], [1, 2, 24, 4, 5, 14, 25, 3, 9, 21, 23, 12, 22, 11, 15, 13, 8, 10, 19, 16, 6, 18, 7, 20, 17], [1, 2, 24, 4, 5, 14, 25, 8, 9, 21, 23, 12, 22, 11, 15, 13, 3, 10, 19, 16, 6, 18, 7, 20, 17], [1, 2, 24, 4, 5, 14, 25, 8, 9, 21, 23, 12, 22, 11, 15, 13, 17, 10, 19, 16, 6, 18, 7, 20, 3], [1, 2, 3, 4, 5, 14, 25, 8, 9, 21, 23, 12, 22, 11, 15, 13, 17, 10, 19, 16, 6, 18, 7, 20, 24], [1, 2, 3, 4, 5, 6, 25, 8, 9, 21, 23, 12, 22, 11, 15, 13, 17, 10, 19, 16, 14, 18, 7, 20, 24], [1, 2, 3, 4, 5, 6, 25, 8, 9, 21, 7, 12, 22, 11, 15, 13, 17, 10, 19, 16, 14, 18, 23, 20, 24], [1, 2, 3, 4, 5, 6, 25, 8, 9, 21, 11, 12, 22, 7, 15, 13, 17, 10, 19, 16, 14, 18, 23, 20, 24], [1, 2, 3, 4, 5, 6, 25, 8, 9, 21, 11, 12, 22, 14, 15, 13, 17, 10, 19, 16, 7, 18, 23, 20, 24], [1, 2, 3, 4, 5, 6, 25, 8, 9, 7, 11, 12, 22, 14, 15, 13, 17, 10, 19, 16, 21, 18, 23, 20, 24], [1, 2, 3, 4, 5, 6, 25, 8, 9, 10, 11, 12, 22, 14, 15, 13, 17, 7, 19, 16, 21, 18, 23, 20, 24], [1, 2, 3, 4, 5, 6, 25, 8, 9, 10, 11, 12, 22, 14, 15, 13, 17, 18, 19, 16, 21, 7, 23, 20, 24], [1, 2, 3, 4, 5, 6, 25, 8, 9, 10, 11, 12, 7, 14, 15, 13, 17, 18, 19, 16, 21, 22, 23, 20, 24], [1, 2, 3, 4, 5, 6, 25, 8, 9, 10, 11, 12, 13, 14, 15, 7, 17, 18, 19, 16, 21, 22, 23, 20, 24], [1, 2, 3, 4, 5, 6, 25, 8, 9, 10, 11, 12, 13, 14, 15, 16, 17, 18, 19, 7, 21, 22, 23, 20, 24], [1, 2, 3, 4, 5, 6, 25, 8, 9, 10, 11, 12, 13, 14, 15, 16, 17, 18, 19, 20, 21, 22, 23, 7, 24], [1, 2, 3, 4, 5, 6, 25, 8, 9, 10, 11, 12, 13, 14, 15, 16, 17, 18, 19, 20, 21, 22, 23, 24, 7], [1, 2, 3, 4, 5, 6, 7, 8, 9, 10, 11, 12, 13, 14, 15, 16, 17, 18, 19, 20, 21, 22, 23, 24, 25]], idx1=[1, 1, 2, 3, 3, 3, 3, 3, 3, 3, 6, 7, 7, 7, 7, 7, 7, 7, 7, 7, 7, 7, 7], idx2=[4, 17, 5, 15, 12, 9, 19, 8, 17, 24, 14, 23, 11, 14, 21, 10, 18, 22, 13, 16, 20, 24, 25], _checker='')