============================================================
BENCHMARK ID: 58 | DIMENSIONE: 30 | STRATEGIA: firstfail_split
============================================================

Input Vector: [26, 22, 6, 24, 2, 12, 9, 30, 13, 28, 18, 21, 7, 16, 19, 8, 4, 3, 5, 23, 25, 14, 10, 15, 11, 20, 17, 27, 29, 1]

STATO: RISOLTO
K: 26
TEMPO: 0.2540s
----------------------------------------
PIANO:
Solution(v=[[26, 22, 6, 24, 2, 12, 9, 30, 13, 28, 18, 21, 7, 16, 19, 8, 4, 3, 5, 23, 25, 14, 10, 15, 11, 20, 17, 27, 29, 1], [20, 22, 6, 24, 2, 12, 9, 30, 13, 28, 18, 21, 7, 16, 19, 8, 4, 3, 5, 23, 25, 14, 10, 15, 11, 26, 17, 27, 29, 1], [23, 22, 6, 24, 2, 12, 9, 30, 13, 28, 18, 21, 7, 16, 19, 8, 4, 3, 5, 20, 25, 14, 10, 15, 11, 26, 17, 27, 29, 1], [10, 22, 6, 24, 2, 12, 9, 30, 13, 28, 18, 21, 7, 16, 19, 8, 4, 3, 5, 20, 25, 14, 23, 15, 11, 26, 17, 27, 29, 1], [28, 22, 6, 24, 2, 12, 9, 30, 13, 10, 18, 21, 7, 16, 19, 8, 4, 3, 5, 20, 25, 14, 23, 15, 11, 26, 17, 27, 29, 1], [27, 22, 6, 24, 2, 12, 9, 30, 13, 10, 18, 21, 7, 16, 19, 8, 4, 3, 5, 20, 25, 14, 23, 15, 11, 26, 17, 28, 29, 1], [17, 22, 6, 24, 2, 12, 9, 30, 13, 10, 18, 21, 7, 16, 19, 8, 4, 3, 5, 20, 25, 14, 23, 15, 11, 26, 27, 28, 29, 1], [4, 22, 6, 24, 2, 12, 9, 30, 13, 10, 18, 21, 7, 16, 19, 8, 17, 3, 5, 20, 25, 14, 23, 15, 11, 26, 27, 28, 29, 1], [24, 22, 6, 4, 2, 12, 9, 30, 13, 10, 18, 21, 7, 16, 19, 8, 17, 3, 5, 20, 25, 14, 23, 15, 11, 26, 27, 28, 29, 1], [15, 22, 6, 4, 2, 12, 9, 30, 13, 10, 18, 21, 7, 16, 19, 8, 17, 3, 5, 20, 25, 14, 23, 24, 11, 26, 27, 28, 29, 1], [19, 22, 6, 4, 2, 12, 9, 30, 13, 10, 18, 21, 7, 16, 15, 8, 17, 3, 5, 20, 25, 14, 23, 24, 11, 26, 27, 28, 29, 1], [5, 22, 6, 4, 2, 12, 9, 30, 13, 10, 18, 21, 7, 16, 15, 8, 17, 3, 19, 20, 25, 14, 23, 24, 11, 26, 27, 28, 29, 1], [2, 22, 6, 4, 5, 12, 9, 30, 13, 10, 18, 21, 7, 16, 15, 8, 17, 3, 19, 20, 25, 14, 23, 24, 11, 26, 27, 28, 29, 1], [22, 2, 6, 4, 5, 12, 9, 30, 13, 10, 18, 21, 7, 16, 15, 8, 17, 3, 19, 20, 25, 14, 23, 24, 11, 26, 27, 28, 29, 1], [14, 2, 6, 4, 5, 12, 9, 30, 13, 10, 18, 21, 7, 16, 15, 8, 17, 3, 19, 20, 25, 22, 23, 24, 11, 26, 27, 28, 29, 1], [16, 2, 6, 4, 5, 12, 9, 30, 13, 10, 18, 21, 7, 14, 15, 8, 17, 3, 19, 20, 25, 22, 23, 24, 11, 26, 27, 28, 29, 1], [8, 2, 6, 4, 5, 12, 9, 30, 13, 10, 18, 21, 7, 14, 15, 16, 17, 3, 19, 20, 25, 22, 23, 24, 11, 26, 27, 28, 29, 1], [30, 2, 6, 4, 5, 12, 9, 8, 13, 10, 18, 21, 7, 14, 15, 16, 17, 3, 19, 20, 25, 22, 23, 24, 11, 26, 27, 28, 29, 1], [1, 2, 6, 4, 5, 12, 9, 8, 13, 10, 18, 21, 7, 14, 15, 16, 17, 3, 19, 20, 25, 22, 23, 24, 11, 26, 27, 28, 29, 30], [1, 2, 12, 4, 5, 6, 9, 8, 13, 10, 18, 21, 7, 14, 15, 16, 17, 3, 19, 20, 25, 22, 23, 24, 11, 26, 27, 28, 29, 30], [1, 2, 21, 4, 5, 6, 9, 8, 13, 10, 18, 12, 7, 14, 15, 16, 17, 3, 19, 20, 25, 22, 23, 24, 11, 26, 27, 28, 29, 30], [1, 2, 3, 4, 5, 6, 9, 8, 13, 10, 18, 12, 7, 14, 15, 16, 17, 21, 19, 20, 25, 22, 23, 24, 11, 26, 27, 28, 29, 30], [1, 2, 3, 4, 5, 6, 13, 8, 9, 10, 18, 12, 7, 14, 15, 16, 17, 21, 19, 20, 25, 22, 23, 24, 11, 26, 27, 28, 29, 30], [1, 2, 3, 4, 5, 6, 7, 8, 9, 10, 18, 12, 13, 14, 15, 16, 17, 21, 19, 20, 25, 22, 23, 24, 11, 26, 27, 28, 29, 30], [1, 2, 3, 4, 5, 6, 7, 8, 9, 10, 21, 12, 13, 14, 15, 16, 17, 18, 19, 20, 25, 22, 23, 24, 11, 26, 27, 28, 29, 30], [1, 2, 3, 4, 5, 6, 7, 8, 9, 10, 25, 12, 13, 14, 15, 16, 17, 18, 19, 20, 21, 22, 23, 24, 11, 26, 27, 28, 29, 30], [1, 2, 3, 4, 5, 6, 7, 8, 9, 10, 11, 12, 13, 14, 15, 16, 17, 18, 19, 20, 21, 22, 23, 24, 25, 26, 27, 28, 29, 30]], pos=[[30, 5, 18, 17, 19, 3, 13, 16, 7, 23, 25, 6, 9, 22, 24, 14, 27, 11, 15, 26, 12, 2, 20, 4, 21, 1, 28, 10, 29, 8], [30, 5, 18, 17, 19, 3, 13, 16, 7, 23, 25, 6, 9, 22, 24, 14, 27, 11, 15, 1, 12, 2, 20, 4, 21, 26, 28, 10, 29, 8], [30, 5, 18, 17, 19, 3, 13, 16, 7, 23, 25, 6, 9, 22, 24, 14, 27, 11, 15, 20, 12, 2, 1, 4, 21, 26, 28, 10, 29, 8], [30, 5, 18, 17, 19, 3, 13, 16, 7, 1, 25, 6, 9, 22, 24, 14, 27, 11, 15, 20, 12, 2, 23, 4, 21, 26, 28, 10, 29, 8], [30, 5, 18, 17, 19, 3, 13, 16, 7, 10, 25, 6, 9, 22, 24, 14, 27, 11, 15, 20, 12, 2, 23, 4, 21, 26, 28, 1, 29, 8], [30, 5, 18, 17, 19, 3, 13, 16, 7, 10, 25, 6, 9, 22, 24, 14, 27, 11, 15, 20, 12, 2, 23, 4, 21, 26, 1, 28, 29, 8], [30, 5, 18, 17, 19, 3, 13, 16, 7, 10, 25, 6, 9, 22, 24, 14, 1, 11, 15, 20, 12, 2, 23, 4, 21, 26, 27, 28, 29, 8], [30, 5, 18, 1, 19, 3, 13, 16, 7, 10, 25, 6, 9, 22, 24, 14, 17, 11, 15, 20, 12, 2, 23, 4, 21, 26, 27, 28, 29, 8], [30, 5, 18, 4, 19, 3, 13, 16, 7, 10, 25, 6, 9, 22, 24, 14, 17, 11, 15, 20, 12, 2, 23, 1, 21, 26, 27, 28, 29, 8], [30, 5, 18, 4, 19, 3, 13, 16, 7, 10, 25, 6, 9, 22, 1, 14, 17, 11, 15, 20, 12, 2, 23, 24, 21, 26, 27, 28, 29, 8], [30, 5, 18, 4, 19, 3, 13, 16, 7, 10, 25, 6, 9, 22, 15, 14, 17, 11, 1, 20, 12, 2, 23, 24, 21, 26, 27, 28, 29, 8], [30, 5, 18, 4, 1, 3, 13, 16, 7, 10, 25, 6, 9, 22, 15, 14, 17, 11, 19, 20, 12, 2, 23, 24, 21, 26, 27, 28, 29, 8], [30, 1, 18, 4, 5, 3, 13, 16, 7, 10, 25, 6, 9, 22, 15, 14, 17, 11, 19, 20, 12, 2, 23, 24, 21, 26, 27, 28, 29, 8], [30, 2, 18, 4, 5, 3, 13, 16, 7, 10, 25, 6, 9, 22, 15, 14, 17, 11, 19, 20, 12, 1, 23, 24, 21, 26, 27, 28, 29, 8], [30, 2, 18, 4, 5, 3, 13, 16, 7, 10, 25, 6, 9, 1, 15, 14, 17, 11, 19, 20, 12, 22, 23, 24, 21, 26, 27, 28, 29, 8], [30, 2, 18, 4, 5, 3, 13, 16, 7, 10, 25, 6, 9, 14, 15, 1, 17, 11, 19, 20, 12, 22, 23, 24, 21, 26, 27, 28, 29, 8], [30, 2, 18, 4, 5, 3, 13, 1, 7, 10, 25, 6, 9, 14, 15, 16, 17, 11, 19, 20, 12, 22, 23, 24, 21, 26, 27, 28, 29, 8], [30, 2, 18, 4, 5, 3, 13, 8, 7, 10, 25, 6, 9, 14, 15, 16, 17, 11, 19, 20, 12, 22, 23, 24, 21, 26, 27, 28, 29, 1], [1, 2, 18, 4, 5, 3, 13, 8, 7, 10, 25, 6, 9, 14, 15, 16, 17, 11, 19, 20, 12, 22, 23, 24, 21, 26, 27, 28, 29, 30], [1, 2, 18, 4, 5, 6, 13, 8, 7, 10, 25, 3, 9, 14, 15, 16, 17, 11, 19, 20, 12, 22, 23, 24, 21, 26, 27, 28, 29, 30], [1, 2, 18, 4, 5, 6, 13, 8, 7, 10, 25, 12, 9, 14, 15, 16, 17, 11, 19, 20, 3, 22, 23, 24, 21, 26, 27, 28, 29, 30], [1, 2, 3, 4, 5, 6, 13, 8, 7, 10, 25, 12, 9, 14, 15, 16, 17, 11, 19, 20, 18, 22, 23, 24, 21, 26, 27, 28, 29, 30], [1, 2, 3, 4, 5, 6, 13, 8, 9, 10, 25, 12, 7, 14, 15, 16, 17, 11, 19, 20, 18, 22, 23, 24, 21, 26, 27, 28, 29, 30], [1, 2, 3, 4, 5, 6, 7, 8, 9, 10, 25, 12, 13, 14, 15, 16, 17, 11, 19, 20, 18, 22, 23, 24, 21, 26, 27, 28, 29, 30], [1, 2, 3, 4, 5, 6, 7, 8, 9, 10, 25, 12, 13, 14, 15, 16, 17, 18, 19, 20, 11, 22, 23, 24, 21, 26, 27, 28, 29, 30], [1, 2, 3, 4, 5, 6, 7, 8, 9, 10, 25, 12, 13, 14, 15, 16, 17, 18, 19, 20, 21, 22, 23, 24, 11, 26, 27, 28, 29, 30], [1, 2, 3, 4, 5, 6, 7, 8, 9, 10, 11, 12, 13, 14, 15, 16, 17, 18, 19, 20, 21, 22, 23, 24, 25, 26, 27, 28, 29, 30]], idx1=[1, 1, 1, 1, 1, 1, 1, 1, 1, 1, 1, 1, 1, 1, 1, 1, 1, 1, 3, 3, 3, 7, 7, 11, 11, 11], idx2=[26, 20, 23, 10, 28, 27, 17, 4, 24, 15, 19, 5, 2, 22, 14, 16, 8, 30, 6, 12, 18, 9, 13, 18, 21, 25], _checker='')