============================================================
BENCHMARK ID: 30 | DIMENSIONE: 15 | STRATEGIA: firstfail_split
============================================================

Input Vector: [10, 11, 15, 4, 12, 3, 13, 2, 6, 8, 5, 1, 7, 14, 9]

STATO: RISOLTO
K: 10
TEMPO: 0.2520s
----------------------------------------
PIANO:
Solution(v=[[10, 11, 15, 4, 12, 3, 13, 2, 6, 8, 5, 1, 7, 14, 9], [8, 11, 15, 4, 12, 3, 13, 2, 6, 10, 5, 1, 7, 14, 9], [2, 11, 15, 4, 12, 3, 13, 8, 6, 10, 5, 1, 7, 14, 9], [11, 2, 15, 4, 12, 3, 13, 8, 6, 10, 5, 1, 7, 14, 9], [5, 2, 15, 4, 12, 3, 13, 8, 6, 10, 11, 1, 7, 14, 9], [12, 2, 15, 4, 5, 3, 13, 8, 6, 10, 11, 1, 7, 14, 9], [1, 2, 15, 4, 5, 3, 13, 8, 6, 10, 11, 12, 7, 14, 9], [1, 2, 3, 4, 5, 15, 13, 8, 6, 10, 11, 12, 7, 14, 9], [1, 2, 3, 4, 5, 6, 13, 8, 15, 10, 11, 12, 7, 14, 9], [1, 2, 3, 4, 5, 6, 7, 8, 15, 10, 11, 12, 13, 14, 9], [1, 2, 3, 4, 5, 6, 7, 8, 9, 10, 11, 12, 13, 14, 15]], pos=[[12, 8, 6, 4, 11, 9, 13, 10, 15, 1, 2, 5, 7, 14, 3], [12, 8, 6, 4, 11, 9, 13, 1, 15, 10, 2, 5, 7, 14, 3], [12, 1, 6, 4, 11, 9, 13, 8, 15, 10, 2, 5, 7, 14, 3], [12, 2, 6, 4, 11, 9, 13, 8, 15, 10, 1, 5, 7, 14, 3], [12, 2, 6, 4, 1, 9, 13, 8, 15, 10, 11, 5, 7, 14, 3], [12, 2, 6, 4, 5, 9, 13, 8, 15, 10, 11, 1, 7, 14, 3], [1, 2, 6, 4, 5, 9, 13, 8, 15, 10, 11, 12, 7, 14, 3], [1, 2, 3, 4, 5, 9, 13, 8, 15, 10, 11, 12, 7, 14, 6], [1, 2, 3, 4, 5, 6, 13, 8, 15, 10, 11, 12, 7, 14, 9], [1, 2, 3, 4, 5, 6, 7, 8, 15, 10, 11, 12, 13, 14, 9], [1, 2, 3, 4, 5, 6, 7, 8, 9, 10, 11, 12, 13, 14, 15]], idx1=[1, 1, 1, 1, 1, 1, 3, 6, 7, 9], idx2=[10, 8, 2, 11, 5, 12, 6, 9, 13, 15], _checker='')