============================================================
BENCHMARK ID: 23 | DIMENSIONE: 15 | STRATEGIA: firstfail_split
============================================================

Input Vector: [4, 15, 10, 6, 14, 11, 12, 13, 8, 2, 1, 7, 5, 3, 9]

STATO: RISOLTO
K: 12
TEMPO: 0.3320s
----------------------------------------
PIANO:
Solution(v=[[4, 15, 10, 6, 14, 11, 12, 13, 8, 2, 1, 7, 5, 3, 9], [6, 15, 10, 4, 14, 11, 12, 13, 8, 2, 1, 7, 5, 3, 9], [11, 15, 10, 4, 14, 6, 12, 13, 8, 2, 1, 7, 5, 3, 9], [1, 15, 10, 4, 14, 6, 12, 13, 8, 2, 11, 7, 5, 3, 9], [1, 2, 10, 4, 14, 6, 12, 13, 8, 15, 11, 7, 5, 3, 9], [1, 2, 15, 4, 14, 6, 12, 13, 8, 10, 11, 7, 5, 3, 9], [1, 2, 3, 4, 14, 6, 12, 13, 8, 10, 11, 7, 5, 15, 9], [1, 2, 3, 4, 5, 6, 12, 13, 8, 10, 11, 7, 14, 15, 9], [1, 2, 3, 4, 5, 6, 7, 13, 8, 10, 11, 12, 14, 15, 9], [1, 2, 3, 4, 5, 6, 7, 8, 13, 10, 11, 12, 14, 15, 9], [1, 2, 3, 4, 5, 6, 7, 8, 14, 10, 11, 12, 13, 15, 9], [1, 2, 3, 4, 5, 6, 7, 8, 15, 10, 11, 12, 13, 14, 9], [1, 2, 3, 4, 5, 6, 7, 8, 9, 10, 11, 12, 13, 14, 15]], pos=[[11, 10, 14, 1, 13, 4, 12, 9, 15, 3, 6, 7, 8, 5, 2], [11, 10, 14, 4, 13, 1, 12, 9, 15, 3, 6, 7, 8, 5, 2], [11, 10, 14, 4, 13, 6, 12, 9, 15, 3, 1, 7, 8, 5, 2], [1, 10, 14, 4, 13, 6, 12, 9, 15, 3, 11, 7, 8, 5, 2], [1, 2, 14, 4, 13, 6, 12, 9, 15, 3, 11, 7, 8, 5, 10], [1, 2, 14, 4, 13, 6, 12, 9, 15, 10, 11, 7, 8, 5, 3], [1, 2, 3, 4, 13, 6, 12, 9, 15, 10, 11, 7, 8, 5, 14], [1, 2, 3, 4, 5, 6, 12, 9, 15, 10, 11, 7, 8, 13, 14], [1, 2, 3, 4, 5, 6, 7, 9, 15, 10, 11, 12, 8, 13, 14], [1, 2, 3, 4, 5, 6, 7, 8, 15, 10, 11, 12, 9, 13, 14], [1, 2, 3, 4, 5, 6, 7, 8, 15, 10, 11, 12, 13, 9, 14], [1, 2, 3, 4, 5, 6, 7, 8, 15, 10, 11, 12, 13, 14, 9], [1, 2, 3, 4, 5, 6, 7, 8, 9, 10, 11, 12, 13, 14, 15]], idx1=[1, 1, 1, 2, 3, 3, 5, 7, 8, 9, 9, 9], idx2=[4, 6, 11, 10, 10, 14, 13, 12, 9, 13, 14, 15], _checker='')