============================================================
BENCHMARK ID: 13 | DIMENSIONE: 10 | STRATEGIA: firstfail_split
============================================================

Input Vector: [10, 7, 3, 2, 9, 4, 8, 5, 1, 6]

STATO: RISOLTO
K: 8
TEMPO: 0.2790s
----------------------------------------
PIANO:
Solution(v=[[10, 7, 3, 2, 9, 4, 8, 5, 1, 6], [1, 7, 3, 2, 9, 4, 8, 5, 10, 6], [1, 2, 3, 7, 9, 4, 8, 5, 10, 6], [1, 2, 3, 4, 9, 7, 8, 5, 10, 6], [1, 2, 3, 4, 5, 7, 8, 9, 10, 6], [1, 2, 3, 4, 5, 8, 7, 9, 10, 6], [1, 2, 3, 4, 5, 9, 7, 8, 10, 6], [1, 2, 3, 4, 5, 10, 7, 8, 9, 6], [1, 2, 3, 4, 5, 6, 7, 8, 9, 10]], pos=[[9, 4, 3, 6, 8, 10, 2, 7, 5, 1], [1, 4, 3, 6, 8, 10, 2, 7, 5, 9], [1, 2, 3, 6, 8, 10, 4, 7, 5, 9], [1, 2, 3, 4, 8, 10, 6, 7, 5, 9], [1, 2, 3, 4, 5, 10, 6, 7, 8, 9], [1, 2, 3, 4, 5, 10, 7, 6, 8, 9], [1, 2, 3, 4, 5, 10, 7, 8, 6, 9], [1, 2, 3, 4, 5, 10, 7, 8, 9, 6], [1, 2, 3, 4, 5, 6, 7, 8, 9, 10]], idx1=[1, 2, 4, 5, 6, 6, 6, 6], idx2=[9, 4, 6, 8, 7, 8, 9, 10], _checker='')