============================================================
BENCHMARK ID: 39 | DIMENSIONE: 20 | STRATEGIA: firstfail_split
============================================================

Input Vector: [12, 17, 2, 9, 16, 13, 14, 11, 8, 18, 15, 4, 1, 5, 7, 3, 6, 10, 20, 19]

STATO: RISOLTO
K: 17
TEMPO: 0.2640s
----------------------------------------
PIANO:
Solution(v=[[12, 17, 2, 9, 16, 13, 14, 11, 8, 18, 15, 4, 1, 5, 7, 3, 6, 10, 20, 19], [4, 17, 2, 9, 16, 13, 14, 11, 8, 18, 15, 12, 1, 5, 7, 3, 6, 10, 20, 19], [9, 17, 2, 4, 16, 13, 14, 11, 8, 18, 15, 12, 1, 5, 7, 3, 6, 10, 20, 19], [8, 17, 2, 4, 16, 13, 14, 11, 9, 18, 15, 12, 1, 5, 7, 3, 6, 10, 20, 19], [11, 17, 2, 4, 16, 13, 14, 8, 9, 18, 15, 12, 1, 5, 7, 3, 6, 10, 20, 19], [15, 17, 2, 4, 16, 13, 14, 8, 9, 18, 11, 12, 1, 5, 7, 3, 6, 10, 20, 19], [1, 17, 2, 4, 16, 13, 14, 8, 9, 18, 11, 12, 15, 5, 7, 3, 6, 10, 20, 19], [1, 2, 17, 4, 16, 13, 14, 8, 9, 18, 11, 12, 15, 5, 7, 3, 6, 10, 20, 19], [1, 2, 3, 4, 16, 13, 14, 8, 9, 18, 11, 12, 15, 5, 7, 17, 6, 10, 20, 19], [1, 2, 3, 4, 5, 13, 14, 8, 9, 18, 11, 12, 15, 16, 7, 17, 6, 10, 20, 19], [1, 2, 3, 4, 5, 15, 14, 8, 9, 18, 11, 12, 13, 16, 7, 17, 6, 10, 20, 19], [1, 2, 3, 4, 5, 7, 14, 8, 9, 18, 11, 12, 13, 16, 15, 17, 6, 10, 20, 19], [1, 2, 3, 4, 5, 14, 7, 8, 9, 18, 11, 12, 13, 16, 15, 17, 6, 10, 20, 19], [1, 2, 3, 4, 5, 16, 7, 8, 9, 18, 11, 12, 13, 14, 15, 17, 6, 10, 20, 19], [1, 2, 3, 4, 5, 17, 7, 8, 9, 18, 11, 12, 13, 14, 15, 16, 6, 10, 20, 19], [1, 2, 3, 4, 5, 6, 7, 8, 9, 18, 11, 12, 13, 14, 15, 16, 17, 10, 20, 19], [1, 2, 3, 4, 5, 6, 7, 8, 9, 10, 11, 12, 13, 14, 15, 16, 17, 18, 20, 19], [1, 2, 3, 4, 5, 6, 7, 8, 9, 10, 11, 12, 13, 14, 15, 16, 17, 18, 19, 20]], pos=[[13, 3, 16, 12, 14, 17, 15, 9, 4, 18, 8, 1, 6, 7, 11, 5, 2, 10, 20, 19], [13, 3, 16, 1, 14, 17, 15, 9, 4, 18, 8, 12, 6, 7, 11, 5, 2, 10, 20, 19], [13, 3, 16, 4, 14, 17, 15, 9, 1, 18, 8, 12, 6, 7, 11, 5, 2, 10, 20, 19], [13, 3, 16, 4, 14, 17, 15, 1, 9, 18, 8, 12, 6, 7, 11, 5, 2, 10, 20, 19], [13, 3, 16, 4, 14, 17, 15, 8, 9, 18, 1, 12, 6, 7, 11, 5, 2, 10, 20, 19], [13, 3, 16, 4, 14, 17, 15, 8, 9, 18, 11, 12, 6, 7, 1, 5, 2, 10, 20, 19], [1, 3, 16, 4, 14, 17, 15, 8, 9, 18, 11, 12, 6, 7, 13, 5, 2, 10, 20, 19], [1, 2, 16, 4, 14, 17, 15, 8, 9, 18, 11, 12, 6, 7, 13, 5, 3, 10, 20, 19], [1, 2, 3, 4, 14, 17, 15, 8, 9, 18, 11, 12, 6, 7, 13, 5, 16, 10, 20, 19], [1, 2, 3, 4, 5, 17, 15, 8, 9, 18, 11, 12, 6, 7, 13, 14, 16, 10, 20, 19], [1, 2, 3, 4, 5, 17, 15, 8, 9, 18, 11, 12, 13, 7, 6, 14, 16, 10, 20, 19], [1, 2, 3, 4, 5, 17, 6, 8, 9, 18, 11, 12, 13, 7, 15, 14, 16, 10, 20, 19], [1, 2, 3, 4, 5, 17, 7, 8, 9, 18, 11, 12, 13, 6, 15, 14, 16, 10, 20, 19], [1, 2, 3, 4, 5, 17, 7, 8, 9, 18, 11, 12, 13, 14, 15, 6, 16, 10, 20, 19], [1, 2, 3, 4, 5, 17, 7, 8, 9, 18, 11, 12, 13, 14, 15, 16, 6, 10, 20, 19], [1, 2, 3, 4, 5, 6, 7, 8, 9, 18, 11, 12, 13, 14, 15, 16, 17, 10, 20, 19], [1, 2, 3, 4, 5, 6, 7, 8, 9, 10, 11, 12, 13, 14, 15, 16, 17, 18, 20, 19], [1, 2, 3, 4, 5, 6, 7, 8, 9, 10, 11, 12, 13, 14, 15, 16, 17, 18, 19, 20]], idx1=[1, 1, 1, 1, 1, 1, 2, 3, 5, 6, 6, 6, 6, 6, 6, 10, 19], idx2=[12, 4, 9, 8, 11, 13, 3, 16, 14, 13, 15, 7, 14, 16, 17, 18, 20], _checker='')