============================================================
BENCHMARK ID: 56 | DIMENSIONE: 30 | STRATEGIA: firstfail_split
============================================================

Input Vector: [23, 11, 6, 5, 28, 8, 1, 19, 2, 25, 9, 26, 12, 30, 22, 4, 13, 10, 21, 7, 15, 24, 27, 17, 20, 16, 29, 14, 18, 3]

STATO: RISOLTO
K: 27
TEMPO: 0.3390s
----------------------------------------
PIANO:
Solution(v=[[23, 11, 6, 5, 28, 8, 1, 19, 2, 25, 9, 26, 12, 30, 22, 4, 13, 10, 21, 7, 15, 24, 27, 17, 20, 16, 29, 14, 18, 3], [1, 11, 6, 5, 28, 8, 23, 19, 2, 25, 9, 26, 12, 30, 22, 4, 13, 10, 21, 7, 15, 24, 27, 17, 20, 16, 29, 14, 18, 3], [1, 2, 6, 5, 28, 8, 23, 19, 11, 25, 9, 26, 12, 30, 22, 4, 13, 10, 21, 7, 15, 24, 27, 17, 20, 16, 29, 14, 18, 3], [1, 2, 8, 5, 28, 6, 23, 19, 11, 25, 9, 26, 12, 30, 22, 4, 13, 10, 21, 7, 15, 24, 27, 17, 20, 16, 29, 14, 18, 3], [1, 2, 19, 5, 28, 6, 23, 8, 11, 25, 9, 26, 12, 30, 22, 4, 13, 10, 21, 7, 15, 24, 27, 17, 20, 16, 29, 14, 18, 3], [1, 2, 21, 5, 28, 6, 23, 8, 11, 25, 9, 26, 12, 30, 22, 4, 13, 10, 19, 7, 15, 24, 27, 17, 20, 16, 29, 14, 18, 3], [1, 2, 15, 5, 28, 6, 23, 8, 11, 25, 9, 26, 12, 30, 22, 4, 13, 10, 19, 7, 21, 24, 27, 17, 20, 16, 29, 14, 18, 3], [1, 2, 22, 5, 28, 6, 23, 8, 11, 25, 9, 26, 12, 30, 15, 4, 13, 10, 19, 7, 21, 24, 27, 17, 20, 16, 29, 14, 18, 3], [1, 2, 24, 5, 28, 6, 23, 8, 11, 25, 9, 26, 12, 30, 15, 4, 13, 10, 19, 7, 21, 22, 27, 17, 20, 16, 29, 14, 18, 3], [1, 2, 17, 5, 28, 6, 23, 8, 11, 25, 9, 26, 12, 30, 15, 4, 13, 10, 19, 7, 21, 22, 27, 24, 20, 16, 29, 14, 18, 3], [1, 2, 13, 5, 28, 6, 23, 8, 11, 25, 9, 26, 12, 30, 15, 4, 17, 10, 19, 7, 21, 22, 27, 24, 20, 16, 29, 14, 18, 3], [1, 2, 12, 5, 28, 6, 23, 8, 11, 25, 9, 26, 13, 30, 15, 4, 17, 10, 19, 7, 21, 22, 27, 24, 20, 16, 29, 14, 18, 3], [1, 2, 26, 5, 28, 6, 23, 8, 11, 25, 9, 12, 13, 30, 15, 4, 17, 10, 19, 7, 21, 22, 27, 24, 20, 16, 29, 14, 18, 3], [1, 2, 16, 5, 28, 6, 23, 8, 11, 25, 9, 12, 13, 30, 15, 4, 17, 10, 19, 7, 21, 22, 27, 24, 20, 26, 29, 14, 18, 3], [1, 2, 4, 5, 28, 6, 23, 8, 11, 25, 9, 12, 13, 30, 15, 16, 17, 10, 19, 7, 21, 22, 27, 24, 20, 26, 29, 14, 18, 3], [1, 2, 5, 4, 28, 6, 23, 8, 11, 25, 9, 12, 13, 30, 15, 16, 17, 10, 19, 7, 21, 22, 27, 24, 20, 26, 29, 14, 18, 3], [1, 2, 28, 4, 5, 6, 23, 8, 11, 25, 9, 12, 13, 30, 15, 16, 17, 10, 19, 7, 21, 22, 27, 24, 20, 26, 29, 14, 18, 3], [1, 2, 14, 4, 5, 6, 23, 8, 11, 25, 9, 12, 13, 30, 15, 16, 17, 10, 19, 7, 21, 22, 27, 24, 20, 26, 29, 28, 18, 3], [1, 2, 30, 4, 5, 6, 23, 8, 11, 25, 9, 12, 13, 14, 15, 16, 17, 10, 19, 7, 21, 22, 27, 24, 20, 26, 29, 28, 18, 3], [1, 2, 3, 4, 5, 6, 23, 8, 11, 25, 9, 12, 13, 14, 15, 16, 17, 10, 19, 7, 21, 22, 27, 24, 20, 26, 29, 28, 18, 30], [1, 2, 3, 4, 5, 6, 7, 8, 11, 25, 9, 12, 13, 14, 15, 16, 17, 10, 19, 23, 21, 22, 27, 24, 20, 26, 29, 28, 18, 30], [1, 2, 3, 4, 5, 6, 7, 8, 9, 25, 11, 12, 13, 14, 15, 16, 17, 10, 19, 23, 21, 22, 27, 24, 20, 26, 29, 28, 18, 30], [1, 2, 3, 4, 5, 6, 7, 8, 9, 10, 11, 12, 13, 14, 15, 16, 17, 25, 19, 23, 21, 22, 27, 24, 20, 26, 29, 28, 18, 30], [1, 2, 3, 4, 5, 6, 7, 8, 9, 10, 11, 12, 13, 14, 15, 16, 17, 20, 19, 23, 21, 22, 27, 24, 25, 26, 29, 28, 18, 30], [1, 2, 3, 4, 5, 6, 7, 8, 9, 10, 11, 12, 13, 14, 15, 16, 17, 23, 19, 20, 21, 22, 27, 24, 25, 26, 29, 28, 18, 30], [1, 2, 3, 4, 5, 6, 7, 8, 9, 10, 11, 12, 13, 14, 15, 16, 17, 27, 19, 20, 21, 22, 23, 24, 25, 26, 29, 28, 18, 30], [1, 2, 3, 4, 5, 6, 7, 8, 9, 10, 11, 12, 13, 14, 15, 16, 17, 29, 19, 20, 21, 22, 23, 24, 25, 26, 27, 28, 18, 30], [1, 2, 3, 4, 5, 6, 7, 8, 9, 10, 11, 12, 13, 14, 15, 16, 17, 18, 19, 20, 21, 22, 23, 24, 25, 26, 27, 28, 29, 30]], pos=[[7, 9, 30, 16, 4, 3, 20, 6, 11, 18, 2, 13, 17, 28, 21, 26, 24, 29, 8, 25, 19, 15, 1, 22, 10, 12, 23, 5, 27, 14], [1, 9, 30, 16, 4, 3, 20, 6, 11, 18, 2, 13, 17, 28, 21, 26, 24, 29, 8, 25, 19, 15, 7, 22, 10, 12, 23, 5, 27, 14], [1, 2, 30, 16, 4, 3, 20, 6, 11, 18, 9, 13, 17, 28, 21, 26, 24, 29, 8, 25, 19, 15, 7, 22, 10, 12, 23, 5, 27, 14], [1, 2, 30, 16, 4, 6, 20, 3, 11, 18, 9, 13, 17, 28, 21, 26, 24, 29, 8, 25, 19, 15, 7, 22, 10, 12, 23, 5, 27, 14], [1, 2, 30, 16, 4, 6, 20, 8, 11, 18, 9, 13, 17, 28, 21, 26, 24, 29, 3, 25, 19, 15, 7, 22, 10, 12, 23, 5, 27, 14], [1, 2, 30, 16, 4, 6, 20, 8, 11, 18, 9, 13, 17, 28, 21, 26, 24, 29, 19, 25, 3, 15, 7, 22, 10, 12, 23, 5, 27, 14], [1, 2, 30, 16, 4, 6, 20, 8, 11, 18, 9, 13, 17, 28, 3, 26, 24, 29, 19, 25, 21, 15, 7, 22, 10, 12, 23, 5, 27, 14], [1, 2, 30, 16, 4, 6, 20, 8, 11, 18, 9, 13, 17, 28, 15, 26, 24, 29, 19, 25, 21, 3, 7, 22, 10, 12, 23, 5, 27, 14], [1, 2, 30, 16, 4, 6, 20, 8, 11, 18, 9, 13, 17, 28, 15, 26, 24, 29, 19, 25, 21, 22, 7, 3, 10, 12, 23, 5, 27, 14], [1, 2, 30, 16, 4, 6, 20, 8, 11, 18, 9, 13, 17, 28, 15, 26, 3, 29, 19, 25, 21, 22, 7, 24, 10, 12, 23, 5, 27, 14], [1, 2, 30, 16, 4, 6, 20, 8, 11, 18, 9, 13, 3, 28, 15, 26, 17, 29, 19, 25, 21, 22, 7, 24, 10, 12, 23, 5, 27, 14], [1, 2, 30, 16, 4, 6, 20, 8, 11, 18, 9, 3, 13, 28, 15, 26, 17, 29, 19, 25, 21, 22, 7, 24, 10, 12, 23, 5, 27, 14], [1, 2, 30, 16, 4, 6, 20, 8, 11, 18, 9, 12, 13, 28, 15, 26, 17, 29, 19, 25, 21, 22, 7, 24, 10, 3, 23, 5, 27, 14], [1, 2, 30, 16, 4, 6, 20, 8, 11, 18, 9, 12, 13, 28, 15, 3, 17, 29, 19, 25, 21, 22, 7, 24, 10, 26, 23, 5, 27, 14], [1, 2, 30, 3, 4, 6, 20, 8, 11, 18, 9, 12, 13, 28, 15, 16, 17, 29, 19, 25, 21, 22, 7, 24, 10, 26, 23, 5, 27, 14], [1, 2, 30, 4, 3, 6, 20, 8, 11, 18, 9, 12, 13, 28, 15, 16, 17, 29, 19, 25, 21, 22, 7, 24, 10, 26, 23, 5, 27, 14], [1, 2, 30, 4, 5, 6, 20, 8, 11, 18, 9, 12, 13, 28, 15, 16, 17, 29, 19, 25, 21, 22, 7, 24, 10, 26, 23, 3, 27, 14], [1, 2, 30, 4, 5, 6, 20, 8, 11, 18, 9, 12, 13, 3, 15, 16, 17, 29, 19, 25, 21, 22, 7, 24, 10, 26, 23, 28, 27, 14], [1, 2, 30, 4, 5, 6, 20, 8, 11, 18, 9, 12, 13, 14, 15, 16, 17, 29, 19, 25, 21, 22, 7, 24, 10, 26, 23, 28, 27, 3], [1, 2, 3, 4, 5, 6, 20, 8, 11, 18, 9, 12, 13, 14, 15, 16, 17, 29, 19, 25, 21, 22, 7, 24, 10, 26, 23, 28, 27, 30], [1, 2, 3, 4, 5, 6, 7, 8, 11, 18, 9, 12, 13, 14, 15, 16, 17, 29, 19, 25, 21, 22, 20, 24, 10, 26, 23, 28, 27, 30], [1, 2, 3, 4, 5, 6, 7, 8, 9, 18, 11, 12, 13, 14, 15, 16, 17, 29, 19, 25, 21, 22, 20, 24, 10, 26, 23, 28, 27, 30], [1, 2, 3, 4, 5, 6, 7, 8, 9, 10, 11, 12, 13, 14, 15, 16, 17, 29, 19, 25, 21, 22, 20, 24, 18, 26, 23, 28, 27, 30], [1, 2, 3, 4, 5, 6, 7, 8, 9, 10, 11, 12, 13, 14, 15, 16, 17, 29, 19, 18, 21, 22, 20, 24, 25, 26, 23, 28, 27, 30], [1, 2, 3, 4, 5, 6, 7, 8, 9, 10, 11, 12, 13, 14, 15, 16, 17, 29, 19, 20, 21, 22, 18, 24, 25, 26, 23, 28, 27, 30], [1, 2, 3, 4, 5, 6, 7, 8, 9, 10, 11, 12, 13, 14, 15, 16, 17, 29, 19, 20, 21, 22, 23, 24, 25, 26, 18, 28, 27, 30], [1, 2, 3, 4, 5, 6, 7, 8, 9, 10, 11, 12, 13, 14, 15, 16, 17, 29, 19, 20, 21, 22, 23, 24, 25, 26, 27, 28, 18, 30], [1, 2, 3, 4, 5, 6, 7, 8, 9, 10, 11, 12, 13, 14, 15, 16, 17, 18, 19, 20, 21, 22, 23, 24, 25, 26, 27, 28, 29, 30]], idx1=[1, 2, 3, 3, 3, 3, 3, 3, 3, 3, 3, 3, 3, 3, 3, 3, 3, 3, 3, 7, 9, 10, 18, 18, 18, 18, 18], idx2=[7, 9, 6, 8, 19, 21, 15, 22, 24, 17, 13, 12, 26, 16, 4, 5, 28, 14, 30, 20, 11, 18, 25, 20, 23, 27, 29], _checker='')