============================================================
BENCHMARK ID: 55 | DIMENSIONE: 30 | STRATEGIA: firstfail_split
============================================================

Input Vector: [10, 13, 26, 20, 21, 6, 16, 4, 22, 17, 3, 12, 27, 25, 24, 8, 2, 15, 5, 18, 1, 9, 7, 14, 29, 19, 11, 23, 30, 28]

STATO: RISOLTO
K: 25
TEMPO: 0.3160s
----------------------------------------
PIANO:
Solution(v=[[10, 13, 26, 20, 21, 6, 16, 4, 22, 17, 3, 12, 27, 25, 24, 8, 2, 15, 5, 18, 1, 9, 7, 14, 29, 19, 11, 23, 30, 28], [17, 13, 26, 20, 21, 6, 16, 4, 22, 10, 3, 12, 27, 25, 24, 8, 2, 15, 5, 18, 1, 9, 7, 14, 29, 19, 11, 23, 30, 28], [2, 13, 26, 20, 21, 6, 16, 4, 22, 10, 3, 12, 27, 25, 24, 8, 17, 15, 5, 18, 1, 9, 7, 14, 29, 19, 11, 23, 30, 28], [13, 2, 26, 20, 21, 6, 16, 4, 22, 10, 3, 12, 27, 25, 24, 8, 17, 15, 5, 18, 1, 9, 7, 14, 29, 19, 11, 23, 30, 28], [27, 2, 26, 20, 21, 6, 16, 4, 22, 10, 3, 12, 13, 25, 24, 8, 17, 15, 5, 18, 1, 9, 7, 14, 29, 19, 11, 23, 30, 28], [1, 2, 26, 20, 21, 6, 16, 4, 22, 10, 3, 12, 13, 25, 24, 8, 17, 15, 5, 18, 27, 9, 7, 14, 29, 19, 11, 23, 30, 28], [1, 2, 3, 20, 21, 6, 16, 4, 22, 10, 26, 12, 13, 25, 24, 8, 17, 15, 5, 18, 27, 9, 7, 14, 29, 19, 11, 23, 30, 28], [1, 2, 3, 4, 21, 6, 16, 20, 22, 10, 26, 12, 13, 25, 24, 8, 17, 15, 5, 18, 27, 9, 7, 14, 29, 19, 11, 23, 30, 28], [1, 2, 3, 4, 5, 6, 16, 20, 22, 10, 26, 12, 13, 25, 24, 8, 17, 15, 21, 18, 27, 9, 7, 14, 29, 19, 11, 23, 30, 28], [1, 2, 3, 4, 5, 6, 8, 20, 22, 10, 26, 12, 13, 25, 24, 16, 17, 15, 21, 18, 27, 9, 7, 14, 29, 19, 11, 23, 30, 28], [1, 2, 3, 4, 5, 6, 20, 8, 22, 10, 26, 12, 13, 25, 24, 16, 17, 15, 21, 18, 27, 9, 7, 14, 29, 19, 11, 23, 30, 28], [1, 2, 3, 4, 5, 6, 18, 8, 22, 10, 26, 12, 13, 25, 24, 16, 17, 15, 21, 20, 27, 9, 7, 14, 29, 19, 11, 23, 30, 28], [1, 2, 3, 4, 5, 6, 15, 8, 22, 10, 26, 12, 13, 25, 24, 16, 17, 18, 21, 20, 27, 9, 7, 14, 29, 19, 11, 23, 30, 28], [1, 2, 3, 4, 5, 6, 24, 8, 22, 10, 26, 12, 13, 25, 15, 16, 17, 18, 21, 20, 27, 9, 7, 14, 29, 19, 11, 23, 30, 28], [1, 2, 3, 4, 5, 6, 7, 8, 22, 10, 26, 12, 13, 25, 15, 16, 17, 18, 21, 20, 27, 9, 24, 14, 29, 19, 11, 23, 30, 28], [1, 2, 3, 4, 5, 6, 7, 8, 9, 10, 26, 12, 13, 25, 15, 16, 17, 18, 21, 20, 27, 22, 24, 14, 29, 19, 11, 23, 30, 28], [1, 2, 3, 4, 5, 6, 7, 8, 9, 10, 19, 12, 13, 25, 15, 16, 17, 18, 21, 20, 27, 22, 24, 14, 29, 26, 11, 23, 30, 28], [1, 2, 3, 4, 5, 6, 7, 8, 9, 10, 21, 12, 13, 25, 15, 16, 17, 18, 19, 20, 27, 22, 24, 14, 29, 26, 11, 23, 30, 28], [1, 2, 3, 4, 5, 6, 7, 8, 9, 10, 27, 12, 13, 25, 15, 16, 17, 18, 19, 20, 21, 22, 24, 14, 29, 26, 11, 23, 30, 28], [1, 2, 3, 4, 5, 6, 7, 8, 9, 10, 11, 12, 13, 25, 15, 16, 17, 18, 19, 20, 21, 22, 24, 14, 29, 26, 27, 23, 30, 28], [1, 2, 3, 4, 5, 6, 7, 8, 9, 10, 11, 12, 13, 14, 15, 16, 17, 18, 19, 20, 21, 22, 24, 25, 29, 26, 27, 23, 30, 28], [1, 2, 3, 4, 5, 6, 7, 8, 9, 10, 11, 12, 13, 14, 15, 16, 17, 18, 19, 20, 21, 22, 25, 24, 29, 26, 27, 23, 30, 28], [1, 2, 3, 4, 5, 6, 7, 8, 9, 10, 11, 12, 13, 14, 15, 16, 17, 18, 19, 20, 21, 22, 29, 24, 25, 26, 27, 23, 30, 28], [1, 2, 3, 4, 5, 6, 7, 8, 9, 10, 11, 12, 13, 14, 15, 16, 17, 18, 19, 20, 21, 22, 23, 24, 25, 26, 27, 29, 30, 28], [1, 2, 3, 4, 5, 6, 7, 8, 9, 10, 11, 12, 13, 14, 15, 16, 17, 18, 19, 20, 21, 22, 23, 24, 25, 26, 27, 30, 29, 28], [1, 2, 3, 4, 5, 6, 7, 8, 9, 10, 11, 12, 13, 14, 15, 16, 17, 18, 19, 20, 21, 22, 23, 24, 25, 26, 27, 28, 29, 30]], pos=[[21, 17, 11, 8, 19, 6, 23, 16, 22, 1, 27, 12, 2, 24, 18, 7, 10, 20, 26, 4, 5, 9, 28, 15, 14, 3, 13, 30, 25, 29], [21, 17, 11, 8, 19, 6, 23, 16, 22, 10, 27, 12, 2, 24, 18, 7, 1, 20, 26, 4, 5, 9, 28, 15, 14, 3, 13, 30, 25, 29], [21, 1, 11, 8, 19, 6, 23, 16, 22, 10, 27, 12, 2, 24, 18, 7, 17, 20, 26, 4, 5, 9, 28, 15, 14, 3, 13, 30, 25, 29], [21, 2, 11, 8, 19, 6, 23, 16, 22, 10, 27, 12, 1, 24, 18, 7, 17, 20, 26, 4, 5, 9, 28, 15, 14, 3, 13, 30, 25, 29], [21, 2, 11, 8, 19, 6, 23, 16, 22, 10, 27, 12, 13, 24, 18, 7, 17, 20, 26, 4, 5, 9, 28, 15, 14, 3, 1, 30, 25, 29], [1, 2, 11, 8, 19, 6, 23, 16, 22, 10, 27, 12, 13, 24, 18, 7, 17, 20, 26, 4, 5, 9, 28, 15, 14, 3, 21, 30, 25, 29], [1, 2, 3, 8, 19, 6, 23, 16, 22, 10, 27, 12, 13, 24, 18, 7, 17, 20, 26, 4, 5, 9, 28, 15, 14, 11, 21, 30, 25, 29], [1, 2, 3, 4, 19, 6, 23, 16, 22, 10, 27, 12, 13, 24, 18, 7, 17, 20, 26, 8, 5, 9, 28, 15, 14, 11, 21, 30, 25, 29], [1, 2, 3, 4, 5, 6, 23, 16, 22, 10, 27, 12, 13, 24, 18, 7, 17, 20, 26, 8, 19, 9, 28, 15, 14, 11, 21, 30, 25, 29], [1, 2, 3, 4, 5, 6, 23, 7, 22, 10, 27, 12, 13, 24, 18, 16, 17, 20, 26, 8, 19, 9, 28, 15, 14, 11, 21, 30, 25, 29], [1, 2, 3, 4, 5, 6, 23, 8, 22, 10, 27, 12, 13, 24, 18, 16, 17, 20, 26, 7, 19, 9, 28, 15, 14, 11, 21, 30, 25, 29], [1, 2, 3, 4, 5, 6, 23, 8, 22, 10, 27, 12, 13, 24, 18, 16, 17, 7, 26, 20, 19, 9, 28, 15, 14, 11, 21, 30, 25, 29], [1, 2, 3, 4, 5, 6, 23, 8, 22, 10, 27, 12, 13, 24, 7, 16, 17, 18, 26, 20, 19, 9, 28, 15, 14, 11, 21, 30, 25, 29], [1, 2, 3, 4, 5, 6, 23, 8, 22, 10, 27, 12, 13, 24, 15, 16, 17, 18, 26, 20, 19, 9, 28, 7, 14, 11, 21, 30, 25, 29], [1, 2, 3, 4, 5, 6, 7, 8, 22, 10, 27, 12, 13, 24, 15, 16, 17, 18, 26, 20, 19, 9, 28, 23, 14, 11, 21, 30, 25, 29], [1, 2, 3, 4, 5, 6, 7, 8, 9, 10, 27, 12, 13, 24, 15, 16, 17, 18, 26, 20, 19, 22, 28, 23, 14, 11, 21, 30, 25, 29], [1, 2, 3, 4, 5, 6, 7, 8, 9, 10, 27, 12, 13, 24, 15, 16, 17, 18, 11, 20, 19, 22, 28, 23, 14, 26, 21, 30, 25, 29], [1, 2, 3, 4, 5, 6, 7, 8, 9, 10, 27, 12, 13, 24, 15, 16, 17, 18, 19, 20, 11, 22, 28, 23, 14, 26, 21, 30, 25, 29], [1, 2, 3, 4, 5, 6, 7, 8, 9, 10, 27, 12, 13, 24, 15, 16, 17, 18, 19, 20, 21, 22, 28, 23, 14, 26, 11, 30, 25, 29], [1, 2, 3, 4, 5, 6, 7, 8, 9, 10, 11, 12, 13, 24, 15, 16, 17, 18, 19, 20, 21, 22, 28, 23, 14, 26, 27, 30, 25, 29], [1, 2, 3, 4, 5, 6, 7, 8, 9, 10, 11, 12, 13, 14, 15, 16, 17, 18, 19, 20, 21, 22, 28, 23, 24, 26, 27, 30, 25, 29], [1, 2, 3, 4, 5, 6, 7, 8, 9, 10, 11, 12, 13, 14, 15, 16, 17, 18, 19, 20, 21, 22, 28, 24, 23, 26, 27, 30, 25, 29], [1, 2, 3, 4, 5, 6, 7, 8, 9, 10, 11, 12, 13, 14, 15, 16, 17, 18, 19, 20, 21, 22, 28, 24, 25, 26, 27, 30, 23, 29], [1, 2, 3, 4, 5, 6, 7, 8, 9, 10, 11, 12, 13, 14, 15, 16, 17, 18, 19, 20, 21, 22, 23, 24, 25, 26, 27, 30, 28, 29], [1, 2, 3, 4, 5, 6, 7, 8, 9, 10, 11, 12, 13, 14, 15, 16, 17, 18, 19, 20, 21, 22, 23, 24, 25, 26, 27, 30, 29, 28], [1, 2, 3, 4, 5, 6, 7, 8, 9, 10, 11, 12, 13, 14, 15, 16, 17, 18, 19, 20, 21, 22, 23, 24, 25, 26, 27, 28, 29, 30]], idx1=[1, 1, 1, 1, 1, 3, 4, 5, 7, 7, 7, 7, 7, 7, 9, 11, 11, 11, 11, 14, 23, 23, 23, 28, 28], idx2=[10, 17, 2, 13, 21, 11, 8, 19, 16, 8, 20, 18, 15, 23, 22, 26, 19, 21, 27, 24, 24, 25, 28, 29, 30], _checker='')