============================================================
BENCHMARK ID: 24 | DIMENSIONE: 15 | STRATEGIA: firstfail_split
============================================================

Input Vector: [12, 2, 5, 1, 10, 11, 6, 4, 15, 14, 7, 3, 9, 8, 13]

STATO: RISOLTO
K: 11
TEMPO: 0.2750s
----------------------------------------
PIANO:
Solution(v=[[12, 2, 5, 1, 10, 11, 6, 4, 15, 14, 7, 3, 9, 8, 13], [1, 2, 5, 12, 10, 11, 6, 4, 15, 14, 7, 3, 9, 8, 13], [1, 2, 10, 12, 5, 11, 6, 4, 15, 14, 7, 3, 9, 8, 13], [1, 2, 14, 12, 5, 11, 6, 4, 15, 10, 7, 3, 9, 8, 13], [1, 2, 3, 12, 5, 11, 6, 4, 15, 10, 7, 14, 9, 8, 13], [1, 2, 3, 4, 5, 11, 6, 12, 15, 10, 7, 14, 9, 8, 13], [1, 2, 3, 4, 5, 6, 11, 12, 15, 10, 7, 14, 9, 8, 13], [1, 2, 3, 4, 5, 6, 7, 12, 15, 10, 11, 14, 9, 8, 13], [1, 2, 3, 4, 5, 6, 7, 14, 15, 10, 11, 12, 9, 8, 13], [1, 2, 3, 4, 5, 6, 7, 8, 15, 10, 11, 12, 9, 14, 13], [1, 2, 3, 4, 5, 6, 7, 8, 9, 10, 11, 12, 15, 14, 13], [1, 2, 3, 4, 5, 6, 7, 8, 9, 10, 11, 12, 13, 14, 15]], pos=[[4, 2, 12, 8, 3, 7, 11, 14, 13, 5, 6, 1, 15, 10, 9], [1, 2, 12, 8, 3, 7, 11, 14, 13, 5, 6, 4, 15, 10, 9], [1, 2, 12, 8, 5, 7, 11, 14, 13, 3, 6, 4, 15, 10, 9], [1, 2, 12, 8, 5, 7, 11, 14, 13, 10, 6, 4, 15, 3, 9], [1, 2, 3, 8, 5, 7, 11, 14, 13, 10, 6, 4, 15, 12, 9], [1, 2, 3, 4, 5, 7, 11, 14, 13, 10, 6, 8, 15, 12, 9], [1, 2, 3, 4, 5, 6, 11, 14, 13, 10, 7, 8, 15, 12, 9], [1, 2, 3, 4, 5, 6, 7, 14, 13, 10, 11, 8, 15, 12, 9], [1, 2, 3, 4, 5, 6, 7, 14, 13, 10, 11, 12, 15, 8, 9], [1, 2, 3, 4, 5, 6, 7, 8, 13, 10, 11, 12, 15, 14, 9], [1, 2, 3, 4, 5, 6, 7, 8, 9, 10, 11, 12, 15, 14, 13], [1, 2, 3, 4, 5, 6, 7, 8, 9, 10, 11, 12, 13, 14, 15]], idx1=[1, 3, 3, 3, 4, 6, 7, 8, 8, 9, 13], idx2=[4, 5, 10, 12, 8, 7, 11, 12, 14, 13, 15], _checker='')