============================================================
BENCHMARK ID: 47 | DIMENSIONE: 25 | STRATEGIA: firstfail_split
============================================================

Input Vector: [14, 7, 16, 10, 22, 17, 6, 25, 15, 8, 1, 20, 13, 19, 11, 9, 2, 12, 23, 21, 4, 18, 5, 24, 3]

STATO: RISOLTO
K: 21
TEMPO: 0.2750s
----------------------------------------
PIANO:
Solution(v=[[14, 7, 16, 10, 22, 17, 6, 25, 15, 8, 1, 20, 13, 19, 11, 9, 2, 12, 23, 21, 4, 18, 5, 24, 3], [1, 7, 16, 10, 22, 17, 6, 25, 15, 8, 14, 20, 13, 19, 11, 9, 2, 12, 23, 21, 4, 18, 5, 24, 3], [1, 6, 16, 10, 22, 17, 7, 25, 15, 8, 14, 20, 13, 19, 11, 9, 2, 12, 23, 21, 4, 18, 5, 24, 3], [1, 17, 16, 10, 22, 6, 7, 25, 15, 8, 14, 20, 13, 19, 11, 9, 2, 12, 23, 21, 4, 18, 5, 24, 3], [1, 2, 16, 10, 22, 6, 7, 25, 15, 8, 14, 20, 13, 19, 11, 9, 17, 12, 23, 21, 4, 18, 5, 24, 3], [1, 2, 9, 10, 22, 6, 7, 25, 15, 8, 14, 20, 13, 19, 11, 16, 17, 12, 23, 21, 4, 18, 5, 24, 3], [1, 2, 15, 10, 22, 6, 7, 25, 9, 8, 14, 20, 13, 19, 11, 16, 17, 12, 23, 21, 4, 18, 5, 24, 3], [1, 2, 11, 10, 22, 6, 7, 25, 9, 8, 14, 20, 13, 19, 15, 16, 17, 12, 23, 21, 4, 18, 5, 24, 3], [1, 2, 14, 10, 22, 6, 7, 25, 9, 8, 11, 20, 13, 19, 15, 16, 17, 12, 23, 21, 4, 18, 5, 24, 3], [1, 2, 19, 10, 22, 6, 7, 25, 9, 8, 11, 20, 13, 14, 15, 16, 17, 12, 23, 21, 4, 18, 5, 24, 3], [1, 2, 23, 10, 22, 6, 7, 25, 9, 8, 11, 20, 13, 14, 15, 16, 17, 12, 19, 21, 4, 18, 5, 24, 3], [1, 2, 5, 10, 22, 6, 7, 25, 9, 8, 11, 20, 13, 14, 15, 16, 17, 12, 19, 21, 4, 18, 23, 24, 3], [1, 2, 22, 10, 5, 6, 7, 25, 9, 8, 11, 20, 13, 14, 15, 16, 17, 12, 19, 21, 4, 18, 23, 24, 3], [1, 2, 18, 10, 5, 6, 7, 25, 9, 8, 11, 20, 13, 14, 15, 16, 17, 12, 19, 21, 4, 22, 23, 24, 3], [1, 2, 12, 10, 5, 6, 7, 25, 9, 8, 11, 20, 13, 14, 15, 16, 17, 18, 19, 21, 4, 22, 23, 24, 3], [1, 2, 20, 10, 5, 6, 7, 25, 9, 8, 11, 12, 13, 14, 15, 16, 17, 18, 19, 21, 4, 22, 23, 24, 3], [1, 2, 21, 10, 5, 6, 7, 25, 9, 8, 11, 12, 13, 14, 15, 16, 17, 18, 19, 20, 4, 22, 23, 24, 3], [1, 2, 4, 10, 5, 6, 7, 25, 9, 8, 11, 12, 13, 14, 15, 16, 17, 18, 19, 20, 21, 22, 23, 24, 3], [1, 2, 10, 4, 5, 6, 7, 25, 9, 8, 11, 12, 13, 14, 15, 16, 17, 18, 19, 20, 21, 22, 23, 24, 3], [1, 2, 8, 4, 5, 6, 7, 25, 9, 10, 11, 12, 13, 14, 15, 16, 17, 18, 19, 20, 21, 22, 23, 24, 3], [1, 2, 25, 4, 5, 6, 7, 8, 9, 10, 11, 12, 13, 14, 15, 16, 17, 18, 19, 20, 21, 22, 23, 24, 3], [1, 2, 3, 4, 5, 6, 7, 8, 9, 10, 11, 12, 13, 14, 15, 16, 17, 18, 19, 20, 21, 22, 23, 24, 25]], pos=[[11, 17, 25, 21, 23, 7, 2, 10, 16, 4, 15, 18, 13, 1, 9, 3, 6, 22, 14, 12, 20, 5, 19, 24, 8], [1, 17, 25, 21, 23, 7, 2, 10, 16, 4, 15, 18, 13, 11, 9, 3, 6, 22, 14, 12, 20, 5, 19, 24, 8], [1, 17, 25, 21, 23, 2, 7, 10, 16, 4, 15, 18, 13, 11, 9, 3, 6, 22, 14, 12, 20, 5, 19, 24, 8], [1, 17, 25, 21, 23, 6, 7, 10, 16, 4, 15, 18, 13, 11, 9, 3, 2, 22, 14, 12, 20, 5, 19, 24, 8], [1, 2, 25, 21, 23, 6, 7, 10, 16, 4, 15, 18, 13, 11, 9, 3, 17, 22, 14, 12, 20, 5, 19, 24, 8], [1, 2, 25, 21, 23, 6, 7, 10, 3, 4, 15, 18, 13, 11, 9, 16, 17, 22, 14, 12, 20, 5, 19, 24, 8], [1, 2, 25, 21, 23, 6, 7, 10, 9, 4, 15, 18, 13, 11, 3, 16, 17, 22, 14, 12, 20, 5, 19, 24, 8], [1, 2, 25, 21, 23, 6, 7, 10, 9, 4, 3, 18, 13, 11, 15, 16, 17, 22, 14, 12, 20, 5, 19, 24, 8], [1, 2, 25, 21, 23, 6, 7, 10, 9, 4, 11, 18, 13, 3, 15, 16, 17, 22, 14, 12, 20, 5, 19, 24, 8], [1, 2, 25, 21, 23, 6, 7, 10, 9, 4, 11, 18, 13, 14, 15, 16, 17, 22, 3, 12, 20, 5, 19, 24, 8], [1, 2, 25, 21, 23, 6, 7, 10, 9, 4, 11, 18, 13, 14, 15, 16, 17, 22, 19, 12, 20, 5, 3, 24, 8], [1, 2, 25, 21, 3, 6, 7, 10, 9, 4, 11, 18, 13, 14, 15, 16, 17, 22, 19, 12, 20, 5, 23, 24, 8], [1, 2, 25, 21, 5, 6, 7, 10, 9, 4, 11, 18, 13, 14, 15, 16, 17, 22, 19, 12, 20, 3, 23, 24, 8], [1, 2, 25, 21, 5, 6, 7, 10, 9, 4, 11, 18, 13, 14, 15, 16, 17, 3, 19, 12, 20, 22, 23, 24, 8], [1, 2, 25, 21, 5, 6, 7, 10, 9, 4, 11, 3, 13, 14, 15, 16, 17, 18, 19, 12, 20, 22, 23, 24, 8], [1, 2, 25, 21, 5, 6, 7, 10, 9, 4, 11, 12, 13, 14, 15, 16, 17, 18, 19, 3, 20, 22, 23, 24, 8], [1, 2, 25, 21, 5, 6, 7, 10, 9, 4, 11, 12, 13, 14, 15, 16, 17, 18, 19, 20, 3, 22, 23, 24, 8], [1, 2, 25, 3, 5, 6, 7, 10, 9, 4, 11, 12, 13, 14, 15, 16, 17, 18, 19, 20, 21, 22, 23, 24, 8], [1, 2, 25, 4, 5, 6, 7, 10, 9, 3, 11, 12, 13, 14, 15, 16, 17, 18, 19, 20, 21, 22, 23, 24, 8], [1, 2, 25, 4, 5, 6, 7, 3, 9, 10, 11, 12, 13, 14, 15, 16, 17, 18, 19, 20, 21, 22, 23, 24, 8], [1, 2, 25, 4, 5, 6, 7, 8, 9, 10, 11, 12, 13, 14, 15, 16, 17, 18, 19, 20, 21, 22, 23, 24, 3], [1, 2, 3, 4, 5, 6, 7, 8, 9, 10, 11, 12, 13, 14, 15, 16, 17, 18, 19, 20, 21, 22, 23, 24, 25]], idx1=[1, 2, 2, 2, 3, 3, 3, 3, 3, 3, 3, 3, 3, 3, 3, 3, 3, 3, 3, 3, 3], idx2=[11, 7, 6, 17, 16, 9, 15, 11, 14, 19, 23, 5, 22, 18, 12, 20, 21, 4, 10, 8, 25], _checker='')