============================================================
BENCHMARK ID: 19 | DIMENSIONE: 10 | STRATEGIA: firstfail_split
============================================================

Input Vector: [10, 3, 4, 7, 2, 5, 6, 1, 8, 9]

STATO: RISOLTO
K: 8
TEMPO: 0.2470s
----------------------------------------
PIANO:
Solution(v=[[10, 3, 4, 7, 2, 5, 6, 1, 8, 9], [1, 3, 4, 7, 2, 5, 6, 10, 8, 9], [1, 4, 3, 7, 2, 5, 6, 10, 8, 9], [1, 7, 3, 4, 2, 5, 6, 10, 8, 9], [1, 2, 3, 4, 7, 5, 6, 10, 8, 9], [1, 2, 3, 4, 5, 7, 6, 10, 8, 9], [1, 2, 3, 4, 5, 6, 7, 10, 8, 9], [1, 2, 3, 4, 5, 6, 7, 8, 10, 9], [1, 2, 3, 4, 5, 6, 7, 8, 9, 10]], pos=[[8, 5, 2, 3, 6, 7, 4, 9, 10, 1], [1, 5, 2, 3, 6, 7, 4, 9, 10, 8], [1, 5, 3, 2, 6, 7, 4, 9, 10, 8], [1, 5, 3, 4, 6, 7, 2, 9, 10, 8], [1, 2, 3, 4, 6, 7, 5, 9, 10, 8], [1, 2, 3, 4, 5, 7, 6, 9, 10, 8], [1, 2, 3, 4, 5, 6, 7, 9, 10, 8], [1, 2, 3, 4, 5, 6, 7, 8, 10, 9], [1, 2, 3, 4, 5, 6, 7, 8, 9, 10]], idx1=[1, 2, 2, 2, 5, 6, 8, 9], idx2=[8, 3, 4, 5, 6, 7, 9, 10], _checker='')