============================================================
BENCHMARK ID: 22 | DIMENSIONE: 15 | STRATEGIA: firstfail_split
============================================================

Input Vector: [11, 8, 15, 10, 5, 14, 4, 7, 3, 1, 9, 13, 6, 12, 2]

STATO: RISOLTO
K: 12
TEMPO: 0.3220s
----------------------------------------
PIANO:
Solution(v=[[11, 8, 15, 10, 5, 14, 4, 7, 3, 1, 9, 13, 6, 12, 2], [1, 8, 15, 10, 5, 14, 4, 7, 3, 11, 9, 13, 6, 12, 2], [1, 7, 15, 10, 5, 14, 4, 8, 3, 11, 9, 13, 6, 12, 2], [1, 4, 15, 10, 5, 14, 7, 8, 3, 11, 9, 13, 6, 12, 2], [1, 10, 15, 4, 5, 14, 7, 8, 3, 11, 9, 13, 6, 12, 2], [1, 11, 15, 4, 5, 14, 7, 8, 3, 10, 9, 13, 6, 12, 2], [1, 9, 15, 4, 5, 14, 7, 8, 3, 10, 11, 13, 6, 12, 2], [1, 3, 15, 4, 5, 14, 7, 8, 9, 10, 11, 13, 6, 12, 2], [1, 15, 3, 4, 5, 14, 7, 8, 9, 10, 11, 13, 6, 12, 2], [1, 2, 3, 4, 5, 14, 7, 8, 9, 10, 11, 13, 6, 12, 15], [1, 2, 3, 4, 5, 6, 7, 8, 9, 10, 11, 13, 14, 12, 15], [1, 2, 3, 4, 5, 6, 7, 8, 9, 10, 11, 14, 13, 12, 15], [1, 2, 3, 4, 5, 6, 7, 8, 9, 10, 11, 12, 13, 14, 15]], pos=[[10, 15, 9, 7, 5, 13, 8, 2, 11, 4, 1, 14, 12, 6, 3], [1, 15, 9, 7, 5, 13, 8, 2, 11, 4, 10, 14, 12, 6, 3], [1, 15, 9, 7, 5, 13, 2, 8, 11, 4, 10, 14, 12, 6, 3], [1, 15, 9, 2, 5, 13, 7, 8, 11, 4, 10, 14, 12, 6, 3], [1, 15, 9, 4, 5, 13, 7, 8, 11, 2, 10, 14, 12, 6, 3], [1, 15, 9, 4, 5, 13, 7, 8, 11, 10, 2, 14, 12, 6, 3], [1, 15, 9, 4, 5, 13, 7, 8, 2, 10, 11, 14, 12, 6, 3], [1, 15, 2, 4, 5, 13, 7, 8, 9, 10, 11, 14, 12, 6, 3], [1, 15, 3, 4, 5, 13, 7, 8, 9, 10, 11, 14, 12, 6, 2], [1, 2, 3, 4, 5, 13, 7, 8, 9, 10, 11, 14, 12, 6, 15], [1, 2, 3, 4, 5, 6, 7, 8, 9, 10, 11, 14, 12, 13, 15], [1, 2, 3, 4, 5, 6, 7, 8, 9, 10, 11, 14, 13, 12, 15], [1, 2, 3, 4, 5, 6, 7, 8, 9, 10, 11, 12, 13, 14, 15]], idx1=[1, 2, 2, 2, 2, 2, 2, 2, 2, 6, 12, 12], idx2=[10, 8, 7, 4, 10, 11, 9, 3, 15, 13, 13, 14], _checker='')