============================================================
BENCHMARK ID: 43 | DIMENSIONE: 25 | STRATEGIA: firstfail_split
============================================================

Input Vector: [18, 8, 4, 17, 9, 10, 12, 22, 16, 3, 6, 15, 7, 21, 19, 24, 25, 20, 1, 5, 13, 23, 11, 2, 14]

STATO: RISOLTO
K: 24
TEMPO: 0.2270s
----------------------------------------
PIANO:
Solution(v=[[18, 8, 4, 17, 9, 10, 12, 22, 16, 3, 6, 15, 7, 21, 19, 24, 25, 20, 1, 5, 13, 23, 11, 2, 14], [20, 8, 4, 17, 9, 10, 12, 22, 16, 3, 6, 15, 7, 21, 19, 24, 25, 18, 1, 5, 13, 23, 11, 2, 14], [1, 8, 4, 17, 9, 10, 12, 22, 16, 3, 6, 15, 7, 21, 19, 24, 25, 18, 20, 5, 13, 23, 11, 2, 14], [1, 22, 4, 17, 9, 10, 12, 8, 16, 3, 6, 15, 7, 21, 19, 24, 25, 18, 20, 5, 13, 23, 11, 2, 14], [1, 23, 4, 17, 9, 10, 12, 8, 16, 3, 6, 15, 7, 21, 19, 24, 25, 18, 20, 5, 13, 22, 11, 2, 14], [1, 11, 4, 17, 9, 10, 12, 8, 16, 3, 6, 15, 7, 21, 19, 24, 25, 18, 20, 5, 13, 22, 23, 2, 14], [1, 6, 4, 17, 9, 10, 12, 8, 16, 3, 11, 15, 7, 21, 19, 24, 25, 18, 20, 5, 13, 22, 23, 2, 14], [1, 10, 4, 17, 9, 6, 12, 8, 16, 3, 11, 15, 7, 21, 19, 24, 25, 18, 20, 5, 13, 22, 23, 2, 14], [1, 3, 4, 17, 9, 6, 12, 8, 16, 10, 11, 15, 7, 21, 19, 24, 25, 18, 20, 5, 13, 22, 23, 2, 14], [1, 4, 3, 17, 9, 6, 12, 8, 16, 10, 11, 15, 7, 21, 19, 24, 25, 18, 20, 5, 13, 22, 23, 2, 14], [1, 17, 3, 4, 9, 6, 12, 8, 16, 10, 11, 15, 7, 21, 19, 24, 25, 18, 20, 5, 13, 22, 23, 2, 14], [1, 25, 3, 4, 9, 6, 12, 8, 16, 10, 11, 15, 7, 21, 19, 24, 17, 18, 20, 5, 13, 22, 23, 2, 14], [1, 2, 3, 4, 9, 6, 12, 8, 16, 10, 11, 15, 7, 21, 19, 24, 17, 18, 20, 5, 13, 22, 23, 25, 14], [1, 2, 3, 4, 16, 6, 12, 8, 9, 10, 11, 15, 7, 21, 19, 24, 17, 18, 20, 5, 13, 22, 23, 25, 14], [1, 2, 3, 4, 24, 6, 12, 8, 9, 10, 11, 15, 7, 21, 19, 16, 17, 18, 20, 5, 13, 22, 23, 25, 14], [1, 2, 3, 4, 5, 6, 12, 8, 9, 10, 11, 15, 7, 21, 19, 16, 17, 18, 20, 24, 13, 22, 23, 25, 14], [1, 2, 3, 4, 5, 6, 15, 8, 9, 10, 11, 12, 7, 21, 19, 16, 17, 18, 20, 24, 13, 22, 23, 25, 14], [1, 2, 3, 4, 5, 6, 7, 8, 9, 10, 11, 12, 15, 21, 19, 16, 17, 18, 20, 24, 13, 22, 23, 25, 14], [1, 2, 3, 4, 5, 6, 7, 8, 9, 10, 11, 12, 19, 21, 15, 16, 17, 18, 20, 24, 13, 22, 23, 25, 14], [1, 2, 3, 4, 5, 6, 7, 8, 9, 10, 11, 12, 20, 21, 15, 16, 17, 18, 19, 24, 13, 22, 23, 25, 14], [1, 2, 3, 4, 5, 6, 7, 8, 9, 10, 11, 12, 24, 21, 15, 16, 17, 18, 19, 20, 13, 22, 23, 25, 14], [1, 2, 3, 4, 5, 6, 7, 8, 9, 10, 11, 12, 13, 21, 15, 16, 17, 18, 19, 20, 24, 22, 23, 25, 14], [1, 2, 3, 4, 5, 6, 7, 8, 9, 10, 11, 12, 13, 24, 15, 16, 17, 18, 19, 20, 21, 22, 23, 25, 14], [1, 2, 3, 4, 5, 6, 7, 8, 9, 10, 11, 12, 13, 25, 15, 16, 17, 18, 19, 20, 21, 22, 23, 24, 14], [1, 2, 3, 4, 5, 6, 7, 8, 9, 10, 11, 12, 13, 14, 15, 16, 17, 18, 19, 20, 21, 22, 23, 24, 25]], pos=[[19, 24, 10, 3, 20, 11, 13, 2, 5, 6, 23, 7, 21, 25, 12, 9, 4, 1, 15, 18, 14, 8, 22, 16, 17], [19, 24, 10, 3, 20, 11, 13, 2, 5, 6, 23, 7, 21, 25, 12, 9, 4, 18, 15, 1, 14, 8, 22, 16, 17], [1, 24, 10, 3, 20, 11, 13, 2, 5, 6, 23, 7, 21, 25, 12, 9, 4, 18, 15, 19, 14, 8, 22, 16, 17], [1, 24, 10, 3, 20, 11, 13, 8, 5, 6, 23, 7, 21, 25, 12, 9, 4, 18, 15, 19, 14, 2, 22, 16, 17], [1, 24, 10, 3, 20, 11, 13, 8, 5, 6, 23, 7, 21, 25, 12, 9, 4, 18, 15, 19, 14, 22, 2, 16, 17], [1, 24, 10, 3, 20, 11, 13, 8, 5, 6, 2, 7, 21, 25, 12, 9, 4, 18, 15, 19, 14, 22, 23, 16, 17], [1, 24, 10, 3, 20, 2, 13, 8, 5, 6, 11, 7, 21, 25, 12, 9, 4, 18, 15, 19, 14, 22, 23, 16, 17], [1, 24, 10, 3, 20, 6, 13, 8, 5, 2, 11, 7, 21, 25, 12, 9, 4, 18, 15, 19, 14, 22, 23, 16, 17], [1, 24, 2, 3, 20, 6, 13, 8, 5, 10, 11, 7, 21, 25, 12, 9, 4, 18, 15, 19, 14, 22, 23, 16, 17], [1, 24, 3, 2, 20, 6, 13, 8, 5, 10, 11, 7, 21, 25, 12, 9, 4, 18, 15, 19, 14, 22, 23, 16, 17], [1, 24, 3, 4, 20, 6, 13, 8, 5, 10, 11, 7, 21, 25, 12, 9, 2, 18, 15, 19, 14, 22, 23, 16, 17], [1, 24, 3, 4, 20, 6, 13, 8, 5, 10, 11, 7, 21, 25, 12, 9, 17, 18, 15, 19, 14, 22, 23, 16, 2], [1, 2, 3, 4, 20, 6, 13, 8, 5, 10, 11, 7, 21, 25, 12, 9, 17, 18, 15, 19, 14, 22, 23, 16, 24], [1, 2, 3, 4, 20, 6, 13, 8, 9, 10, 11, 7, 21, 25, 12, 5, 17, 18, 15, 19, 14, 22, 23, 16, 24], [1, 2, 3, 4, 20, 6, 13, 8, 9, 10, 11, 7, 21, 25, 12, 16, 17, 18, 15, 19, 14, 22, 23, 5, 24], [1, 2, 3, 4, 5, 6, 13, 8, 9, 10, 11, 7, 21, 25, 12, 16, 17, 18, 15, 19, 14, 22, 23, 20, 24], [1, 2, 3, 4, 5, 6, 13, 8, 9, 10, 11, 12, 21, 25, 7, 16, 17, 18, 15, 19, 14, 22, 23, 20, 24], [1, 2, 3, 4, 5, 6, 7, 8, 9, 10, 11, 12, 21, 25, 13, 16, 17, 18, 15, 19, 14, 22, 23, 20, 24], [1, 2, 3, 4, 5, 6, 7, 8, 9, 10, 11, 12, 21, 25, 15, 16, 17, 18, 13, 19, 14, 22, 23, 20, 24], [1, 2, 3, 4, 5, 6, 7, 8, 9, 10, 11, 12, 21, 25, 15, 16, 17, 18, 19, 13, 14, 22, 23, 20, 24], [1, 2, 3, 4, 5, 6, 7, 8, 9, 10, 11, 12, 21, 25, 15, 16, 17, 18, 19, 20, 14, 22, 23, 13, 24], [1, 2, 3, 4, 5, 6, 7, 8, 9, 10, 11, 12, 13, 25, 15, 16, 17, 18, 19, 20, 14, 22, 23, 21, 24], [1, 2, 3, 4, 5, 6, 7, 8, 9, 10, 11, 12, 13, 25, 15, 16, 17, 18, 19, 20, 21, 22, 23, 14, 24], [1, 2, 3, 4, 5, 6, 7, 8, 9, 10, 11, 12, 13, 25, 15, 16, 17, 18, 19, 20, 21, 22, 23, 24, 14], [1, 2, 3, 4, 5, 6, 7, 8, 9, 10, 11, 12, 13, 14, 15, 16, 17, 18, 19, 20, 21, 22, 23, 24, 25]], idx1=[1, 1, 2, 2, 2, 2, 2, 2, 2, 2, 2, 2, 5, 5, 5, 7, 7, 13, 13, 13, 13, 14, 14, 14], idx2=[18, 19, 8, 22, 23, 11, 6, 10, 3, 4, 17, 24, 9, 16, 20, 12, 13, 15, 19, 20, 21, 21, 24, 25], _checker='')