============================================================
BENCHMARK ID: 25 | DIMENSIONE: 15 | STRATEGIA: firstfail_split
============================================================

Input Vector: [10, 4, 15, 7, 6, 13, 9, 5, 14, 3, 1, 11, 12, 8, 2]

STATO: RISOLTO
K: 14
TEMPO: 0.2400s
----------------------------------------
PIANO:
Solution(v=[[10, 4, 15, 7, 6, 13, 9, 5, 14, 3, 1, 11, 12, 8, 2], [3, 4, 15, 7, 6, 13, 9, 5, 14, 10, 1, 11, 12, 8, 2], [15, 4, 3, 7, 6, 13, 9, 5, 14, 10, 1, 11, 12, 8, 2], [1, 4, 3, 7, 6, 13, 9, 5, 14, 10, 15, 11, 12, 8, 2], [1, 7, 3, 4, 6, 13, 9, 5, 14, 10, 15, 11, 12, 8, 2], [1, 9, 3, 4, 6, 13, 7, 5, 14, 10, 15, 11, 12, 8, 2], [1, 14, 3, 4, 6, 13, 7, 5, 9, 10, 15, 11, 12, 8, 2], [1, 8, 3, 4, 6, 13, 7, 5, 9, 10, 15, 11, 12, 14, 2], [1, 5, 3, 4, 6, 13, 7, 8, 9, 10, 15, 11, 12, 14, 2], [1, 6, 3, 4, 5, 13, 7, 8, 9, 10, 15, 11, 12, 14, 2], [1, 13, 3, 4, 5, 6, 7, 8, 9, 10, 15, 11, 12, 14, 2], [1, 12, 3, 4, 5, 6, 7, 8, 9, 10, 15, 11, 13, 14, 2], [1, 11, 3, 4, 5, 6, 7, 8, 9, 10, 15, 12, 13, 14, 2], [1, 15, 3, 4, 5, 6, 7, 8, 9, 10, 11, 12, 13, 14, 2], [1, 2, 3, 4, 5, 6, 7, 8, 9, 10, 11, 12, 13, 14, 15]], pos=[[11, 15, 10, 2, 8, 5, 4, 14, 7, 1, 12, 13, 6, 9, 3], [11, 15, 1, 2, 8, 5, 4, 14, 7, 10, 12, 13, 6, 9, 3], [11, 15, 3, 2, 8, 5, 4, 14, 7, 10, 12, 13, 6, 9, 1], [1, 15, 3, 2, 8, 5, 4, 14, 7, 10, 12, 13, 6, 9, 11], [1, 15, 3, 4, 8, 5, 2, 14, 7, 10, 12, 13, 6, 9, 11], [1, 15, 3, 4, 8, 5, 7, 14, 2, 10, 12, 13, 6, 9, 11], [1, 15, 3, 4, 8, 5, 7, 14, 9, 10, 12, 13, 6, 2, 11], [1, 15, 3, 4, 8, 5, 7, 2, 9, 10, 12, 13, 6, 14, 11], [1, 15, 3, 4, 2, 5, 7, 8, 9, 10, 12, 13, 6, 14, 11], [1, 15, 3, 4, 5, 2, 7, 8, 9, 10, 12, 13, 6, 14, 11], [1, 15, 3, 4, 5, 6, 7, 8, 9, 10, 12, 13, 2, 14, 11], [1, 15, 3, 4, 5, 6, 7, 8, 9, 10, 12, 2, 13, 14, 11], [1, 15, 3, 4, 5, 6, 7, 8, 9, 10, 2, 12, 13, 14, 11], [1, 15, 3, 4, 5, 6, 7, 8, 9, 10, 11, 12, 13, 14, 2], [1, 2, 3, 4, 5, 6, 7, 8, 9, 10, 11, 12, 13, 14, 15]], idx1=[1, 1, 1, 2, 2, 2, 2, 2, 2, 2, 2, 2, 2, 2], idx2=[10, 3, 11, 4, 7, 9, 14, 8, 5, 6, 13, 12, 11, 15], _checker='')