============================================================
BENCHMARK ID: 16 | DIMENSIONE: 10 | STRATEGIA: firstfail_split
============================================================

Input Vector: [5, 1, 3, 2, 9, 6, 4, 8, 7, 10]

STATO: RISOLTO
K: 5
TEMPO: 0.2450s
----------------------------------------
PIANO:
Solution(v=[[5, 1, 3, 2, 9, 6, 4, 8, 7, 10], [1, 5, 3, 2, 9, 6, 4, 8, 7, 10], [1, 2, 3, 5, 9, 6, 4, 8, 7, 10], [1, 2, 3, 9, 5, 6, 4, 8, 7, 10], [1, 2, 3, 4, 5, 6, 9, 8, 7, 10], [1, 2, 3, 4, 5, 6, 7, 8, 9, 10]], pos=[[2, 4, 3, 7, 1, 6, 9, 8, 5, 10], [1, 4, 3, 7, 2, 6, 9, 8, 5, 10], [1, 2, 3, 7, 4, 6, 9, 8, 5, 10], [1, 2, 3, 7, 5, 6, 9, 8, 4, 10], [1, 2, 3, 4, 5, 6, 9, 8, 7, 10], [1, 2, 3, 4, 5, 6, 7, 8, 9, 10]], idx1=[1, 2, 4, 4, 7], idx2=[2, 4, 5, 7, 9], _checker='')