============================================================
BENCHMARK ID: 18 | DIMENSIONE: 10 | STRATEGIA: firstfail_split
============================================================

Input Vector: [3, 9, 10, 6, 4, 7, 1, 2, 5, 8]

STATO: RISOLTO
K: 9
TEMPO: 0.2530s
----------------------------------------
PIANO:
Solution(v=[[3, 9, 10, 6, 4, 7, 1, 2, 5, 8], [10, 9, 3, 6, 4, 7, 1, 2, 5, 8], [1, 9, 3, 6, 4, 7, 10, 2, 5, 8], [1, 2, 3, 6, 4, 7, 10, 9, 5, 8], [1, 2, 3, 4, 6, 7, 10, 9, 5, 8], [1, 2, 3, 4, 7, 6, 10, 9, 5, 8], [1, 2, 3, 4, 10, 6, 7, 9, 5, 8], [1, 2, 3, 4, 5, 6, 7, 9, 10, 8], [1, 2, 3, 4, 5, 6, 7, 10, 9, 8], [1, 2, 3, 4, 5, 6, 7, 8, 9, 10]], pos=[[7, 8, 1, 5, 9, 4, 6, 10, 2, 3], [7, 8, 3, 5, 9, 4, 6, 10, 2, 1], [1, 8, 3, 5, 9, 4, 6, 10, 2, 7], [1, 2, 3, 5, 9, 4, 6, 10, 8, 7], [1, 2, 3, 4, 9, 5, 6, 10, 8, 7], [1, 2, 3, 4, 9, 6, 5, 10, 8, 7], [1, 2, 3, 4, 9, 6, 7, 10, 8, 5], [1, 2, 3, 4, 5, 6, 7, 10, 8, 9], [1, 2, 3, 4, 5, 6, 7, 10, 9, 8], [1, 2, 3, 4, 5, 6, 7, 8, 9, 10]], idx1=[1, 1, 2, 4, 5, 5, 5, 8, 8], idx2=[3, 7, 8, 5, 6, 7, 9, 9, 10], _checker='')