============================================================
BENCHMARK ID: 37 | DIMENSIONE: 20 | STRATEGIA: firstfail_split
============================================================

Input Vector: [18, 12, 10, 4, 16, 13, 8, 6, 15, 20, 11, 19, 3, 1, 17, 9, 14, 7, 5, 2]

STATO: RISOLTO
K: 17
TEMPO: 0.2630s
----------------------------------------
PIANO:
Solution(v=[[18, 12, 10, 4, 16, 13, 8, 6, 15, 20, 11, 19, 3, 1, 17, 9, 14, 7, 5, 2], [1, 12, 10, 4, 16, 13, 8, 6, 15, 20, 11, 19, 3, 18, 17, 9, 14, 7, 5, 2], [1, 19, 10, 4, 16, 13, 8, 6, 15, 20, 11, 12, 3, 18, 17, 9, 14, 7, 5, 2], [1, 5, 10, 4, 16, 13, 8, 6, 15, 20, 11, 12, 3, 18, 17, 9, 14, 7, 19, 2], [1, 16, 10, 4, 5, 13, 8, 6, 15, 20, 11, 12, 3, 18, 17, 9, 14, 7, 19, 2], [1, 9, 10, 4, 5, 13, 8, 6, 15, 20, 11, 12, 3, 18, 17, 16, 14, 7, 19, 2], [1, 15, 10, 4, 5, 13, 8, 6, 9, 20, 11, 12, 3, 18, 17, 16, 14, 7, 19, 2], [1, 17, 10, 4, 5, 13, 8, 6, 9, 20, 11, 12, 3, 18, 15, 16, 14, 7, 19, 2], [1, 14, 10, 4, 5, 13, 8, 6, 9, 20, 11, 12, 3, 18, 15, 16, 17, 7, 19, 2], [1, 18, 10, 4, 5, 13, 8, 6, 9, 20, 11, 12, 3, 14, 15, 16, 17, 7, 19, 2], [1, 7, 10, 4, 5, 13, 8, 6, 9, 20, 11, 12, 3, 14, 15, 16, 17, 18, 19, 2], [1, 8, 10, 4, 5, 13, 7, 6, 9, 20, 11, 12, 3, 14, 15, 16, 17, 18, 19, 2], [1, 6, 10, 4, 5, 13, 7, 8, 9, 20, 11, 12, 3, 14, 15, 16, 17, 18, 19, 2], [1, 13, 10, 4, 5, 6, 7, 8, 9, 20, 11, 12, 3, 14, 15, 16, 17, 18, 19, 2], [1, 3, 10, 4, 5, 6, 7, 8, 9, 20, 11, 12, 13, 14, 15, 16, 17, 18, 19, 2], [1, 10, 3, 4, 5, 6, 7, 8, 9, 20, 11, 12, 13, 14, 15, 16, 17, 18, 19, 2], [1, 20, 3, 4, 5, 6, 7, 8, 9, 10, 11, 12, 13, 14, 15, 16, 17, 18, 19, 2], [1, 2, 3, 4, 5, 6, 7, 8, 9, 10, 11, 12, 13, 14, 15, 16, 17, 18, 19, 20]], pos=[[14, 20, 13, 4, 19, 8, 18, 7, 16, 3, 11, 2, 6, 17, 9, 5, 15, 1, 12, 10], [1, 20, 13, 4, 19, 8, 18, 7, 16, 3, 11, 2, 6, 17, 9, 5, 15, 14, 12, 10], [1, 20, 13, 4, 19, 8, 18, 7, 16, 3, 11, 12, 6, 17, 9, 5, 15, 14, 2, 10], [1, 20, 13, 4, 2, 8, 18, 7, 16, 3, 11, 12, 6, 17, 9, 5, 15, 14, 19, 10], [1, 20, 13, 4, 5, 8, 18, 7, 16, 3, 11, 12, 6, 17, 9, 2, 15, 14, 19, 10], [1, 20, 13, 4, 5, 8, 18, 7, 2, 3, 11, 12, 6, 17, 9, 16, 15, 14, 19, 10], [1, 20, 13, 4, 5, 8, 18, 7, 9, 3, 11, 12, 6, 17, 2, 16, 15, 14, 19, 10], [1, 20, 13, 4, 5, 8, 18, 7, 9, 3, 11, 12, 6, 17, 15, 16, 2, 14, 19, 10], [1, 20, 13, 4, 5, 8, 18, 7, 9, 3, 11, 12, 6, 2, 15, 16, 17, 14, 19, 10], [1, 20, 13, 4, 5, 8, 18, 7, 9, 3, 11, 12, 6, 14, 15, 16, 17, 2, 19, 10], [1, 20, 13, 4, 5, 8, 2, 7, 9, 3, 11, 12, 6, 14, 15, 16, 17, 18, 19, 10], [1, 20, 13, 4, 5, 8, 7, 2, 9, 3, 11, 12, 6, 14, 15, 16, 17, 18, 19, 10], [1, 20, 13, 4, 5, 2, 7, 8, 9, 3, 11, 12, 6, 14, 15, 16, 17, 18, 19, 10], [1, 20, 13, 4, 5, 6, 7, 8, 9, 3, 11, 12, 2, 14, 15, 16, 17, 18, 19, 10], [1, 20, 2, 4, 5, 6, 7, 8, 9, 3, 11, 12, 13, 14, 15, 16, 17, 18, 19, 10], [1, 20, 3, 4, 5, 6, 7, 8, 9, 2, 11, 12, 13, 14, 15, 16, 17, 18, 19, 10], [1, 20, 3, 4, 5, 6, 7, 8, 9, 10, 11, 12, 13, 14, 15, 16, 17, 18, 19, 2], [1, 2, 3, 4, 5, 6, 7, 8, 9, 10, 11, 12, 13, 14, 15, 16, 17, 18, 19, 20]], idx1=[1, 2, 2, 2, 2, 2, 2, 2, 2, 2, 2, 2, 2, 2, 2, 2, 2], idx2=[14, 12, 19, 5, 16, 9, 15, 17, 14, 18, 7, 8, 6, 13, 3, 10, 20], _checker='')