============================================================
BENCHMARK ID: 50 | DIMENSIONE: 25 | STRATEGIA: firstfail_split
============================================================

Input Vector: [14, 20, 15, 8, 10, 2, 16, 24, 19, 18, 21, 17, 9, 11, 3, 5, 23, 1, 6, 7, 22, 4, 25, 13, 12]

STATO: RISOLTO
K: 22
TEMPO: 0.2440s
----------------------------------------
PIANO:
Solution(v=[[14, 20, 15, 8, 10, 2, 16, 24, 19, 18, 21, 17, 9, 11, 3, 5, 23, 1, 6, 7, 22, 4, 25, 13, 12], [11, 20, 15, 8, 10, 2, 16, 24, 19, 18, 21, 17, 9, 14, 3, 5, 23, 1, 6, 7, 22, 4, 25, 13, 12], [21, 20, 15, 8, 10, 2, 16, 24, 19, 18, 11, 17, 9, 14, 3, 5, 23, 1, 6, 7, 22, 4, 25, 13, 12], [1, 20, 15, 8, 10, 2, 16, 24, 19, 18, 11, 17, 9, 14, 3, 5, 23, 21, 6, 7, 22, 4, 25, 13, 12], [1, 2, 15, 8, 10, 20, 16, 24, 19, 18, 11, 17, 9, 14, 3, 5, 23, 21, 6, 7, 22, 4, 25, 13, 12], [1, 2, 3, 8, 10, 20, 16, 24, 19, 18, 11, 17, 9, 14, 15, 5, 23, 21, 6, 7, 22, 4, 25, 13, 12], [1, 2, 3, 24, 10, 20, 16, 8, 19, 18, 11, 17, 9, 14, 15, 5, 23, 21, 6, 7, 22, 4, 25, 13, 12], [1, 2, 3, 4, 10, 20, 16, 8, 19, 18, 11, 17, 9, 14, 15, 5, 23, 21, 6, 7, 22, 24, 25, 13, 12], [1, 2, 3, 4, 18, 20, 16, 8, 19, 10, 11, 17, 9, 14, 15, 5, 23, 21, 6, 7, 22, 24, 25, 13, 12], [1, 2, 3, 4, 5, 20, 16, 8, 19, 10, 11, 17, 9, 14, 15, 18, 23, 21, 6, 7, 22, 24, 25, 13, 12], [1, 2, 3, 4, 5, 6, 16, 8, 19, 10, 11, 17, 9, 14, 15, 18, 23, 21, 20, 7, 22, 24, 25, 13, 12], [1, 2, 3, 4, 5, 6, 18, 8, 19, 10, 11, 17, 9, 14, 15, 16, 23, 21, 20, 7, 22, 24, 25, 13, 12], [1, 2, 3, 4, 5, 6, 21, 8, 19, 10, 11, 17, 9, 14, 15, 16, 23, 18, 20, 7, 22, 24, 25, 13, 12], [1, 2, 3, 4, 5, 6, 7, 8, 19, 10, 11, 17, 9, 14, 15, 16, 23, 18, 20, 21, 22, 24, 25, 13, 12], [1, 2, 3, 4, 5, 6, 7, 8, 9, 10, 11, 17, 19, 14, 15, 16, 23, 18, 20, 21, 22, 24, 25, 13, 12], [1, 2, 3, 4, 5, 6, 7, 8, 9, 10, 11, 23, 19, 14, 15, 16, 17, 18, 20, 21, 22, 24, 25, 13, 12], [1, 2, 3, 4, 5, 6, 7, 8, 9, 10, 11, 25, 19, 14, 15, 16, 17, 18, 20, 21, 22, 24, 23, 13, 12], [1, 2, 3, 4, 5, 6, 7, 8, 9, 10, 11, 12, 19, 14, 15, 16, 17, 18, 20, 21, 22, 24, 23, 13, 25], [1, 2, 3, 4, 5, 6, 7, 8, 9, 10, 11, 12, 20, 14, 15, 16, 17, 18, 19, 21, 22, 24, 23, 13, 25], [1, 2, 3, 4, 5, 6, 7, 8, 9, 10, 11, 12, 21, 14, 15, 16, 17, 18, 19, 20, 22, 24, 23, 13, 25], [1, 2, 3, 4, 5, 6, 7, 8, 9, 10, 11, 12, 22, 14, 15, 16, 17, 18, 19, 20, 21, 24, 23, 13, 25], [1, 2, 3, 4, 5, 6, 7, 8, 9, 10, 11, 12, 24, 14, 15, 16, 17, 18, 19, 20, 21, 22, 23, 13, 25], [1, 2, 3, 4, 5, 6, 7, 8, 9, 10, 11, 12, 13, 14, 15, 16, 17, 18, 19, 20, 21, 22, 23, 24, 25]], pos=[[18, 6, 15, 22, 16, 19, 20, 4, 13, 5, 14, 25, 24, 1, 3, 7, 12, 10, 9, 2, 11, 21, 17, 8, 23], [18, 6, 15, 22, 16, 19, 20, 4, 13, 5, 1, 25, 24, 14, 3, 7, 12, 10, 9, 2, 11, 21, 17, 8, 23], [18, 6, 15, 22, 16, 19, 20, 4, 13, 5, 11, 25, 24, 14, 3, 7, 12, 10, 9, 2, 1, 21, 17, 8, 23], [1, 6, 15, 22, 16, 19, 20, 4, 13, 5, 11, 25, 24, 14, 3, 7, 12, 10, 9, 2, 18, 21, 17, 8, 23], [1, 2, 15, 22, 16, 19, 20, 4, 13, 5, 11, 25, 24, 14, 3, 7, 12, 10, 9, 6, 18, 21, 17, 8, 23], [1, 2, 3, 22, 16, 19, 20, 4, 13, 5, 11, 25, 24, 14, 15, 7, 12, 10, 9, 6, 18, 21, 17, 8, 23], [1, 2, 3, 22, 16, 19, 20, 8, 13, 5, 11, 25, 24, 14, 15, 7, 12, 10, 9, 6, 18, 21, 17, 4, 23], [1, 2, 3, 4, 16, 19, 20, 8, 13, 5, 11, 25, 24, 14, 15, 7, 12, 10, 9, 6, 18, 21, 17, 22, 23], [1, 2, 3, 4, 16, 19, 20, 8, 13, 10, 11, 25, 24, 14, 15, 7, 12, 5, 9, 6, 18, 21, 17, 22, 23], [1, 2, 3, 4, 5, 19, 20, 8, 13, 10, 11, 25, 24, 14, 15, 7, 12, 16, 9, 6, 18, 21, 17, 22, 23], [1, 2, 3, 4, 5, 6, 20, 8, 13, 10, 11, 25, 24, 14, 15, 7, 12, 16, 9, 19, 18, 21, 17, 22, 23], [1, 2, 3, 4, 5, 6, 20, 8, 13, 10, 11, 25, 24, 14, 15, 16, 12, 7, 9, 19, 18, 21, 17, 22, 23], [1, 2, 3, 4, 5, 6, 20, 8, 13, 10, 11, 25, 24, 14, 15, 16, 12, 18, 9, 19, 7, 21, 17, 22, 23], [1, 2, 3, 4, 5, 6, 7, 8, 13, 10, 11, 25, 24, 14, 15, 16, 12, 18, 9, 19, 20, 21, 17, 22, 23], [1, 2, 3, 4, 5, 6, 7, 8, 9, 10, 11, 25, 24, 14, 15, 16, 12, 18, 13, 19, 20, 21, 17, 22, 23], [1, 2, 3, 4, 5, 6, 7, 8, 9, 10, 11, 25, 24, 14, 15, 16, 17, 18, 13, 19, 20, 21, 12, 22, 23], [1, 2, 3, 4, 5, 6, 7, 8, 9, 10, 11, 25, 24, 14, 15, 16, 17, 18, 13, 19, 20, 21, 23, 22, 12], [1, 2, 3, 4, 5, 6, 7, 8, 9, 10, 11, 12, 24, 14, 15, 16, 17, 18, 13, 19, 20, 21, 23, 22, 25], [1, 2, 3, 4, 5, 6, 7, 8, 9, 10, 11, 12, 24, 14, 15, 16, 17, 18, 19, 13, 20, 21, 23, 22, 25], [1, 2, 3, 4, 5, 6, 7, 8, 9, 10, 11, 12, 24, 14, 15, 16, 17, 18, 19, 20, 13, 21, 23, 22, 25], [1, 2, 3, 4, 5, 6, 7, 8, 9, 10, 11, 12, 24, 14, 15, 16, 17, 18, 19, 20, 21, 13, 23, 22, 25], [1, 2, 3, 4, 5, 6, 7, 8, 9, 10, 11, 12, 24, 14, 15, 16, 17, 18, 19, 20, 21, 22, 23, 13, 25], [1, 2, 3, 4, 5, 6, 7, 8, 9, 10, 11, 12, 13, 14, 15, 16, 17, 18, 19, 20, 21, 22, 23, 24, 25]], idx1=[1, 1, 1, 2, 3, 4, 4, 5, 5, 6, 7, 7, 7, 9, 12, 12, 12, 13, 13, 13, 13, 13], idx2=[14, 11, 18, 6, 15, 8, 22, 10, 16, 19, 16, 18, 20, 13, 17, 23, 25, 19, 20, 21, 22, 24], _checker='')