============================================================
BENCHMARK ID: 11 | DIMENSIONE: 10 | STRATEGIA: firstfail_split
============================================================

Input Vector: [10, 9, 5, 2, 4, 1, 7, 6, 8, 3]

STATO: RISOLTO
K: 8
TEMPO: 0.3850s
----------------------------------------
PIANO:
Solution(v=[[10, 9, 5, 2, 4, 1, 7, 6, 8, 3], [1, 9, 5, 2, 4, 10, 7, 6, 8, 3], [1, 2, 5, 9, 4, 10, 7, 6, 8, 3], [1, 2, 4, 9, 5, 10, 7, 6, 8, 3], [1, 2, 9, 4, 5, 10, 7, 6, 8, 3], [1, 2, 8, 4, 5, 10, 7, 6, 9, 3], [1, 2, 6, 4, 5, 10, 7, 8, 9, 3], [1, 2, 10, 4, 5, 6, 7, 8, 9, 3], [1, 2, 3, 4, 5, 6, 7, 8, 9, 10]], pos=[[6, 4, 10, 5, 3, 8, 7, 9, 2, 1], [1, 4, 10, 5, 3, 8, 7, 9, 2, 6], [1, 2, 10, 5, 3, 8, 7, 9, 4, 6], [1, 2, 10, 3, 5, 8, 7, 9, 4, 6], [1, 2, 10, 4, 5, 8, 7, 9, 3, 6], [1, 2, 10, 4, 5, 8, 7, 3, 9, 6], [1, 2, 10, 4, 5, 3, 7, 8, 9, 6], [1, 2, 10, 4, 5, 6, 7, 8, 9, 3], [1, 2, 3, 4, 5, 6, 7, 8, 9, 10]], idx1=[1, 2, 3, 3, 3, 3, 3, 3], idx2=[6, 4, 5, 4, 9, 8, 6, 10], _checker='')