============================================================
BENCHMARK ID: 33 | DIMENSIONE: 20 | STRATEGIA: firstfail_split
============================================================

Input Vector: [19, 16, 17, 10, 6, 4, 5, 3, 14, 8, 13, 18, 20, 15, 9, 7, 1, 12, 2, 11]

STATO: RISOLTO
K: 16
TEMPO: 0.2870s
----------------------------------------
PIANO:
Solution(v=[[19, 16, 17, 10, 6, 4, 5, 3, 14, 8, 13, 18, 20, 15, 9, 7, 1, 12, 2, 11], [1, 16, 17, 10, 6, 4, 5, 3, 14, 8, 13, 18, 20, 15, 9, 7, 19, 12, 2, 11], [1, 7, 17, 10, 6, 4, 5, 3, 14, 8, 13, 18, 20, 15, 9, 16, 19, 12, 2, 11], [1, 5, 17, 10, 6, 4, 7, 3, 14, 8, 13, 18, 20, 15, 9, 16, 19, 12, 2, 11], [1, 6, 17, 10, 5, 4, 7, 3, 14, 8, 13, 18, 20, 15, 9, 16, 19, 12, 2, 11], [1, 4, 17, 10, 5, 6, 7, 3, 14, 8, 13, 18, 20, 15, 9, 16, 19, 12, 2, 11], [1, 10, 17, 4, 5, 6, 7, 3, 14, 8, 13, 18, 20, 15, 9, 16, 19, 12, 2, 11], [1, 8, 17, 4, 5, 6, 7, 3, 14, 10, 13, 18, 20, 15, 9, 16, 19, 12, 2, 11], [1, 3, 17, 4, 5, 6, 7, 8, 14, 10, 13, 18, 20, 15, 9, 16, 19, 12, 2, 11], [1, 17, 3, 4, 5, 6, 7, 8, 14, 10, 13, 18, 20, 15, 9, 16, 19, 12, 2, 11], [1, 19, 3, 4, 5, 6, 7, 8, 14, 10, 13, 18, 20, 15, 9, 16, 17, 12, 2, 11], [1, 2, 3, 4, 5, 6, 7, 8, 14, 10, 13, 18, 20, 15, 9, 16, 17, 12, 19, 11], [1, 2, 3, 4, 5, 6, 7, 8, 15, 10, 13, 18, 20, 14, 9, 16, 17, 12, 19, 11], [1, 2, 3, 4, 5, 6, 7, 8, 9, 10, 13, 18, 20, 14, 15, 16, 17, 12, 19, 11], [1, 2, 3, 4, 5, 6, 7, 8, 9, 10, 20, 18, 13, 14, 15, 16, 17, 12, 19, 11], [1, 2, 3, 4, 5, 6, 7, 8, 9, 10, 11, 18, 13, 14, 15, 16, 17, 12, 19, 20], [1, 2, 3, 4, 5, 6, 7, 8, 9, 10, 11, 12, 13, 14, 15, 16, 17, 18, 19, 20]], pos=[[17, 19, 8, 6, 7, 5, 16, 10, 15, 4, 20, 18, 11, 9, 14, 2, 3, 12, 1, 13], [1, 19, 8, 6, 7, 5, 16, 10, 15, 4, 20, 18, 11, 9, 14, 2, 3, 12, 17, 13], [1, 19, 8, 6, 7, 5, 2, 10, 15, 4, 20, 18, 11, 9, 14, 16, 3, 12, 17, 13], [1, 19, 8, 6, 2, 5, 7, 10, 15, 4, 20, 18, 11, 9, 14, 16, 3, 12, 17, 13], [1, 19, 8, 6, 5, 2, 7, 10, 15, 4, 20, 18, 11, 9, 14, 16, 3, 12, 17, 13], [1, 19, 8, 2, 5, 6, 7, 10, 15, 4, 20, 18, 11, 9, 14, 16, 3, 12, 17, 13], [1, 19, 8, 4, 5, 6, 7, 10, 15, 2, 20, 18, 11, 9, 14, 16, 3, 12, 17, 13], [1, 19, 8, 4, 5, 6, 7, 2, 15, 10, 20, 18, 11, 9, 14, 16, 3, 12, 17, 13], [1, 19, 2, 4, 5, 6, 7, 8, 15, 10, 20, 18, 11, 9, 14, 16, 3, 12, 17, 13], [1, 19, 3, 4, 5, 6, 7, 8, 15, 10, 20, 18, 11, 9, 14, 16, 2, 12, 17, 13], [1, 19, 3, 4, 5, 6, 7, 8, 15, 10, 20, 18, 11, 9, 14, 16, 17, 12, 2, 13], [1, 2, 3, 4, 5, 6, 7, 8, 15, 10, 20, 18, 11, 9, 14, 16, 17, 12, 19, 13], [1, 2, 3, 4, 5, 6, 7, 8, 15, 10, 20, 18, 11, 14, 9, 16, 17, 12, 19, 13], [1, 2, 3, 4, 5, 6, 7, 8, 9, 10, 20, 18, 11, 14, 15, 16, 17, 12, 19, 13], [1, 2, 3, 4, 5, 6, 7, 8, 9, 10, 20, 18, 13, 14, 15, 16, 17, 12, 19, 11], [1, 2, 3, 4, 5, 6, 7, 8, 9, 10, 11, 18, 13, 14, 15, 16, 17, 12, 19, 20], [1, 2, 3, 4, 5, 6, 7, 8, 9, 10, 11, 12, 13, 14, 15, 16, 17, 18, 19, 20]], idx1=[1, 2, 2, 2, 2, 2, 2, 2, 2, 2, 2, 9, 9, 11, 11, 12], idx2=[17, 16, 7, 5, 6, 4, 10, 8, 3, 17, 19, 14, 15, 13, 20, 18], _checker='')