============================================================
BENCHMARK ID: 39 | DIMENSIONE: 20 | STRATEGIA: norestart
============================================================

Input Vector: [12, 17, 2, 9, 16, 13, 14, 11, 8, 18, 15, 4, 1, 5, 7, 3, 6, 10, 20, 19]

STATO: RISOLTO
K: 17
TEMPO: 2.3810s
----------------------------------------
PIANO:
Solution(v=[[12, 17, 2, 9, 16, 13, 14, 11, 8, 18, 15, 4, 1, 5, 7, 3, 6, 10, 20, 19], [12, 17, 2, 4, 16, 13, 14, 11, 8, 18, 15, 9, 1, 5, 7, 3, 6, 10, 20, 19], [12, 17, 2, 4, 16, 13, 14, 11, 9, 18, 15, 8, 1, 5, 7, 3, 6, 10, 20, 19], [12, 17, 2, 4, 16, 13, 14, 11, 9, 18, 7, 8, 1, 5, 15, 3, 6, 10, 20, 19], [12, 17, 2, 4, 16, 13, 7, 11, 9, 18, 14, 8, 1, 5, 15, 3, 6, 10, 20, 19], [12, 17, 2, 4, 16, 13, 7, 11, 9, 18, 5, 8, 1, 14, 15, 3, 6, 10, 20, 19], [12, 17, 2, 4, 5, 13, 7, 11, 9, 18, 16, 8, 1, 14, 15, 3, 6, 10, 20, 19], [12, 17, 2, 4, 5, 1, 7, 11, 9, 18, 16, 8, 13, 14, 15, 3, 6, 10, 20, 19], [1, 17, 2, 4, 5, 12, 7, 11, 9, 18, 16, 8, 13, 14, 15, 3, 6, 10, 20, 19], [1, 17, 2, 4, 5, 8, 7, 11, 9, 18, 16, 12, 13, 14, 15, 3, 6, 10, 20, 19], [1, 17, 2, 4, 5, 6, 7, 11, 9, 18, 16, 12, 13, 14, 15, 3, 8, 10, 20, 19], [1, 17, 2, 4, 5, 6, 7, 16, 9, 18, 11, 12, 13, 14, 15, 3, 8, 10, 20, 19], [1, 17, 2, 4, 5, 6, 7, 3, 9, 18, 11, 12, 13, 14, 15, 16, 8, 10, 20, 19], [1, 17, 3, 4, 5, 6, 7, 2, 9, 18, 11, 12, 13, 14, 15, 16, 8, 10, 20, 19], [1, 2, 3, 4, 5, 6, 7, 17, 9, 18, 11, 12, 13, 14, 15, 16, 8, 10, 20, 19], [1, 2, 3, 4, 5, 6, 7, 8, 9, 18, 11, 12, 13, 14, 15, 16, 17, 10, 20, 19], [1, 2, 3, 4, 5, 6, 7, 8, 9, 10, 11, 12, 13, 14, 15, 16, 17, 18, 20, 19], [1, 2, 3, 4, 5, 6, 7, 8, 9, 10, 11, 12, 13, 14, 15, 16, 17, 18, 19, 20]], pos=[[13, 3, 16, 12, 14, 17, 15, 9, 4, 18, 8, 1, 6, 7, 11, 5, 2, 10, 20, 19], [13, 3, 16, 4, 14, 17, 15, 9, 12, 18, 8, 1, 6, 7, 11, 5, 2, 10, 20, 19], [13, 3, 16, 4, 14, 17, 15, 12, 9, 18, 8, 1, 6, 7, 11, 5, 2, 10, 20, 19], [13, 3, 16, 4, 14, 17, 11, 12, 9, 18, 8, 1, 6, 7, 15, 5, 2, 10, 20, 19], [13, 3, 16, 4, 14, 17, 7, 12, 9, 18, 8, 1, 6, 11, 15, 5, 2, 10, 20, 19], [13, 3, 16, 4, 11, 17, 7, 12, 9, 18, 8, 1, 6, 14, 15, 5, 2, 10, 20, 19], [13, 3, 16, 4, 5, 17, 7, 12, 9, 18, 8, 1, 6, 14, 15, 11, 2, 10, 20, 19], [6, 3, 16, 4, 5, 17, 7, 12, 9, 18, 8, 1, 13, 14, 15, 11, 2, 10, 20, 19], [1, 3, 16, 4, 5, 17, 7, 12, 9, 18, 8, 6, 13, 14, 15, 11, 2, 10, 20, 19], [1, 3, 16, 4, 5, 17, 7, 6, 9, 18, 8, 12, 13, 14, 15, 11, 2, 10, 20, 19], [1, 3, 16, 4, 5, 6, 7, 17, 9, 18, 8, 12, 13, 14, 15, 11, 2, 10, 20, 19], [1, 3, 16, 4, 5, 6, 7, 17, 9, 18, 11, 12, 13, 14, 15, 8, 2, 10, 20, 19], [1, 3, 8, 4, 5, 6, 7, 17, 9, 18, 11, 12, 13, 14, 15, 16, 2, 10, 20, 19], [1, 8, 3, 4, 5, 6, 7, 17, 9, 18, 11, 12, 13, 14, 15, 16, 2, 10, 20, 19], [1, 2, 3, 4, 5, 6, 7, 17, 9, 18, 11, 12, 13, 14, 15, 16, 8, 10, 20, 19], [1, 2, 3, 4, 5, 6, 7, 8, 9, 18, 11, 12, 13, 14, 15, 16, 17, 10, 20, 19], [1, 2, 3, 4, 5, 6, 7, 8, 9, 10, 11, 12, 13, 14, 15, 16, 17, 18, 20, 19], [1, 2, 3, 4, 5, 6, 7, 8, 9, 10, 11, 12, 13, 14, 15, 16, 17, 18, 19, 20]], idx1=[4, 9, 11, 7, 11, 5, 6, 1, 6, 6, 8, 8, 3, 2, 8, 10, 19], idx2=[12, 12, 15, 11, 14, 11, 13, 6, 12, 17, 11, 16, 8, 8, 17, 18, 20], _checker='')