============================================================
BENCHMARK ID: 37 | DIMENSIONE: 20 | STRATEGIA: norestart
============================================================

Input Vector: [18, 12, 10, 4, 16, 13, 8, 6, 15, 20, 11, 19, 3, 1, 17, 9, 14, 7, 5, 2]

STATO: RISOLTO
K: 17
TEMPO: 5.8170s
----------------------------------------
PIANO:
Solution(v=[[18, 12, 10, 4, 16, 13, 8, 6, 15, 20, 11, 19, 3, 1, 17, 9, 14, 7, 5, 2], [18, 12, 10, 4, 16, 13, 8, 6, 9, 20, 11, 19, 3, 1, 17, 15, 14, 7, 5, 2], [18, 12, 10, 4, 16, 13, 8, 6, 9, 2, 11, 19, 3, 1, 17, 15, 14, 7, 5, 20], [18, 12, 10, 4, 16, 13, 8, 6, 9, 2, 11, 19, 3, 1, 15, 17, 14, 7, 5, 20], [18, 12, 10, 4, 16, 13, 8, 6, 9, 2, 11, 19, 3, 1, 15, 14, 17, 7, 5, 20], [18, 12, 10, 4, 16, 13, 8, 6, 9, 2, 11, 19, 3, 14, 15, 1, 17, 7, 5, 20], [1, 12, 10, 4, 16, 13, 8, 6, 9, 2, 11, 19, 3, 14, 15, 18, 17, 7, 5, 20], [1, 19, 10, 4, 16, 13, 8, 6, 9, 2, 11, 12, 3, 14, 15, 18, 17, 7, 5, 20], [1, 2, 10, 4, 16, 13, 8, 6, 9, 19, 11, 12, 3, 14, 15, 18, 17, 7, 5, 20], [1, 2, 10, 4, 16, 3, 8, 6, 9, 19, 11, 12, 13, 14, 15, 18, 17, 7, 5, 20], [1, 2, 3, 4, 16, 10, 8, 6, 9, 19, 11, 12, 13, 14, 15, 18, 17, 7, 5, 20], [1, 2, 3, 4, 16, 10, 8, 6, 9, 5, 11, 12, 13, 14, 15, 18, 17, 7, 19, 20], [1, 2, 3, 4, 16, 5, 8, 6, 9, 10, 11, 12, 13, 14, 15, 18, 17, 7, 19, 20], [1, 2, 3, 4, 16, 5, 8, 6, 9, 10, 11, 12, 13, 14, 15, 7, 17, 18, 19, 20], [1, 2, 3, 4, 7, 5, 8, 6, 9, 10, 11, 12, 13, 14, 15, 16, 17, 18, 19, 20], [1, 2, 3, 4, 8, 5, 7, 6, 9, 10, 11, 12, 13, 14, 15, 16, 17, 18, 19, 20], [1, 2, 3, 4, 5, 8, 7, 6, 9, 10, 11, 12, 13, 14, 15, 16, 17, 18, 19, 20], [1, 2, 3, 4, 5, 6, 7, 8, 9, 10, 11, 12, 13, 14, 15, 16, 17, 18, 19, 20]], pos=[[14, 20, 13, 4, 19, 8, 18, 7, 16, 3, 11, 2, 6, 17, 9, 5, 15, 1, 12, 10], [14, 20, 13, 4, 19, 8, 18, 7, 9, 3, 11, 2, 6, 17, 16, 5, 15, 1, 12, 10], [14, 10, 13, 4, 19, 8, 18, 7, 9, 3, 11, 2, 6, 17, 16, 5, 15, 1, 12, 20], [14, 10, 13, 4, 19, 8, 18, 7, 9, 3, 11, 2, 6, 17, 15, 5, 16, 1, 12, 20], [14, 10, 13, 4, 19, 8, 18, 7, 9, 3, 11, 2, 6, 16, 15, 5, 17, 1, 12, 20], [16, 10, 13, 4, 19, 8, 18, 7, 9, 3, 11, 2, 6, 14, 15, 5, 17, 1, 12, 20], [1, 10, 13, 4, 19, 8, 18, 7, 9, 3, 11, 2, 6, 14, 15, 5, 17, 16, 12, 20], [1, 10, 13, 4, 19, 8, 18, 7, 9, 3, 11, 12, 6, 14, 15, 5, 17, 16, 2, 20], [1, 2, 13, 4, 19, 8, 18, 7, 9, 3, 11, 12, 6, 14, 15, 5, 17, 16, 10, 20], [1, 2, 6, 4, 19, 8, 18, 7, 9, 3, 11, 12, 13, 14, 15, 5, 17, 16, 10, 20], [1, 2, 3, 4, 19, 8, 18, 7, 9, 6, 11, 12, 13, 14, 15, 5, 17, 16, 10, 20], [1, 2, 3, 4, 10, 8, 18, 7, 9, 6, 11, 12, 13, 14, 15, 5, 17, 16, 19, 20], [1, 2, 3, 4, 6, 8, 18, 7, 9, 10, 11, 12, 13, 14, 15, 5, 17, 16, 19, 20], [1, 2, 3, 4, 6, 8, 16, 7, 9, 10, 11, 12, 13, 14, 15, 5, 17, 18, 19, 20], [1, 2, 3, 4, 6, 8, 5, 7, 9, 10, 11, 12, 13, 14, 15, 16, 17, 18, 19, 20], [1, 2, 3, 4, 6, 8, 7, 5, 9, 10, 11, 12, 13, 14, 15, 16, 17, 18, 19, 20], [1, 2, 3, 4, 5, 8, 7, 6, 9, 10, 11, 12, 13, 14, 15, 16, 17, 18, 19, 20], [1, 2, 3, 4, 5, 6, 7, 8, 9, 10, 11, 12, 13, 14, 15, 16, 17, 18, 19, 20]], idx1=[9, 10, 15, 16, 14, 1, 2, 2, 6, 3, 10, 6, 16, 5, 5, 5, 6], idx2=[16, 20, 16, 17, 16, 16, 12, 10, 13, 6, 19, 10, 18, 16, 7, 6, 8], _checker='')