============================================================
BENCHMARK ID: 21 | DIMENSIONE: 15 | STRATEGIA: norestart
============================================================

Input Vector: [1, 6, 13, 4, 5, 15, 12, 14, 9, 11, 3, 7, 2, 10, 8]

STATO: RISOLTO
K: 9
TEMPO: 0.3100s
----------------------------------------
PIANO:
Solution(v=[[1, 6, 13, 4, 5, 15, 12, 14, 9, 11, 3, 7, 2, 10, 8], [1, 6, 13, 4, 5, 8, 12, 14, 9, 11, 3, 7, 2, 10, 15], [1, 6, 13, 4, 5, 8, 12, 10, 9, 11, 3, 7, 2, 14, 15], [1, 6, 13, 4, 5, 8, 12, 11, 9, 10, 3, 7, 2, 14, 15], [1, 6, 13, 4, 5, 11, 12, 8, 9, 10, 3, 7, 2, 14, 15], [1, 6, 13, 4, 5, 3, 12, 8, 9, 10, 11, 7, 2, 14, 15], [1, 6, 3, 4, 5, 13, 12, 8, 9, 10, 11, 7, 2, 14, 15], [1, 13, 3, 4, 5, 6, 12, 8, 9, 10, 11, 7, 2, 14, 15], [1, 2, 3, 4, 5, 6, 12, 8, 9, 10, 11, 7, 13, 14, 15], [1, 2, 3, 4, 5, 6, 7, 8, 9, 10, 11, 12, 13, 14, 15]], pos=[[1, 13, 11, 4, 5, 2, 12, 15, 9, 14, 10, 7, 3, 8, 6], [1, 13, 11, 4, 5, 2, 12, 6, 9, 14, 10, 7, 3, 8, 15], [1, 13, 11, 4, 5, 2, 12, 6, 9, 8, 10, 7, 3, 14, 15], [1, 13, 11, 4, 5, 2, 12, 6, 9, 10, 8, 7, 3, 14, 15], [1, 13, 11, 4, 5, 2, 12, 8, 9, 10, 6, 7, 3, 14, 15], [1, 13, 6, 4, 5, 2, 12, 8, 9, 10, 11, 7, 3, 14, 15], [1, 13, 3, 4, 5, 2, 12, 8, 9, 10, 11, 7, 6, 14, 15], [1, 13, 3, 4, 5, 6, 12, 8, 9, 10, 11, 7, 2, 14, 15], [1, 2, 3, 4, 5, 6, 12, 8, 9, 10, 11, 7, 13, 14, 15], [1, 2, 3, 4, 5, 6, 7, 8, 9, 10, 11, 12, 13, 14, 15]], idx1=[6, 8, 8, 6, 6, 3, 2, 2, 7], idx2=[15, 14, 10, 8, 11, 6, 6, 13, 12], _checker='')