============================================================
BENCHMARK ID: 12 | DIMENSIONE: 10 | STRATEGIA: norestart
============================================================

Input Vector: [1, 4, 8, 2, 6, 7, 9, 5, 3, 10]

STATO: RISOLTO
K: 6
TEMPO: 0.3200s
----------------------------------------
PIANO:
Solution(v=[[1, 4, 8, 2, 6, 7, 9, 5, 3, 10], [1, 2, 8, 4, 6, 7, 9, 5, 3, 10], [1, 2, 8, 4, 7, 6, 9, 5, 3, 10], [1, 2, 8, 4, 5, 6, 9, 7, 3, 10], [1, 2, 7, 4, 5, 6, 9, 8, 3, 10], [1, 2, 7, 4, 5, 6, 3, 8, 9, 10], [1, 2, 3, 4, 5, 6, 7, 8, 9, 10]], pos=[[1, 4, 9, 2, 8, 5, 6, 3, 7, 10], [1, 2, 9, 4, 8, 5, 6, 3, 7, 10], [1, 2, 9, 4, 8, 6, 5, 3, 7, 10], [1, 2, 9, 4, 5, 6, 8, 3, 7, 10], [1, 2, 9, 4, 5, 6, 3, 8, 7, 10], [1, 2, 7, 4, 5, 6, 3, 8, 9, 10], [1, 2, 3, 4, 5, 6, 7, 8, 9, 10]], idx1=[2, 5, 5, 3, 7, 3], idx2=[4, 6, 8, 8, 9, 7], _checker='')