============================================================
BENCHMARK ID: 58 | DIMENSIONE: 30 | STRATEGIA: norestart
============================================================

Input Vector: [26, 22, 6, 24, 2, 12, 9, 30, 13, 28, 18, 21, 7, 16, 19, 8, 4, 3, 5, 23, 25, 14, 10, 15, 11, 20, 17, 27, 29, 1]

STATO: RISOLTO
K: 26
TEMPO: 57.8100s
----------------------------------------
PIANO:
Solution(v=[[26, 22, 6, 24, 2, 12, 9, 30, 13, 28, 18, 21, 7, 16, 19, 8, 4, 3, 5, 23, 25, 14, 10, 15, 11, 20, 17, 27, 29, 1], [20, 22, 6, 24, 2, 12, 9, 30, 13, 28, 18, 21, 7, 16, 19, 8, 4, 3, 5, 23, 25, 14, 10, 15, 11, 26, 17, 27, 29, 1], [1, 22, 6, 24, 2, 12, 9, 30, 13, 28, 18, 21, 7, 16, 19, 8, 4, 3, 5, 23, 25, 14, 10, 15, 11, 26, 17, 27, 29, 20], [1, 22, 12, 24, 2, 6, 9, 30, 13, 28, 18, 21, 7, 16, 19, 8, 4, 3, 5, 23, 25, 14, 10, 15, 11, 26, 17, 27, 29, 20], [1, 22, 12, 24, 2, 6, 9, 30, 13, 28, 18, 21, 7, 14, 19, 8, 4, 3, 5, 23, 25, 16, 10, 15, 11, 26, 17, 27, 29, 20], [1, 22, 12, 24, 2, 6, 9, 30, 13, 28, 18, 21, 7, 14, 19, 8, 4, 3, 5, 23, 11, 16, 10, 15, 25, 26, 17, 27, 29, 20], [1, 22, 12, 24, 2, 6, 9, 30, 13, 28, 18, 11, 7, 14, 19, 8, 4, 3, 5, 23, 21, 16, 10, 15, 25, 26, 17, 27, 29, 20], [1, 22, 12, 24, 2, 6, 9, 30, 13, 28, 18, 11, 7, 14, 19, 16, 4, 3, 5, 23, 21, 8, 10, 15, 25, 26, 17, 27, 29, 20], [1, 22, 12, 24, 2, 6, 9, 30, 13, 28, 18, 11, 7, 14, 19, 16, 4, 3, 5, 20, 21, 8, 10, 15, 25, 26, 17, 27, 29, 23], [1, 22, 12, 24, 2, 6, 9, 30, 13, 28, 18, 11, 7, 14, 19, 16, 4, 3, 5, 20, 21, 8, 10, 15, 25, 26, 27, 17, 29, 23], [1, 22, 12, 24, 2, 6, 9, 30, 13, 17, 18, 11, 7, 14, 19, 16, 4, 3, 5, 20, 21, 8, 10, 15, 25, 26, 27, 28, 29, 23], [1, 22, 12, 24, 2, 6, 9, 30, 13, 17, 11, 18, 7, 14, 19, 16, 4, 3, 5, 20, 21, 8, 10, 15, 25, 26, 27, 28, 29, 23], [1, 22, 12, 24, 2, 6, 9, 30, 13, 17, 11, 18, 7, 14, 19, 16, 4, 3, 5, 20, 21, 8, 23, 15, 25, 26, 27, 28, 29, 10], [1, 22, 12, 24, 2, 6, 9, 30, 13, 10, 11, 18, 7, 14, 19, 16, 4, 3, 5, 20, 21, 8, 23, 15, 25, 26, 27, 28, 29, 17], [1, 22, 12, 24, 2, 6, 9, 17, 13, 10, 11, 18, 7, 14, 19, 16, 4, 3, 5, 20, 21, 8, 23, 15, 25, 26, 27, 28, 29, 30], [1, 22, 12, 24, 2, 6, 9, 8, 13, 10, 11, 18, 7, 14, 19, 16, 4, 3, 5, 20, 21, 17, 23, 15, 25, 26, 27, 28, 29, 30], [1, 22, 12, 24, 2, 6, 9, 8, 13, 10, 11, 3, 7, 14, 19, 16, 4, 18, 5, 20, 21, 17, 23, 15, 25, 26, 27, 28, 29, 30], [1, 22, 3, 24, 2, 6, 9, 8, 13, 10, 11, 12, 7, 14, 19, 16, 4, 18, 5, 20, 21, 17, 23, 15, 25, 26, 27, 28, 29, 30], [1, 22, 3, 24, 5, 6, 9, 8, 13, 10, 11, 12, 7, 14, 19, 16, 4, 18, 2, 20, 21, 17, 23, 15, 25, 26, 27, 28, 29, 30], [1, 22, 3, 24, 5, 6, 7, 8, 13, 10, 11, 12, 9, 14, 19, 16, 4, 18, 2, 20, 21, 17, 23, 15, 25, 26, 27, 28, 29, 30], [1, 22, 3, 24, 5, 6, 7, 8, 13, 10, 11, 12, 9, 14, 15, 16, 4, 18, 2, 20, 21, 17, 23, 19, 25, 26, 27, 28, 29, 30], [1, 22, 3, 19, 5, 6, 7, 8, 13, 10, 11, 12, 9, 14, 15, 16, 4, 18, 2, 20, 21, 17, 23, 24, 25, 26, 27, 28, 29, 30], [1, 22, 3, 4, 5, 6, 7, 8, 13, 10, 11, 12, 9, 14, 15, 16, 19, 18, 2, 20, 21, 17, 23, 24, 25, 26, 27, 28, 29, 30], [1, 22, 3, 4, 5, 6, 7, 8, 9, 10, 11, 12, 13, 14, 15, 16, 19, 18, 2, 20, 21, 17, 23, 24, 25, 26, 27, 28, 29, 30], [1, 22, 3, 4, 5, 6, 7, 8, 9, 10, 11, 12, 13, 14, 15, 16, 2, 18, 19, 20, 21, 17, 23, 24, 25, 26, 27, 28, 29, 30], [1, 22, 3, 4, 5, 6, 7, 8, 9, 10, 11, 12, 13, 14, 15, 16, 17, 18, 19, 20, 21, 2, 23, 24, 25, 26, 27, 28, 29, 30], [1, 2, 3, 4, 5, 6, 7, 8, 9, 10, 11, 12, 13, 14, 15, 16, 17, 18, 19, 20, 21, 22, 23, 24, 25, 26, 27, 28, 29, 30]], pos=[[30, 5, 18, 17, 19, 3, 13, 16, 7, 23, 25, 6, 9, 22, 24, 14, 27, 11, 15, 26, 12, 2, 20, 4, 21, 1, 28, 10, 29, 8], [30, 5, 18, 17, 19, 3, 13, 16, 7, 23, 25, 6, 9, 22, 24, 14, 27, 11, 15, 1, 12, 2, 20, 4, 21, 26, 28, 10, 29, 8], [1, 5, 18, 17, 19, 3, 13, 16, 7, 23, 25, 6, 9, 22, 24, 14, 27, 11, 15, 30, 12, 2, 20, 4, 21, 26, 28, 10, 29, 8], [1, 5, 18, 17, 19, 6, 13, 16, 7, 23, 25, 3, 9, 22, 24, 14, 27, 11, 15, 30, 12, 2, 20, 4, 21, 26, 28, 10, 29, 8], [1, 5, 18, 17, 19, 6, 13, 16, 7, 23, 25, 3, 9, 14, 24, 22, 27, 11, 15, 30, 12, 2, 20, 4, 21, 26, 28, 10, 29, 8], [1, 5, 18, 17, 19, 6, 13, 16, 7, 23, 21, 3, 9, 14, 24, 22, 27, 11, 15, 30, 12, 2, 20, 4, 25, 26, 28, 10, 29, 8], [1, 5, 18, 17, 19, 6, 13, 16, 7, 23, 12, 3, 9, 14, 24, 22, 27, 11, 15, 30, 21, 2, 20, 4, 25, 26, 28, 10, 29, 8], [1, 5, 18, 17, 19, 6, 13, 22, 7, 23, 12, 3, 9, 14, 24, 16, 27, 11, 15, 30, 21, 2, 20, 4, 25, 26, 28, 10, 29, 8], [1, 5, 18, 17, 19, 6, 13, 22, 7, 23, 12, 3, 9, 14, 24, 16, 27, 11, 15, 20, 21, 2, 30, 4, 25, 26, 28, 10, 29, 8], [1, 5, 18, 17, 19, 6, 13, 22, 7, 23, 12, 3, 9, 14, 24, 16, 28, 11, 15, 20, 21, 2, 30, 4, 25, 26, 27, 10, 29, 8], [1, 5, 18, 17, 19, 6, 13, 22, 7, 23, 12, 3, 9, 14, 24, 16, 10, 11, 15, 20, 21, 2, 30, 4, 25, 26, 27, 28, 29, 8], [1, 5, 18, 17, 19, 6, 13, 22, 7, 23, 11, 3, 9, 14, 24, 16, 10, 12, 15, 20, 21, 2, 30, 4, 25, 26, 27, 28, 29, 8], [1, 5, 18, 17, 19, 6, 13, 22, 7, 30, 11, 3, 9, 14, 24, 16, 10, 12, 15, 20, 21, 2, 23, 4, 25, 26, 27, 28, 29, 8], [1, 5, 18, 17, 19, 6, 13, 22, 7, 10, 11, 3, 9, 14, 24, 16, 30, 12, 15, 20, 21, 2, 23, 4, 25, 26, 27, 28, 29, 8], [1, 5, 18, 17, 19, 6, 13, 22, 7, 10, 11, 3, 9, 14, 24, 16, 8, 12, 15, 20, 21, 2, 23, 4, 25, 26, 27, 28, 29, 30], [1, 5, 18, 17, 19, 6, 13, 8, 7, 10, 11, 3, 9, 14, 24, 16, 22, 12, 15, 20, 21, 2, 23, 4, 25, 26, 27, 28, 29, 30], [1, 5, 12, 17, 19, 6, 13, 8, 7, 10, 11, 3, 9, 14, 24, 16, 22, 18, 15, 20, 21, 2, 23, 4, 25, 26, 27, 28, 29, 30], [1, 5, 3, 17, 19, 6, 13, 8, 7, 10, 11, 12, 9, 14, 24, 16, 22, 18, 15, 20, 21, 2, 23, 4, 25, 26, 27, 28, 29, 30], [1, 19, 3, 17, 5, 6, 13, 8, 7, 10, 11, 12, 9, 14, 24, 16, 22, 18, 15, 20, 21, 2, 23, 4, 25, 26, 27, 28, 29, 30], [1, 19, 3, 17, 5, 6, 7, 8, 13, 10, 11, 12, 9, 14, 24, 16, 22, 18, 15, 20, 21, 2, 23, 4, 25, 26, 27, 28, 29, 30], [1, 19, 3, 17, 5, 6, 7, 8, 13, 10, 11, 12, 9, 14, 15, 16, 22, 18, 24, 20, 21, 2, 23, 4, 25, 26, 27, 28, 29, 30], [1, 19, 3, 17, 5, 6, 7, 8, 13, 10, 11, 12, 9, 14, 15, 16, 22, 18, 4, 20, 21, 2, 23, 24, 25, 26, 27, 28, 29, 30], [1, 19, 3, 4, 5, 6, 7, 8, 13, 10, 11, 12, 9, 14, 15, 16, 22, 18, 17, 20, 21, 2, 23, 24, 25, 26, 27, 28, 29, 30], [1, 19, 3, 4, 5, 6, 7, 8, 9, 10, 11, 12, 13, 14, 15, 16, 22, 18, 17, 20, 21, 2, 23, 24, 25, 26, 27, 28, 29, 30], [1, 17, 3, 4, 5, 6, 7, 8, 9, 10, 11, 12, 13, 14, 15, 16, 22, 18, 19, 20, 21, 2, 23, 24, 25, 26, 27, 28, 29, 30], [1, 22, 3, 4, 5, 6, 7, 8, 9, 10, 11, 12, 13, 14, 15, 16, 17, 18, 19, 20, 21, 2, 23, 24, 25, 26, 27, 28, 29, 30], [1, 2, 3, 4, 5, 6, 7, 8, 9, 10, 11, 12, 13, 14, 15, 16, 17, 18, 19, 20, 21, 22, 23, 24, 25, 26, 27, 28, 29, 30]], idx1=[1, 1, 3, 14, 21, 12, 16, 20, 27, 10, 11, 23, 10, 8, 8, 12, 3, 5, 7, 15, 4, 4, 9, 17, 17, 2], idx2=[26, 30, 6, 22, 25, 21, 22, 30, 28, 28, 12, 30, 30, 30, 22, 18, 12, 19, 13, 24, 24, 17, 13, 19, 22, 22], _checker='')