============================================================
BENCHMARK ID: 22 | DIMENSIONE: 15 | STRATEGIA: norestart
============================================================

Input Vector: [11, 8, 15, 10, 5, 14, 4, 7, 3, 1, 9, 13, 6, 12, 2]

STATO: RISOLTO
K: 12
TEMPO: 0.4180s
----------------------------------------
PIANO:
Solution(v=[[11, 8, 15, 10, 5, 14, 4, 7, 3, 1, 9, 13, 6, 12, 2], [11, 2, 15, 10, 5, 14, 4, 7, 3, 1, 9, 13, 6, 12, 8], [11, 2, 15, 10, 5, 14, 4, 8, 3, 1, 9, 13, 6, 12, 7], [11, 2, 15, 10, 5, 14, 7, 8, 3, 1, 9, 13, 6, 12, 4], [11, 2, 15, 4, 5, 14, 7, 8, 3, 1, 9, 13, 6, 12, 10], [11, 2, 15, 4, 5, 12, 7, 8, 3, 1, 9, 13, 6, 14, 10], [11, 2, 15, 4, 5, 12, 7, 8, 3, 10, 9, 13, 6, 14, 1], [11, 2, 15, 4, 5, 12, 7, 8, 3, 10, 9, 6, 13, 14, 1], [11, 2, 15, 4, 5, 6, 7, 8, 3, 10, 9, 12, 13, 14, 1], [11, 2, 15, 4, 5, 6, 7, 8, 9, 10, 3, 12, 13, 14, 1], [3, 2, 15, 4, 5, 6, 7, 8, 9, 10, 11, 12, 13, 14, 1], [3, 2, 1, 4, 5, 6, 7, 8, 9, 10, 11, 12, 13, 14, 15], [1, 2, 3, 4, 5, 6, 7, 8, 9, 10, 11, 12, 13, 14, 15]], pos=[[10, 15, 9, 7, 5, 13, 8, 2, 11, 4, 1, 14, 12, 6, 3], [10, 2, 9, 7, 5, 13, 8, 15, 11, 4, 1, 14, 12, 6, 3], [10, 2, 9, 7, 5, 13, 15, 8, 11, 4, 1, 14, 12, 6, 3], [10, 2, 9, 15, 5, 13, 7, 8, 11, 4, 1, 14, 12, 6, 3], [10, 2, 9, 4, 5, 13, 7, 8, 11, 15, 1, 14, 12, 6, 3], [10, 2, 9, 4, 5, 13, 7, 8, 11, 15, 1, 6, 12, 14, 3], [15, 2, 9, 4, 5, 13, 7, 8, 11, 10, 1, 6, 12, 14, 3], [15, 2, 9, 4, 5, 12, 7, 8, 11, 10, 1, 6, 13, 14, 3], [15, 2, 9, 4, 5, 6, 7, 8, 11, 10, 1, 12, 13, 14, 3], [15, 2, 11, 4, 5, 6, 7, 8, 9, 10, 1, 12, 13, 14, 3], [15, 2, 1, 4, 5, 6, 7, 8, 9, 10, 11, 12, 13, 14, 3], [3, 2, 1, 4, 5, 6, 7, 8, 9, 10, 11, 12, 13, 14, 15], [1, 2, 3, 4, 5, 6, 7, 8, 9, 10, 11, 12, 13, 14, 15]], idx1=[2, 8, 7, 4, 6, 10, 12, 6, 9, 1, 3, 1], idx2=[15, 15, 15, 15, 14, 15, 13, 12, 11, 11, 15, 3], _checker='')