============================================================
BENCHMARK ID: 18 | DIMENSIONE: 10 | STRATEGIA: norestart
============================================================

Input Vector: [3, 9, 10, 6, 4, 7, 1, 2, 5, 8]

STATO: RISOLTO
K: 9
TEMPO: 0.4440s
----------------------------------------
PIANO:
Solution(v=[[3, 9, 10, 6, 4, 7, 1, 2, 5, 8], [10, 9, 3, 6, 4, 7, 1, 2, 5, 8], [10, 9, 3, 6, 5, 7, 1, 2, 4, 8], [10, 9, 3, 4, 5, 7, 1, 2, 6, 8], [10, 9, 3, 4, 5, 6, 1, 2, 7, 8], [10, 9, 3, 4, 5, 6, 7, 2, 1, 8], [10, 9, 3, 4, 5, 6, 7, 8, 1, 2], [2, 9, 3, 4, 5, 6, 7, 8, 1, 10], [1, 9, 3, 4, 5, 6, 7, 8, 2, 10], [1, 2, 3, 4, 5, 6, 7, 8, 9, 10]], pos=[[7, 8, 1, 5, 9, 4, 6, 10, 2, 3], [7, 8, 3, 5, 9, 4, 6, 10, 2, 1], [7, 8, 3, 9, 5, 4, 6, 10, 2, 1], [7, 8, 3, 4, 5, 9, 6, 10, 2, 1], [7, 8, 3, 4, 5, 6, 9, 10, 2, 1], [9, 8, 3, 4, 5, 6, 7, 10, 2, 1], [9, 10, 3, 4, 5, 6, 7, 8, 2, 1], [9, 1, 3, 4, 5, 6, 7, 8, 2, 10], [1, 9, 3, 4, 5, 6, 7, 8, 2, 10], [1, 2, 3, 4, 5, 6, 7, 8, 9, 10]], idx1=[1, 5, 4, 6, 7, 8, 1, 1, 2], idx2=[3, 9, 9, 9, 9, 10, 10, 9, 9], _checker='')