============================================================
BENCHMARK ID: 38 | DIMENSIONE: 20 | STRATEGIA: norestart
============================================================

Input Vector: [10, 4, 17, 15, 7, 19, 14, 8, 1, 2, 9, 5, 12, 18, 20, 16, 13, 6, 3, 11]

STATO: RISOLTO
K: 16
TEMPO: 18.2220s
----------------------------------------
PIANO:
Solution(v=[[10, 4, 17, 15, 7, 19, 14, 8, 1, 2, 9, 5, 12, 18, 20, 16, 13, 6, 3, 11], [10, 4, 17, 15, 7, 19, 14, 8, 9, 2, 1, 5, 12, 18, 20, 16, 13, 6, 3, 11], [1, 4, 17, 15, 7, 19, 14, 8, 9, 2, 10, 5, 12, 18, 20, 16, 13, 6, 3, 11], [1, 4, 17, 15, 7, 19, 14, 8, 9, 2, 11, 5, 12, 18, 20, 16, 13, 6, 3, 10], [1, 4, 17, 15, 7, 19, 14, 8, 9, 2, 11, 5, 13, 18, 20, 16, 12, 6, 3, 10], [1, 4, 17, 15, 7, 19, 14, 8, 9, 2, 11, 5, 13, 6, 20, 16, 12, 18, 3, 10], [1, 4, 17, 15, 7, 19, 6, 8, 9, 2, 11, 5, 13, 14, 20, 16, 12, 18, 3, 10], [1, 4, 17, 15, 6, 19, 7, 8, 9, 2, 11, 5, 13, 14, 20, 16, 12, 18, 3, 10], [1, 4, 17, 15, 6, 19, 7, 8, 9, 10, 11, 5, 13, 14, 20, 16, 12, 18, 3, 2], [1, 2, 17, 15, 6, 19, 7, 8, 9, 10, 11, 5, 13, 14, 20, 16, 12, 18, 3, 4], [1, 2, 17, 20, 6, 19, 7, 8, 9, 10, 11, 5, 13, 14, 15, 16, 12, 18, 3, 4], [1, 2, 17, 4, 6, 19, 7, 8, 9, 10, 11, 5, 13, 14, 15, 16, 12, 18, 3, 20], [1, 2, 17, 4, 5, 19, 7, 8, 9, 10, 11, 6, 13, 14, 15, 16, 12, 18, 3, 20], [1, 2, 17, 4, 5, 6, 7, 8, 9, 10, 11, 19, 13, 14, 15, 16, 12, 18, 3, 20], [1, 2, 17, 4, 5, 6, 7, 8, 9, 10, 11, 12, 13, 14, 15, 16, 19, 18, 3, 20], [1, 2, 17, 4, 5, 6, 7, 8, 9, 10, 11, 12, 13, 14, 15, 16, 3, 18, 19, 20], [1, 2, 3, 4, 5, 6, 7, 8, 9, 10, 11, 12, 13, 14, 15, 16, 17, 18, 19, 20]], pos=[[9, 10, 19, 2, 12, 18, 5, 8, 11, 1, 20, 13, 17, 7, 4, 16, 3, 14, 6, 15], [11, 10, 19, 2, 12, 18, 5, 8, 9, 1, 20, 13, 17, 7, 4, 16, 3, 14, 6, 15], [1, 10, 19, 2, 12, 18, 5, 8, 9, 11, 20, 13, 17, 7, 4, 16, 3, 14, 6, 15], [1, 10, 19, 2, 12, 18, 5, 8, 9, 20, 11, 13, 17, 7, 4, 16, 3, 14, 6, 15], [1, 10, 19, 2, 12, 18, 5, 8, 9, 20, 11, 17, 13, 7, 4, 16, 3, 14, 6, 15], [1, 10, 19, 2, 12, 14, 5, 8, 9, 20, 11, 17, 13, 7, 4, 16, 3, 18, 6, 15], [1, 10, 19, 2, 12, 7, 5, 8, 9, 20, 11, 17, 13, 14, 4, 16, 3, 18, 6, 15], [1, 10, 19, 2, 12, 5, 7, 8, 9, 20, 11, 17, 13, 14, 4, 16, 3, 18, 6, 15], [1, 20, 19, 2, 12, 5, 7, 8, 9, 10, 11, 17, 13, 14, 4, 16, 3, 18, 6, 15], [1, 2, 19, 20, 12, 5, 7, 8, 9, 10, 11, 17, 13, 14, 4, 16, 3, 18, 6, 15], [1, 2, 19, 20, 12, 5, 7, 8, 9, 10, 11, 17, 13, 14, 15, 16, 3, 18, 6, 4], [1, 2, 19, 4, 12, 5, 7, 8, 9, 10, 11, 17, 13, 14, 15, 16, 3, 18, 6, 20], [1, 2, 19, 4, 5, 12, 7, 8, 9, 10, 11, 17, 13, 14, 15, 16, 3, 18, 6, 20], [1, 2, 19, 4, 5, 6, 7, 8, 9, 10, 11, 17, 13, 14, 15, 16, 3, 18, 12, 20], [1, 2, 19, 4, 5, 6, 7, 8, 9, 10, 11, 12, 13, 14, 15, 16, 3, 18, 17, 20], [1, 2, 17, 4, 5, 6, 7, 8, 9, 10, 11, 12, 13, 14, 15, 16, 3, 18, 19, 20], [1, 2, 3, 4, 5, 6, 7, 8, 9, 10, 11, 12, 13, 14, 15, 16, 17, 18, 19, 20]], idx1=[9, 1, 11, 13, 14, 7, 5, 10, 2, 4, 4, 5, 6, 12, 17, 3], idx2=[11, 11, 20, 17, 18, 14, 7, 20, 20, 15, 20, 12, 12, 17, 19, 17], _checker='')