============================================================
BENCHMARK ID: 59 | DIMENSIONE: 30 | STRATEGIA: norestart
============================================================

Input Vector: [2, 11, 3, 19, 24, 12, 9, 30, 29, 4, 5, 13, 25, 23, 14, 17, 28, 16, 21, 26, 27, 7, 6, 10, 18, 1, 15, 22, 8, 20]

STATO: RISOLTO
K: 28
TEMPO: 17.5530s
----------------------------------------
PIANO:
Solution(v=[[2, 11, 3, 19, 24, 12, 9, 30, 29, 4, 5, 13, 25, 23, 14, 17, 28, 16, 21, 26, 27, 7, 6, 10, 18, 1, 15, 22, 8, 20], [2, 5, 3, 19, 24, 12, 9, 30, 29, 4, 11, 13, 25, 23, 14, 17, 28, 16, 21, 26, 27, 7, 6, 10, 18, 1, 15, 22, 8, 20], [2, 5, 3, 19, 24, 12, 9, 30, 29, 4, 11, 13, 25, 23, 15, 17, 28, 16, 21, 26, 27, 7, 6, 10, 18, 1, 14, 22, 8, 20], [2, 5, 3, 19, 24, 12, 9, 30, 29, 4, 11, 13, 25, 23, 15, 17, 28, 16, 27, 26, 21, 7, 6, 10, 18, 1, 14, 22, 8, 20], [2, 5, 3, 27, 24, 12, 9, 30, 29, 4, 11, 13, 25, 23, 15, 17, 28, 16, 19, 26, 21, 7, 6, 10, 18, 1, 14, 22, 8, 20], [2, 5, 3, 27, 10, 12, 9, 30, 29, 4, 11, 13, 25, 23, 15, 17, 28, 16, 19, 26, 21, 7, 6, 24, 18, 1, 14, 22, 8, 20], [2, 5, 3, 27, 4, 12, 9, 30, 29, 10, 11, 13, 25, 23, 15, 17, 28, 16, 19, 26, 21, 7, 6, 24, 18, 1, 14, 22, 8, 20], [2, 5, 3, 27, 4, 12, 9, 30, 29, 10, 11, 13, 18, 23, 15, 17, 28, 16, 19, 26, 21, 7, 6, 24, 25, 1, 14, 22, 8, 20], [2, 5, 3, 27, 4, 12, 9, 30, 29, 10, 11, 13, 16, 23, 15, 17, 28, 18, 19, 26, 21, 7, 6, 24, 25, 1, 14, 22, 8, 20], [2, 5, 3, 27, 4, 12, 9, 30, 29, 10, 11, 13, 16, 14, 15, 17, 28, 18, 19, 26, 21, 7, 6, 24, 25, 1, 23, 22, 8, 20], [2, 5, 3, 27, 4, 12, 9, 30, 29, 10, 11, 13, 16, 14, 15, 17, 28, 18, 19, 1, 21, 7, 6, 24, 25, 26, 23, 22, 8, 20], [2, 5, 3, 27, 4, 12, 9, 30, 29, 10, 11, 13, 16, 14, 15, 17, 28, 18, 19, 1, 21, 22, 6, 24, 25, 26, 23, 7, 8, 20], [2, 5, 3, 27, 4, 12, 9, 30, 29, 10, 11, 13, 16, 14, 15, 17, 7, 18, 19, 1, 21, 22, 6, 24, 25, 26, 23, 28, 8, 20], [2, 5, 3, 27, 4, 12, 7, 30, 29, 10, 11, 13, 16, 14, 15, 17, 9, 18, 19, 1, 21, 22, 6, 24, 25, 26, 23, 28, 8, 20], [2, 5, 3, 27, 4, 12, 7, 30, 29, 10, 11, 13, 16, 14, 15, 17, 9, 18, 19, 20, 21, 22, 6, 24, 25, 26, 23, 28, 8, 1], [1, 5, 3, 27, 4, 12, 7, 30, 29, 10, 11, 13, 16, 14, 15, 17, 9, 18, 19, 20, 21, 22, 6, 24, 25, 26, 23, 28, 8, 2], [1, 5, 3, 27, 4, 12, 7, 30, 29, 10, 11, 13, 16, 14, 15, 9, 17, 18, 19, 20, 21, 22, 6, 24, 25, 26, 23, 28, 8, 2], [1, 5, 3, 27, 4, 12, 7, 30, 29, 10, 11, 13, 9, 14, 15, 16, 17, 18, 19, 20, 21, 22, 6, 24, 25, 26, 23, 28, 8, 2], [1, 5, 3, 27, 4, 12, 7, 30, 29, 10, 11, 9, 13, 14, 15, 16, 17, 18, 19, 20, 21, 22, 6, 24, 25, 26, 23, 28, 8, 2], [1, 5, 3, 27, 4, 9, 7, 30, 29, 10, 11, 12, 13, 14, 15, 16, 17, 18, 19, 20, 21, 22, 6, 24, 25, 26, 23, 28, 8, 2], [1, 5, 3, 27, 4, 29, 7, 30, 9, 10, 11, 12, 13, 14, 15, 16, 17, 18, 19, 20, 21, 22, 6, 24, 25, 26, 23, 28, 8, 2], [1, 5, 3, 27, 4, 6, 7, 30, 9, 10, 11, 12, 13, 14, 15, 16, 17, 18, 19, 20, 21, 22, 29, 24, 25, 26, 23, 28, 8, 2], [1, 5, 3, 27, 4, 6, 7, 2, 9, 10, 11, 12, 13, 14, 15, 16, 17, 18, 19, 20, 21, 22, 29, 24, 25, 26, 23, 28, 8, 30], [1, 2, 3, 27, 4, 6, 7, 5, 9, 10, 11, 12, 13, 14, 15, 16, 17, 18, 19, 20, 21, 22, 29, 24, 25, 26, 23, 28, 8, 30], [1, 2, 3, 23, 4, 6, 7, 5, 9, 10, 11, 12, 13, 14, 15, 16, 17, 18, 19, 20, 21, 22, 29, 24, 25, 26, 27, 28, 8, 30], [1, 2, 3, 23, 5, 6, 7, 4, 9, 10, 11, 12, 13, 14, 15, 16, 17, 18, 19, 20, 21, 22, 29, 24, 25, 26, 27, 28, 8, 30], [1, 2, 3, 23, 5, 6, 7, 4, 9, 10, 11, 12, 13, 14, 15, 16, 17, 18, 19, 20, 21, 22, 8, 24, 25, 26, 27, 28, 29, 30], [1, 2, 3, 8, 5, 6, 7, 4, 9, 10, 11, 12, 13, 14, 15, 16, 17, 18, 19, 20, 21, 22, 23, 24, 25, 26, 27, 28, 29, 30], [1, 2, 3, 4, 5, 6, 7, 8, 9, 10, 11, 12, 13, 14, 15, 16, 17, 18, 19, 20, 21, 22, 23, 24, 25, 26, 27, 28, 29, 30]], pos=[[26, 1, 3, 10, 11, 23, 22, 29, 7, 24, 2, 6, 12, 15, 27, 18, 16, 25, 4, 30, 19, 28, 14, 5, 13, 20, 21, 17, 9, 8], [26, 1, 3, 10, 2, 23, 22, 29, 7, 24, 11, 6, 12, 15, 27, 18, 16, 25, 4, 30, 19, 28, 14, 5, 13, 20, 21, 17, 9, 8], [26, 1, 3, 10, 2, 23, 22, 29, 7, 24, 11, 6, 12, 27, 15, 18, 16, 25, 4, 30, 19, 28, 14, 5, 13, 20, 21, 17, 9, 8], [26, 1, 3, 10, 2, 23, 22, 29, 7, 24, 11, 6, 12, 27, 15, 18, 16, 25, 4, 30, 21, 28, 14, 5, 13, 20, 19, 17, 9, 8], [26, 1, 3, 10, 2, 23, 22, 29, 7, 24, 11, 6, 12, 27, 15, 18, 16, 25, 19, 30, 21, 28, 14, 5, 13, 20, 4, 17, 9, 8], [26, 1, 3, 10, 2, 23, 22, 29, 7, 5, 11, 6, 12, 27, 15, 18, 16, 25, 19, 30, 21, 28, 14, 24, 13, 20, 4, 17, 9, 8], [26, 1, 3, 5, 2, 23, 22, 29, 7, 10, 11, 6, 12, 27, 15, 18, 16, 25, 19, 30, 21, 28, 14, 24, 13, 20, 4, 17, 9, 8], [26, 1, 3, 5, 2, 23, 22, 29, 7, 10, 11, 6, 12, 27, 15, 18, 16, 13, 19, 30, 21, 28, 14, 24, 25, 20, 4, 17, 9, 8], [26, 1, 3, 5, 2, 23, 22, 29, 7, 10, 11, 6, 12, 27, 15, 13, 16, 18, 19, 30, 21, 28, 14, 24, 25, 20, 4, 17, 9, 8], [26, 1, 3, 5, 2, 23, 22, 29, 7, 10, 11, 6, 12, 14, 15, 13, 16, 18, 19, 30, 21, 28, 27, 24, 25, 20, 4, 17, 9, 8], [20, 1, 3, 5, 2, 23, 22, 29, 7, 10, 11, 6, 12, 14, 15, 13, 16, 18, 19, 30, 21, 28, 27, 24, 25, 26, 4, 17, 9, 8], [20, 1, 3, 5, 2, 23, 28, 29, 7, 10, 11, 6, 12, 14, 15, 13, 16, 18, 19, 30, 21, 22, 27, 24, 25, 26, 4, 17, 9, 8], [20, 1, 3, 5, 2, 23, 17, 29, 7, 10, 11, 6, 12, 14, 15, 13, 16, 18, 19, 30, 21, 22, 27, 24, 25, 26, 4, 28, 9, 8], [20, 1, 3, 5, 2, 23, 7, 29, 17, 10, 11, 6, 12, 14, 15, 13, 16, 18, 19, 30, 21, 22, 27, 24, 25, 26, 4, 28, 9, 8], [30, 1, 3, 5, 2, 23, 7, 29, 17, 10, 11, 6, 12, 14, 15, 13, 16, 18, 19, 20, 21, 22, 27, 24, 25, 26, 4, 28, 9, 8], [1, 30, 3, 5, 2, 23, 7, 29, 17, 10, 11, 6, 12, 14, 15, 13, 16, 18, 19, 20, 21, 22, 27, 24, 25, 26, 4, 28, 9, 8], [1, 30, 3, 5, 2, 23, 7, 29, 16, 10, 11, 6, 12, 14, 15, 13, 17, 18, 19, 20, 21, 22, 27, 24, 25, 26, 4, 28, 9, 8], [1, 30, 3, 5, 2, 23, 7, 29, 13, 10, 11, 6, 12, 14, 15, 16, 17, 18, 19, 20, 21, 22, 27, 24, 25, 26, 4, 28, 9, 8], [1, 30, 3, 5, 2, 23, 7, 29, 12, 10, 11, 6, 13, 14, 15, 16, 17, 18, 19, 20, 21, 22, 27, 24, 25, 26, 4, 28, 9, 8], [1, 30, 3, 5, 2, 23, 7, 29, 6, 10, 11, 12, 13, 14, 15, 16, 17, 18, 19, 20, 21, 22, 27, 24, 25, 26, 4, 28, 9, 8], [1, 30, 3, 5, 2, 23, 7, 29, 9, 10, 11, 12, 13, 14, 15, 16, 17, 18, 19, 20, 21, 22, 27, 24, 25, 26, 4, 28, 6, 8], [1, 30, 3, 5, 2, 6, 7, 29, 9, 10, 11, 12, 13, 14, 15, 16, 17, 18, 19, 20, 21, 22, 27, 24, 25, 26, 4, 28, 23, 8], [1, 8, 3, 5, 2, 6, 7, 29, 9, 10, 11, 12, 13, 14, 15, 16, 17, 18, 19, 20, 21, 22, 27, 24, 25, 26, 4, 28, 23, 30], [1, 2, 3, 5, 8, 6, 7, 29, 9, 10, 11, 12, 13, 14, 15, 16, 17, 18, 19, 20, 21, 22, 27, 24, 25, 26, 4, 28, 23, 30], [1, 2, 3, 5, 8, 6, 7, 29, 9, 10, 11, 12, 13, 14, 15, 16, 17, 18, 19, 20, 21, 22, 4, 24, 25, 26, 27, 28, 23, 30], [1, 2, 3, 8, 5, 6, 7, 29, 9, 10, 11, 12, 13, 14, 15, 16, 17, 18, 19, 20, 21, 22, 4, 24, 25, 26, 27, 28, 23, 30], [1, 2, 3, 8, 5, 6, 7, 23, 9, 10, 11, 12, 13, 14, 15, 16, 17, 18, 19, 20, 21, 22, 4, 24, 25, 26, 27, 28, 29, 30], [1, 2, 3, 8, 5, 6, 7, 4, 9, 10, 11, 12, 13, 14, 15, 16, 17, 18, 19, 20, 21, 22, 23, 24, 25, 26, 27, 28, 29, 30], [1, 2, 3, 4, 5, 6, 7, 8, 9, 10, 11, 12, 13, 14, 15, 16, 17, 18, 19, 20, 21, 22, 23, 24, 25, 26, 27, 28, 29, 30]], idx1=[2, 15, 19, 4, 5, 5, 13, 13, 14, 20, 22, 17, 7, 20, 1, 16, 13, 12, 6, 6, 6, 8, 2, 4, 5, 23, 4, 4], idx2=[11, 27, 21, 19, 24, 10, 25, 18, 27, 26, 28, 28, 17, 30, 30, 17, 16, 13, 12, 9, 23, 30, 8, 27, 8, 29, 23, 8], _checker='')