============================================================
BENCHMARK ID: 34 | DIMENSIONE: 20 | STRATEGIA: norestart
============================================================

Input Vector: [20, 18, 5, 11, 1, 14, 16, 2, 8, 7, 13, 6, 10, 19, 12, 9, 4, 17, 15, 3]

STATO: RISOLTO
K: 17
TEMPO: 23.3840s
----------------------------------------
PIANO:
Solution(v=[[20, 18, 5, 11, 1, 14, 16, 2, 8, 7, 13, 6, 10, 19, 12, 9, 4, 17, 15, 3], [20, 18, 5, 11, 1, 14, 16, 8, 2, 7, 13, 6, 10, 19, 12, 9, 4, 17, 15, 3], [20, 18, 5, 11, 1, 14, 16, 8, 9, 7, 13, 6, 10, 19, 12, 2, 4, 17, 15, 3], [20, 18, 5, 11, 1, 14, 16, 8, 9, 7, 13, 6, 10, 19, 12, 2, 17, 4, 15, 3], [20, 4, 5, 11, 1, 14, 16, 8, 9, 7, 13, 6, 10, 19, 12, 2, 17, 18, 15, 3], [20, 4, 5, 11, 1, 14, 16, 8, 9, 7, 13, 12, 10, 19, 6, 2, 17, 18, 15, 3], [20, 4, 5, 11, 1, 6, 16, 8, 9, 7, 13, 12, 10, 19, 14, 2, 17, 18, 15, 3], [20, 4, 5, 11, 1, 6, 2, 8, 9, 7, 13, 12, 10, 19, 14, 16, 17, 18, 15, 3], [20, 4, 5, 11, 1, 6, 7, 8, 9, 2, 13, 12, 10, 19, 14, 16, 17, 18, 15, 3], [20, 4, 5, 11, 1, 6, 7, 8, 9, 2, 10, 12, 13, 19, 14, 16, 17, 18, 15, 3], [20, 4, 5, 10, 1, 6, 7, 8, 9, 2, 11, 12, 13, 19, 14, 16, 17, 18, 15, 3], [20, 4, 5, 2, 1, 6, 7, 8, 9, 10, 11, 12, 13, 19, 14, 16, 17, 18, 15, 3], [20, 2, 5, 4, 1, 6, 7, 8, 9, 10, 11, 12, 13, 19, 14, 16, 17, 18, 15, 3], [20, 2, 1, 4, 5, 6, 7, 8, 9, 10, 11, 12, 13, 19, 14, 16, 17, 18, 15, 3], [1, 2, 20, 4, 5, 6, 7, 8, 9, 10, 11, 12, 13, 19, 14, 16, 17, 18, 15, 3], [1, 2, 3, 4, 5, 6, 7, 8, 9, 10, 11, 12, 13, 19, 14, 16, 17, 18, 15, 20], [1, 2, 3, 4, 5, 6, 7, 8, 9, 10, 11, 12, 13, 15, 14, 16, 17, 18, 19, 20], [1, 2, 3, 4, 5, 6, 7, 8, 9, 10, 11, 12, 13, 14, 15, 16, 17, 18, 19, 20]], pos=[[5, 8, 20, 17, 3, 12, 10, 9, 16, 13, 4, 15, 11, 6, 19, 7, 18, 2, 14, 1], [5, 9, 20, 17, 3, 12, 10, 8, 16, 13, 4, 15, 11, 6, 19, 7, 18, 2, 14, 1], [5, 16, 20, 17, 3, 12, 10, 8, 9, 13, 4, 15, 11, 6, 19, 7, 18, 2, 14, 1], [5, 16, 20, 18, 3, 12, 10, 8, 9, 13, 4, 15, 11, 6, 19, 7, 17, 2, 14, 1], [5, 16, 20, 2, 3, 12, 10, 8, 9, 13, 4, 15, 11, 6, 19, 7, 17, 18, 14, 1], [5, 16, 20, 2, 3, 15, 10, 8, 9, 13, 4, 12, 11, 6, 19, 7, 17, 18, 14, 1], [5, 16, 20, 2, 3, 6, 10, 8, 9, 13, 4, 12, 11, 15, 19, 7, 17, 18, 14, 1], [5, 7, 20, 2, 3, 6, 10, 8, 9, 13, 4, 12, 11, 15, 19, 16, 17, 18, 14, 1], [5, 10, 20, 2, 3, 6, 7, 8, 9, 13, 4, 12, 11, 15, 19, 16, 17, 18, 14, 1], [5, 10, 20, 2, 3, 6, 7, 8, 9, 11, 4, 12, 13, 15, 19, 16, 17, 18, 14, 1], [5, 10, 20, 2, 3, 6, 7, 8, 9, 4, 11, 12, 13, 15, 19, 16, 17, 18, 14, 1], [5, 4, 20, 2, 3, 6, 7, 8, 9, 10, 11, 12, 13, 15, 19, 16, 17, 18, 14, 1], [5, 2, 20, 4, 3, 6, 7, 8, 9, 10, 11, 12, 13, 15, 19, 16, 17, 18, 14, 1], [3, 2, 20, 4, 5, 6, 7, 8, 9, 10, 11, 12, 13, 15, 19, 16, 17, 18, 14, 1], [1, 2, 20, 4, 5, 6, 7, 8, 9, 10, 11, 12, 13, 15, 19, 16, 17, 18, 14, 3], [1, 2, 3, 4, 5, 6, 7, 8, 9, 10, 11, 12, 13, 15, 19, 16, 17, 18, 14, 20], [1, 2, 3, 4, 5, 6, 7, 8, 9, 10, 11, 12, 13, 15, 14, 16, 17, 18, 19, 20], [1, 2, 3, 4, 5, 6, 7, 8, 9, 10, 11, 12, 13, 14, 15, 16, 17, 18, 19, 20]], idx1=[8, 9, 17, 2, 12, 6, 7, 7, 11, 4, 4, 2, 3, 1, 3, 14, 14], idx2=[9, 16, 18, 18, 15, 15, 16, 10, 13, 11, 10, 4, 5, 3, 20, 19, 15], _checker='')