============================================================
BENCHMARK ID: 36 | DIMENSIONE: 20 | STRATEGIA: norestart
============================================================

Input Vector: [13, 20, 1, 15, 5, 19, 6, 18, 3, 14, 16, 12, 10, 7, 4, 9, 2, 11, 8, 17]

STATO: RISOLTO
K: 15
TEMPO: 0.7070s
----------------------------------------
PIANO:
Solution(v=[[13, 20, 1, 15, 5, 19, 6, 18, 3, 14, 16, 12, 10, 7, 4, 9, 2, 11, 8, 17], [13, 20, 1, 4, 5, 19, 6, 18, 3, 14, 16, 12, 10, 7, 15, 9, 2, 11, 8, 17], [13, 20, 1, 4, 5, 19, 6, 18, 3, 7, 16, 12, 10, 14, 15, 9, 2, 11, 8, 17], [13, 20, 1, 4, 5, 19, 6, 18, 3, 7, 11, 12, 10, 14, 15, 9, 2, 16, 8, 17], [13, 20, 1, 4, 5, 19, 6, 18, 3, 7, 11, 12, 10, 14, 15, 9, 17, 16, 8, 2], [13, 2, 1, 4, 5, 19, 6, 18, 3, 7, 11, 12, 10, 14, 15, 9, 17, 16, 8, 20], [13, 2, 1, 4, 5, 8, 6, 18, 3, 7, 11, 12, 10, 14, 15, 9, 17, 16, 19, 20], [13, 2, 1, 4, 5, 6, 8, 18, 3, 7, 11, 12, 10, 14, 15, 9, 17, 16, 19, 20], [13, 2, 1, 4, 5, 6, 8, 18, 9, 7, 11, 12, 10, 14, 15, 3, 17, 16, 19, 20], [13, 2, 1, 4, 5, 6, 8, 18, 9, 10, 11, 12, 7, 14, 15, 3, 17, 16, 19, 20], [7, 2, 1, 4, 5, 6, 8, 18, 9, 10, 11, 12, 13, 14, 15, 3, 17, 16, 19, 20], [7, 2, 3, 4, 5, 6, 8, 18, 9, 10, 11, 12, 13, 14, 15, 1, 17, 16, 19, 20], [1, 2, 3, 4, 5, 6, 8, 18, 9, 10, 11, 12, 13, 14, 15, 7, 17, 16, 19, 20], [1, 2, 3, 4, 5, 6, 7, 18, 9, 10, 11, 12, 13, 14, 15, 8, 17, 16, 19, 20], [1, 2, 3, 4, 5, 6, 7, 16, 9, 10, 11, 12, 13, 14, 15, 8, 17, 18, 19, 20], [1, 2, 3, 4, 5, 6, 7, 8, 9, 10, 11, 12, 13, 14, 15, 16, 17, 18, 19, 20]], pos=[[3, 17, 9, 15, 5, 7, 14, 19, 16, 13, 18, 12, 1, 10, 4, 11, 20, 8, 6, 2], [3, 17, 9, 4, 5, 7, 14, 19, 16, 13, 18, 12, 1, 10, 15, 11, 20, 8, 6, 2], [3, 17, 9, 4, 5, 7, 10, 19, 16, 13, 18, 12, 1, 14, 15, 11, 20, 8, 6, 2], [3, 17, 9, 4, 5, 7, 10, 19, 16, 13, 11, 12, 1, 14, 15, 18, 20, 8, 6, 2], [3, 20, 9, 4, 5, 7, 10, 19, 16, 13, 11, 12, 1, 14, 15, 18, 17, 8, 6, 2], [3, 2, 9, 4, 5, 7, 10, 19, 16, 13, 11, 12, 1, 14, 15, 18, 17, 8, 6, 20], [3, 2, 9, 4, 5, 7, 10, 6, 16, 13, 11, 12, 1, 14, 15, 18, 17, 8, 19, 20], [3, 2, 9, 4, 5, 6, 10, 7, 16, 13, 11, 12, 1, 14, 15, 18, 17, 8, 19, 20], [3, 2, 16, 4, 5, 6, 10, 7, 9, 13, 11, 12, 1, 14, 15, 18, 17, 8, 19, 20], [3, 2, 16, 4, 5, 6, 13, 7, 9, 10, 11, 12, 1, 14, 15, 18, 17, 8, 19, 20], [3, 2, 16, 4, 5, 6, 1, 7, 9, 10, 11, 12, 13, 14, 15, 18, 17, 8, 19, 20], [16, 2, 3, 4, 5, 6, 1, 7, 9, 10, 11, 12, 13, 14, 15, 18, 17, 8, 19, 20], [1, 2, 3, 4, 5, 6, 16, 7, 9, 10, 11, 12, 13, 14, 15, 18, 17, 8, 19, 20], [1, 2, 3, 4, 5, 6, 7, 16, 9, 10, 11, 12, 13, 14, 15, 18, 17, 8, 19, 20], [1, 2, 3, 4, 5, 6, 7, 16, 9, 10, 11, 12, 13, 14, 15, 8, 17, 18, 19, 20], [1, 2, 3, 4, 5, 6, 7, 8, 9, 10, 11, 12, 13, 14, 15, 16, 17, 18, 19, 20]], idx1=[4, 10, 11, 17, 2, 6, 6, 9, 10, 1, 3, 1, 7, 8, 8], idx2=[15, 14, 18, 20, 20, 19, 7, 16, 13, 13, 16, 16, 16, 18, 16], _checker='')