============================================================
BENCHMARK ID: 43 | DIMENSIONE: 25 | STRATEGIA: norestart
============================================================

Input Vector: [18, 8, 4, 17, 9, 10, 12, 22, 16, 3, 6, 15, 7, 21, 19, 24, 25, 20, 1, 5, 13, 23, 11, 2, 14]

STATO: RISOLTO
K: 24
TEMPO: 41.7320s
----------------------------------------
PIANO:
Solution(v=[[18, 8, 4, 17, 9, 10, 12, 22, 16, 3, 6, 15, 7, 21, 19, 24, 25, 20, 1, 5, 13, 23, 11, 2, 14], [18, 8, 4, 17, 5, 10, 12, 22, 16, 3, 6, 15, 7, 21, 19, 24, 25, 20, 1, 9, 13, 23, 11, 2, 14], [18, 8, 4, 17, 5, 10, 12, 22, 16, 3, 6, 19, 7, 21, 15, 24, 25, 20, 1, 9, 13, 23, 11, 2, 14], [18, 8, 4, 17, 5, 10, 12, 22, 16, 3, 6, 19, 13, 21, 15, 24, 25, 20, 1, 9, 7, 23, 11, 2, 14], [18, 8, 4, 17, 5, 10, 12, 22, 16, 3, 6, 19, 13, 21, 15, 24, 25, 20, 1, 9, 7, 11, 23, 2, 14], [18, 8, 4, 17, 5, 10, 12, 11, 16, 3, 6, 19, 13, 21, 15, 24, 25, 20, 1, 9, 7, 22, 23, 2, 14], [18, 11, 4, 17, 5, 10, 12, 8, 16, 3, 6, 19, 13, 21, 15, 24, 25, 20, 1, 9, 7, 22, 23, 2, 14], [18, 11, 4, 25, 5, 10, 12, 8, 16, 3, 6, 19, 13, 21, 15, 24, 17, 20, 1, 9, 7, 22, 23, 2, 14], [18, 11, 4, 25, 5, 3, 12, 8, 16, 10, 6, 19, 13, 21, 15, 24, 17, 20, 1, 9, 7, 22, 23, 2, 14], [18, 11, 3, 25, 5, 4, 12, 8, 16, 10, 6, 19, 13, 21, 15, 24, 17, 20, 1, 9, 7, 22, 23, 2, 14], [18, 11, 3, 14, 5, 4, 12, 8, 16, 10, 6, 19, 13, 21, 15, 24, 17, 20, 1, 9, 7, 22, 23, 2, 25], [18, 11, 3, 4, 5, 14, 12, 8, 16, 10, 6, 19, 13, 21, 15, 24, 17, 20, 1, 9, 7, 22, 23, 2, 25], [18, 11, 3, 4, 5, 21, 12, 8, 16, 10, 6, 19, 13, 14, 15, 24, 17, 20, 1, 9, 7, 22, 23, 2, 25], [18, 11, 3, 4, 5, 21, 7, 8, 16, 10, 6, 19, 13, 14, 15, 24, 17, 20, 1, 9, 12, 22, 23, 2, 25], [18, 11, 3, 4, 5, 12, 7, 8, 16, 10, 6, 19, 13, 14, 15, 24, 17, 20, 1, 9, 21, 22, 23, 2, 25], [18, 11, 3, 4, 5, 19, 7, 8, 16, 10, 6, 12, 13, 14, 15, 24, 17, 20, 1, 9, 21, 22, 23, 2, 25], [18, 11, 3, 4, 5, 19, 7, 8, 16, 10, 6, 12, 13, 14, 15, 2, 17, 20, 1, 9, 21, 22, 23, 24, 25], [18, 11, 3, 4, 5, 19, 7, 8, 2, 10, 6, 12, 13, 14, 15, 16, 17, 20, 1, 9, 21, 22, 23, 24, 25], [18, 11, 3, 4, 5, 19, 7, 8, 9, 10, 6, 12, 13, 14, 15, 16, 17, 20, 1, 2, 21, 22, 23, 24, 25], [18, 11, 3, 4, 5, 19, 7, 8, 9, 10, 6, 12, 13, 14, 15, 16, 17, 2, 1, 20, 21, 22, 23, 24, 25], [2, 11, 3, 4, 5, 19, 7, 8, 9, 10, 6, 12, 13, 14, 15, 16, 17, 18, 1, 20, 21, 22, 23, 24, 25], [11, 2, 3, 4, 5, 19, 7, 8, 9, 10, 6, 12, 13, 14, 15, 16, 17, 18, 1, 20, 21, 22, 23, 24, 25], [11, 2, 3, 4, 5, 1, 7, 8, 9, 10, 6, 12, 13, 14, 15, 16, 17, 18, 19, 20, 21, 22, 23, 24, 25], [11, 2, 3, 4, 5, 6, 7, 8, 9, 10, 1, 12, 13, 14, 15, 16, 17, 18, 19, 20, 21, 22, 23, 24, 25], [1, 2, 3, 4, 5, 6, 7, 8, 9, 10, 11, 12, 13, 14, 15, 16, 17, 18, 19, 20, 21, 22, 23, 24, 25]], pos=[[19, 24, 10, 3, 20, 11, 13, 2, 5, 6, 23, 7, 21, 25, 12, 9, 4, 1, 15, 18, 14, 8, 22, 16, 17], [19, 24, 10, 3, 5, 11, 13, 2, 20, 6, 23, 7, 21, 25, 12, 9, 4, 1, 15, 18, 14, 8, 22, 16, 17], [19, 24, 10, 3, 5, 11, 13, 2, 20, 6, 23, 7, 21, 25, 15, 9, 4, 1, 12, 18, 14, 8, 22, 16, 17], [19, 24, 10, 3, 5, 11, 21, 2, 20, 6, 23, 7, 13, 25, 15, 9, 4, 1, 12, 18, 14, 8, 22, 16, 17], [19, 24, 10, 3, 5, 11, 21, 2, 20, 6, 22, 7, 13, 25, 15, 9, 4, 1, 12, 18, 14, 8, 23, 16, 17], [19, 24, 10, 3, 5, 11, 21, 2, 20, 6, 8, 7, 13, 25, 15, 9, 4, 1, 12, 18, 14, 22, 23, 16, 17], [19, 24, 10, 3, 5, 11, 21, 8, 20, 6, 2, 7, 13, 25, 15, 9, 4, 1, 12, 18, 14, 22, 23, 16, 17], [19, 24, 10, 3, 5, 11, 21, 8, 20, 6, 2, 7, 13, 25, 15, 9, 17, 1, 12, 18, 14, 22, 23, 16, 4], [19, 24, 6, 3, 5, 11, 21, 8, 20, 10, 2, 7, 13, 25, 15, 9, 17, 1, 12, 18, 14, 22, 23, 16, 4], [19, 24, 3, 6, 5, 11, 21, 8, 20, 10, 2, 7, 13, 25, 15, 9, 17, 1, 12, 18, 14, 22, 23, 16, 4], [19, 24, 3, 6, 5, 11, 21, 8, 20, 10, 2, 7, 13, 4, 15, 9, 17, 1, 12, 18, 14, 22, 23, 16, 25], [19, 24, 3, 4, 5, 11, 21, 8, 20, 10, 2, 7, 13, 6, 15, 9, 17, 1, 12, 18, 14, 22, 23, 16, 25], [19, 24, 3, 4, 5, 11, 21, 8, 20, 10, 2, 7, 13, 14, 15, 9, 17, 1, 12, 18, 6, 22, 23, 16, 25], [19, 24, 3, 4, 5, 11, 7, 8, 20, 10, 2, 21, 13, 14, 15, 9, 17, 1, 12, 18, 6, 22, 23, 16, 25], [19, 24, 3, 4, 5, 11, 7, 8, 20, 10, 2, 6, 13, 14, 15, 9, 17, 1, 12, 18, 21, 22, 23, 16, 25], [19, 24, 3, 4, 5, 11, 7, 8, 20, 10, 2, 12, 13, 14, 15, 9, 17, 1, 6, 18, 21, 22, 23, 16, 25], [19, 16, 3, 4, 5, 11, 7, 8, 20, 10, 2, 12, 13, 14, 15, 9, 17, 1, 6, 18, 21, 22, 23, 24, 25], [19, 9, 3, 4, 5, 11, 7, 8, 20, 10, 2, 12, 13, 14, 15, 16, 17, 1, 6, 18, 21, 22, 23, 24, 25], [19, 20, 3, 4, 5, 11, 7, 8, 9, 10, 2, 12, 13, 14, 15, 16, 17, 1, 6, 18, 21, 22, 23, 24, 25], [19, 18, 3, 4, 5, 11, 7, 8, 9, 10, 2, 12, 13, 14, 15, 16, 17, 1, 6, 20, 21, 22, 23, 24, 25], [19, 1, 3, 4, 5, 11, 7, 8, 9, 10, 2, 12, 13, 14, 15, 16, 17, 18, 6, 20, 21, 22, 23, 24, 25], [19, 2, 3, 4, 5, 11, 7, 8, 9, 10, 1, 12, 13, 14, 15, 16, 17, 18, 6, 20, 21, 22, 23, 24, 25], [6, 2, 3, 4, 5, 11, 7, 8, 9, 10, 1, 12, 13, 14, 15, 16, 17, 18, 19, 20, 21, 22, 23, 24, 25], [11, 2, 3, 4, 5, 6, 7, 8, 9, 10, 1, 12, 13, 14, 15, 16, 17, 18, 19, 20, 21, 22, 23, 24, 25], [1, 2, 3, 4, 5, 6, 7, 8, 9, 10, 11, 12, 13, 14, 15, 16, 17, 18, 19, 20, 21, 22, 23, 24, 25]], idx1=[5, 12, 13, 22, 8, 2, 4, 6, 3, 4, 4, 6, 7, 6, 6, 16, 9, 9, 18, 1, 1, 6, 6, 1], idx2=[20, 15, 21, 23, 22, 8, 17, 10, 6, 25, 6, 14, 21, 21, 12, 24, 16, 20, 20, 18, 2, 19, 11, 11], _checker='')