============================================================
BENCHMARK ID: 11 | DIMENSIONE: 10 | STRATEGIA: norestart
============================================================

Input Vector: [10, 9, 5, 2, 4, 1, 7, 6, 8, 3]

STATO: RISOLTO
K: 8
TEMPO: 0.3510s
----------------------------------------
PIANO:
Solution(v=[[10, 9, 5, 2, 4, 1, 7, 6, 8, 3], [10, 2, 5, 9, 4, 1, 7, 6, 8, 3], [10, 2, 5, 4, 9, 1, 7, 6, 8, 3], [10, 2, 5, 4, 9, 6, 7, 1, 8, 3], [10, 2, 5, 4, 9, 6, 7, 8, 1, 3], [1, 2, 5, 4, 9, 6, 7, 8, 10, 3], [1, 2, 5, 4, 10, 6, 7, 8, 9, 3], [1, 2, 5, 4, 3, 6, 7, 8, 9, 10], [1, 2, 3, 4, 5, 6, 7, 8, 9, 10]], pos=[[6, 4, 10, 5, 3, 8, 7, 9, 2, 1], [6, 2, 10, 5, 3, 8, 7, 9, 4, 1], [6, 2, 10, 4, 3, 8, 7, 9, 5, 1], [8, 2, 10, 4, 3, 6, 7, 9, 5, 1], [9, 2, 10, 4, 3, 6, 7, 8, 5, 1], [1, 2, 10, 4, 3, 6, 7, 8, 5, 9], [1, 2, 10, 4, 3, 6, 7, 8, 9, 5], [1, 2, 5, 4, 3, 6, 7, 8, 9, 10], [1, 2, 3, 4, 5, 6, 7, 8, 9, 10]], idx1=[2, 4, 6, 8, 1, 5, 5, 3], idx2=[4, 5, 8, 9, 9, 9, 10, 5], _checker='')