============================================================
BENCHMARK ID: 40 | DIMENSIONE: 20 | STRATEGIA: norestart
============================================================

Input Vector: [15, 12, 11, 6, 10, 2, 17, 14, 19, 7, 16, 5, 4, 9, 13, 1, 18, 20, 8, 3]

STATO: RISOLTO
K: 18
TEMPO: 6.5070s
----------------------------------------
PIANO:
Solution(v=[[15, 12, 11, 6, 10, 2, 17, 14, 19, 7, 16, 5, 4, 9, 13, 1, 18, 20, 8, 3], [15, 12, 11, 4, 10, 2, 17, 14, 19, 7, 16, 5, 6, 9, 13, 1, 18, 20, 8, 3], [15, 12, 11, 4, 10, 2, 17, 14, 8, 7, 16, 5, 6, 9, 13, 1, 18, 20, 19, 3], [15, 12, 11, 4, 10, 2, 17, 8, 14, 7, 16, 5, 6, 9, 13, 1, 18, 20, 19, 3], [15, 12, 11, 4, 10, 2, 17, 8, 14, 7, 1, 5, 6, 9, 13, 16, 18, 20, 19, 3], [15, 12, 11, 4, 10, 2, 17, 8, 14, 7, 1, 5, 6, 9, 13, 16, 18, 3, 19, 20], [15, 12, 3, 4, 10, 2, 17, 8, 14, 7, 1, 5, 6, 9, 13, 16, 18, 11, 19, 20], [15, 12, 3, 4, 10, 6, 17, 8, 14, 7, 1, 5, 2, 9, 13, 16, 18, 11, 19, 20], [15, 12, 3, 4, 10, 6, 7, 8, 14, 17, 1, 5, 2, 9, 13, 16, 18, 11, 19, 20], [15, 12, 3, 4, 10, 6, 7, 8, 9, 17, 1, 5, 2, 14, 13, 16, 18, 11, 19, 20], [15, 12, 3, 4, 10, 6, 7, 8, 9, 18, 1, 5, 2, 14, 13, 16, 17, 11, 19, 20], [15, 12, 3, 4, 10, 6, 7, 8, 9, 18, 11, 5, 2, 14, 13, 16, 17, 1, 19, 20], [15, 12, 3, 4, 10, 6, 7, 8, 9, 1, 11, 5, 2, 14, 13, 16, 17, 18, 19, 20], [1, 12, 3, 4, 10, 6, 7, 8, 9, 15, 11, 5, 2, 14, 13, 16, 17, 18, 19, 20], [1, 2, 3, 4, 10, 6, 7, 8, 9, 15, 11, 5, 12, 14, 13, 16, 17, 18, 19, 20], [1, 2, 3, 4, 5, 6, 7, 8, 9, 15, 11, 10, 12, 14, 13, 16, 17, 18, 19, 20], [1, 2, 3, 4, 5, 6, 7, 8, 9, 13, 11, 10, 12, 14, 15, 16, 17, 18, 19, 20], [1, 2, 3, 4, 5, 6, 7, 8, 9, 12, 11, 10, 13, 14, 15, 16, 17, 18, 19, 20], [1, 2, 3, 4, 5, 6, 7, 8, 9, 10, 11, 12, 13, 14, 15, 16, 17, 18, 19, 20]], pos=[[16, 6, 20, 13, 12, 4, 10, 19, 14, 5, 3, 2, 15, 8, 1, 11, 7, 17, 9, 18], [16, 6, 20, 4, 12, 13, 10, 19, 14, 5, 3, 2, 15, 8, 1, 11, 7, 17, 9, 18], [16, 6, 20, 4, 12, 13, 10, 9, 14, 5, 3, 2, 15, 8, 1, 11, 7, 17, 19, 18], [16, 6, 20, 4, 12, 13, 10, 8, 14, 5, 3, 2, 15, 9, 1, 11, 7, 17, 19, 18], [11, 6, 20, 4, 12, 13, 10, 8, 14, 5, 3, 2, 15, 9, 1, 16, 7, 17, 19, 18], [11, 6, 18, 4, 12, 13, 10, 8, 14, 5, 3, 2, 15, 9, 1, 16, 7, 17, 19, 20], [11, 6, 3, 4, 12, 13, 10, 8, 14, 5, 18, 2, 15, 9, 1, 16, 7, 17, 19, 20], [11, 13, 3, 4, 12, 6, 10, 8, 14, 5, 18, 2, 15, 9, 1, 16, 7, 17, 19, 20], [11, 13, 3, 4, 12, 6, 7, 8, 14, 5, 18, 2, 15, 9, 1, 16, 10, 17, 19, 20], [11, 13, 3, 4, 12, 6, 7, 8, 9, 5, 18, 2, 15, 14, 1, 16, 10, 17, 19, 20], [11, 13, 3, 4, 12, 6, 7, 8, 9, 5, 18, 2, 15, 14, 1, 16, 17, 10, 19, 20], [18, 13, 3, 4, 12, 6, 7, 8, 9, 5, 11, 2, 15, 14, 1, 16, 17, 10, 19, 20], [10, 13, 3, 4, 12, 6, 7, 8, 9, 5, 11, 2, 15, 14, 1, 16, 17, 18, 19, 20], [1, 13, 3, 4, 12, 6, 7, 8, 9, 5, 11, 2, 15, 14, 10, 16, 17, 18, 19, 20], [1, 2, 3, 4, 12, 6, 7, 8, 9, 5, 11, 13, 15, 14, 10, 16, 17, 18, 19, 20], [1, 2, 3, 4, 5, 6, 7, 8, 9, 12, 11, 13, 15, 14, 10, 16, 17, 18, 19, 20], [1, 2, 3, 4, 5, 6, 7, 8, 9, 12, 11, 13, 10, 14, 15, 16, 17, 18, 19, 20], [1, 2, 3, 4, 5, 6, 7, 8, 9, 12, 11, 10, 13, 14, 15, 16, 17, 18, 19, 20], [1, 2, 3, 4, 5, 6, 7, 8, 9, 10, 11, 12, 13, 14, 15, 16, 17, 18, 19, 20]], idx1=[4, 9, 8, 11, 18, 3, 6, 7, 9, 10, 11, 10, 1, 2, 5, 10, 10, 10], idx2=[13, 19, 9, 16, 20, 18, 13, 10, 14, 17, 18, 18, 10, 13, 12, 15, 13, 12], _checker='')