============================================================
BENCHMARK ID: 20 | DIMENSIONE: 10 | STRATEGIA: norestart
============================================================

Input Vector: [1, 6, 7, 9, 8, 4, 10, 3, 5, 2]

STATO: RISOLTO
K: 8
TEMPO: 0.1870s
----------------------------------------
PIANO:
Solution(v=[[1, 6, 7, 9, 8, 4, 10, 3, 5, 2], [1, 6, 7, 4, 8, 9, 10, 3, 5, 2], [1, 6, 7, 4, 3, 9, 10, 8, 5, 2], [1, 6, 7, 4, 5, 9, 10, 8, 3, 2], [1, 6, 3, 4, 5, 9, 10, 8, 7, 2], [1, 6, 3, 4, 5, 7, 10, 8, 9, 2], [1, 7, 3, 4, 5, 6, 10, 8, 9, 2], [1, 7, 3, 4, 5, 6, 2, 8, 9, 10], [1, 2, 3, 4, 5, 6, 7, 8, 9, 10]], pos=[[1, 10, 8, 6, 9, 2, 3, 5, 4, 7], [1, 10, 8, 4, 9, 2, 3, 5, 6, 7], [1, 10, 5, 4, 9, 2, 3, 8, 6, 7], [1, 10, 9, 4, 5, 2, 3, 8, 6, 7], [1, 10, 3, 4, 5, 2, 9, 8, 6, 7], [1, 10, 3, 4, 5, 2, 6, 8, 9, 7], [1, 10, 3, 4, 5, 6, 2, 8, 9, 7], [1, 7, 3, 4, 5, 6, 2, 8, 9, 10], [1, 2, 3, 4, 5, 6, 7, 8, 9, 10]], idx1=[4, 5, 5, 3, 6, 2, 7, 2], idx2=[6, 8, 9, 9, 9, 6, 10, 7], _checker='')