============================================================
BENCHMARK ID: 35 | DIMENSIONE: 20 | STRATEGIA: norestart
============================================================

Input Vector: [15, 13, 19, 2, 6, 17, 4, 8, 14, 16, 7, 11, 1, 3, 10, 12, 5, 20, 18, 9]

STATO: RISOLTO
K: 16
TEMPO: 128.9260s
----------------------------------------
PIANO:
Solution(v=[[15, 13, 19, 2, 6, 17, 4, 8, 14, 16, 7, 11, 1, 3, 10, 12, 5, 20, 18, 9], [15, 13, 19, 2, 6, 5, 4, 8, 14, 16, 7, 11, 1, 3, 10, 12, 17, 20, 18, 9], [15, 13, 19, 2, 6, 5, 4, 8, 14, 10, 7, 11, 1, 3, 16, 12, 17, 20, 18, 9], [16, 13, 19, 2, 6, 5, 4, 8, 14, 10, 7, 11, 1, 3, 15, 12, 17, 20, 18, 9], [16, 13, 19, 2, 6, 5, 7, 8, 14, 10, 4, 11, 1, 3, 15, 12, 17, 20, 18, 9], [16, 13, 19, 2, 6, 5, 7, 8, 9, 10, 4, 11, 1, 3, 15, 12, 17, 20, 18, 14], [16, 13, 19, 2, 6, 5, 7, 8, 9, 10, 4, 12, 1, 3, 15, 11, 17, 20, 18, 14], [11, 13, 19, 2, 6, 5, 7, 8, 9, 10, 4, 12, 1, 3, 15, 16, 17, 20, 18, 14], [11, 2, 19, 13, 6, 5, 7, 8, 9, 10, 4, 12, 1, 3, 15, 16, 17, 20, 18, 14], [11, 2, 19, 13, 5, 6, 7, 8, 9, 10, 4, 12, 1, 3, 15, 16, 17, 20, 18, 14], [11, 2, 19, 13, 5, 6, 7, 8, 9, 10, 4, 12, 1, 3, 15, 16, 17, 18, 20, 14], [11, 2, 20, 13, 5, 6, 7, 8, 9, 10, 4, 12, 1, 3, 15, 16, 17, 18, 19, 14], [11, 2, 14, 13, 5, 6, 7, 8, 9, 10, 4, 12, 1, 3, 15, 16, 17, 18, 19, 20], [11, 2, 14, 1, 5, 6, 7, 8, 9, 10, 4, 12, 13, 3, 15, 16, 17, 18, 19, 20], [1, 2, 14, 11, 5, 6, 7, 8, 9, 10, 4, 12, 13, 3, 15, 16, 17, 18, 19, 20], [1, 2, 3, 11, 5, 6, 7, 8, 9, 10, 4, 12, 13, 14, 15, 16, 17, 18, 19, 20], [1, 2, 3, 4, 5, 6, 7, 8, 9, 10, 11, 12, 13, 14, 15, 16, 17, 18, 19, 20]], pos=[[13, 4, 14, 7, 17, 5, 11, 8, 20, 15, 12, 16, 2, 9, 1, 10, 6, 19, 3, 18], [13, 4, 14, 7, 6, 5, 11, 8, 20, 15, 12, 16, 2, 9, 1, 10, 17, 19, 3, 18], [13, 4, 14, 7, 6, 5, 11, 8, 20, 10, 12, 16, 2, 9, 1, 15, 17, 19, 3, 18], [13, 4, 14, 7, 6, 5, 11, 8, 20, 10, 12, 16, 2, 9, 15, 1, 17, 19, 3, 18], [13, 4, 14, 11, 6, 5, 7, 8, 20, 10, 12, 16, 2, 9, 15, 1, 17, 19, 3, 18], [13, 4, 14, 11, 6, 5, 7, 8, 9, 10, 12, 16, 2, 20, 15, 1, 17, 19, 3, 18], [13, 4, 14, 11, 6, 5, 7, 8, 9, 10, 16, 12, 2, 20, 15, 1, 17, 19, 3, 18], [13, 4, 14, 11, 6, 5, 7, 8, 9, 10, 1, 12, 2, 20, 15, 16, 17, 19, 3, 18], [13, 2, 14, 11, 6, 5, 7, 8, 9, 10, 1, 12, 4, 20, 15, 16, 17, 19, 3, 18], [13, 2, 14, 11, 5, 6, 7, 8, 9, 10, 1, 12, 4, 20, 15, 16, 17, 19, 3, 18], [13, 2, 14, 11, 5, 6, 7, 8, 9, 10, 1, 12, 4, 20, 15, 16, 17, 18, 3, 19], [13, 2, 14, 11, 5, 6, 7, 8, 9, 10, 1, 12, 4, 20, 15, 16, 17, 18, 19, 3], [13, 2, 14, 11, 5, 6, 7, 8, 9, 10, 1, 12, 4, 3, 15, 16, 17, 18, 19, 20], [4, 2, 14, 11, 5, 6, 7, 8, 9, 10, 1, 12, 13, 3, 15, 16, 17, 18, 19, 20], [1, 2, 14, 11, 5, 6, 7, 8, 9, 10, 4, 12, 13, 3, 15, 16, 17, 18, 19, 20], [1, 2, 3, 11, 5, 6, 7, 8, 9, 10, 4, 12, 13, 14, 15, 16, 17, 18, 19, 20], [1, 2, 3, 4, 5, 6, 7, 8, 9, 10, 11, 12, 13, 14, 15, 16, 17, 18, 19, 20]], idx1=[6, 10, 1, 7, 9, 12, 1, 2, 5, 18, 3, 3, 4, 1, 3, 4], idx2=[17, 15, 15, 11, 20, 16, 16, 4, 6, 19, 19, 20, 13, 4, 14, 11], _checker='')