============================================================
BENCHMARK ID: 29 | DIMENSIONE: 15 | STRATEGIA: norestart
============================================================

Input Vector: [11, 2, 1, 12, 6, 15, 4, 8, 5, 9, 13, 14, 3, 10, 7]

STATO: RISOLTO
K: 11
TEMPO: 0.2600s
----------------------------------------
PIANO:
Solution(v=[[11, 2, 1, 12, 6, 15, 4, 8, 5, 9, 13, 14, 3, 10, 7], [1, 2, 11, 12, 6, 15, 4, 8, 5, 9, 13, 14, 3, 10, 7], [1, 2, 11, 12, 6, 15, 7, 8, 5, 9, 13, 14, 3, 10, 4], [1, 2, 11, 12, 6, 4, 7, 8, 5, 9, 13, 14, 3, 10, 15], [1, 2, 11, 12, 6, 4, 7, 8, 5, 9, 3, 14, 13, 10, 15], [1, 2, 3, 12, 6, 4, 7, 8, 5, 9, 11, 14, 13, 10, 15], [1, 2, 3, 12, 6, 4, 7, 8, 5, 9, 11, 10, 13, 14, 15], [1, 2, 3, 10, 6, 4, 7, 8, 5, 9, 11, 12, 13, 14, 15], [1, 2, 3, 9, 6, 4, 7, 8, 5, 10, 11, 12, 13, 14, 15], [1, 2, 3, 4, 6, 9, 7, 8, 5, 10, 11, 12, 13, 14, 15], [1, 2, 3, 4, 6, 5, 7, 8, 9, 10, 11, 12, 13, 14, 15], [1, 2, 3, 4, 5, 6, 7, 8, 9, 10, 11, 12, 13, 14, 15]], pos=[[3, 2, 13, 7, 9, 5, 15, 8, 10, 14, 1, 4, 11, 12, 6], [1, 2, 13, 7, 9, 5, 15, 8, 10, 14, 3, 4, 11, 12, 6], [1, 2, 13, 15, 9, 5, 7, 8, 10, 14, 3, 4, 11, 12, 6], [1, 2, 13, 6, 9, 5, 7, 8, 10, 14, 3, 4, 11, 12, 15], [1, 2, 11, 6, 9, 5, 7, 8, 10, 14, 3, 4, 13, 12, 15], [1, 2, 3, 6, 9, 5, 7, 8, 10, 14, 11, 4, 13, 12, 15], [1, 2, 3, 6, 9, 5, 7, 8, 10, 12, 11, 4, 13, 14, 15], [1, 2, 3, 6, 9, 5, 7, 8, 10, 4, 11, 12, 13, 14, 15], [1, 2, 3, 6, 9, 5, 7, 8, 4, 10, 11, 12, 13, 14, 15], [1, 2, 3, 4, 9, 5, 7, 8, 6, 10, 11, 12, 13, 14, 15], [1, 2, 3, 4, 6, 5, 7, 8, 9, 10, 11, 12, 13, 14, 15], [1, 2, 3, 4, 5, 6, 7, 8, 9, 10, 11, 12, 13, 14, 15]], idx1=[1, 7, 6, 11, 3, 12, 4, 4, 4, 6, 5], idx2=[3, 15, 15, 13, 11, 14, 12, 10, 6, 9, 6], _checker='')