============================================================
BENCHMARK ID: 31 | DIMENSIONE: 20 | STRATEGIA: norestart
============================================================

Input Vector: [8, 7, 20, 2, 3, 18, 1, 11, 15, 17, 9, 6, 19, 5, 13, 4, 14, 12, 10, 16]

STATO: RISOLTO
K: 18
TEMPO: 1.1820s
----------------------------------------
PIANO:
Solution(v=[[8, 7, 20, 2, 3, 18, 1, 11, 15, 17, 9, 6, 19, 5, 13, 4, 14, 12, 10, 16], [8, 7, 20, 2, 3, 6, 1, 11, 15, 17, 9, 18, 19, 5, 13, 4, 14, 12, 10, 16], [8, 7, 20, 2, 3, 6, 1, 11, 13, 17, 9, 18, 19, 5, 15, 4, 14, 12, 10, 16], [8, 7, 20, 2, 3, 6, 1, 11, 13, 17, 9, 18, 19, 5, 15, 16, 14, 12, 10, 4], [8, 7, 4, 2, 3, 6, 1, 11, 13, 17, 9, 18, 19, 5, 15, 16, 14, 12, 10, 20], [8, 7, 4, 2, 3, 6, 1, 11, 13, 17, 9, 12, 19, 5, 15, 16, 14, 18, 10, 20], [8, 7, 4, 2, 3, 6, 1, 11, 13, 17, 9, 12, 10, 5, 15, 16, 14, 18, 19, 20], [8, 7, 4, 2, 3, 6, 1, 11, 10, 17, 9, 12, 13, 5, 15, 16, 14, 18, 19, 20], [8, 7, 4, 2, 3, 6, 1, 11, 9, 17, 10, 12, 13, 5, 15, 16, 14, 18, 19, 20], [8, 7, 4, 2, 3, 6, 1, 11, 9, 14, 10, 12, 13, 5, 15, 16, 17, 18, 19, 20], [8, 7, 4, 2, 3, 6, 1, 11, 9, 10, 14, 12, 13, 5, 15, 16, 17, 18, 19, 20], [8, 7, 4, 2, 3, 6, 1, 14, 9, 10, 11, 12, 13, 5, 15, 16, 17, 18, 19, 20], [8, 7, 4, 2, 3, 6, 1, 5, 9, 10, 11, 12, 13, 14, 15, 16, 17, 18, 19, 20], [5, 7, 4, 2, 3, 6, 1, 8, 9, 10, 11, 12, 13, 14, 15, 16, 17, 18, 19, 20], [5, 7, 3, 2, 4, 6, 1, 8, 9, 10, 11, 12, 13, 14, 15, 16, 17, 18, 19, 20], [5, 7, 3, 4, 2, 6, 1, 8, 9, 10, 11, 12, 13, 14, 15, 16, 17, 18, 19, 20], [2, 7, 3, 4, 5, 6, 1, 8, 9, 10, 11, 12, 13, 14, 15, 16, 17, 18, 19, 20], [7, 2, 3, 4, 5, 6, 1, 8, 9, 10, 11, 12, 13, 14, 15, 16, 17, 18, 19, 20], [1, 2, 3, 4, 5, 6, 7, 8, 9, 10, 11, 12, 13, 14, 15, 16, 17, 18, 19, 20]], pos=[[7, 4, 5, 16, 14, 12, 2, 1, 11, 19, 8, 18, 15, 17, 9, 20, 10, 6, 13, 3], [7, 4, 5, 16, 14, 6, 2, 1, 11, 19, 8, 18, 15, 17, 9, 20, 10, 12, 13, 3], [7, 4, 5, 16, 14, 6, 2, 1, 11, 19, 8, 18, 9, 17, 15, 20, 10, 12, 13, 3], [7, 4, 5, 20, 14, 6, 2, 1, 11, 19, 8, 18, 9, 17, 15, 16, 10, 12, 13, 3], [7, 4, 5, 3, 14, 6, 2, 1, 11, 19, 8, 18, 9, 17, 15, 16, 10, 12, 13, 20], [7, 4, 5, 3, 14, 6, 2, 1, 11, 19, 8, 12, 9, 17, 15, 16, 10, 18, 13, 20], [7, 4, 5, 3, 14, 6, 2, 1, 11, 13, 8, 12, 9, 17, 15, 16, 10, 18, 19, 20], [7, 4, 5, 3, 14, 6, 2, 1, 11, 9, 8, 12, 13, 17, 15, 16, 10, 18, 19, 20], [7, 4, 5, 3, 14, 6, 2, 1, 9, 11, 8, 12, 13, 17, 15, 16, 10, 18, 19, 20], [7, 4, 5, 3, 14, 6, 2, 1, 9, 11, 8, 12, 13, 10, 15, 16, 17, 18, 19, 20], [7, 4, 5, 3, 14, 6, 2, 1, 9, 10, 8, 12, 13, 11, 15, 16, 17, 18, 19, 20], [7, 4, 5, 3, 14, 6, 2, 1, 9, 10, 11, 12, 13, 8, 15, 16, 17, 18, 19, 20], [7, 4, 5, 3, 8, 6, 2, 1, 9, 10, 11, 12, 13, 14, 15, 16, 17, 18, 19, 20], [7, 4, 5, 3, 1, 6, 2, 8, 9, 10, 11, 12, 13, 14, 15, 16, 17, 18, 19, 20], [7, 4, 3, 5, 1, 6, 2, 8, 9, 10, 11, 12, 13, 14, 15, 16, 17, 18, 19, 20], [7, 5, 3, 4, 1, 6, 2, 8, 9, 10, 11, 12, 13, 14, 15, 16, 17, 18, 19, 20], [7, 1, 3, 4, 5, 6, 2, 8, 9, 10, 11, 12, 13, 14, 15, 16, 17, 18, 19, 20], [7, 2, 3, 4, 5, 6, 1, 8, 9, 10, 11, 12, 13, 14, 15, 16, 17, 18, 19, 20], [1, 2, 3, 4, 5, 6, 7, 8, 9, 10, 11, 12, 13, 14, 15, 16, 17, 18, 19, 20]], idx1=[6, 9, 16, 3, 12, 13, 9, 9, 10, 10, 8, 8, 1, 3, 4, 1, 1, 1], idx2=[12, 15, 20, 20, 18, 19, 13, 11, 17, 11, 11, 14, 8, 5, 5, 5, 2, 7], _checker='')