============================================================
BENCHMARK ID: 17 | DIMENSIONE: 10 | STRATEGIA: norestart
============================================================

Input Vector: [3, 6, 5, 4, 1, 9, 10, 7, 8, 2]

STATO: RISOLTO
K: 7
TEMPO: 0.4030s
----------------------------------------
PIANO:
Solution(v=[[3, 6, 5, 4, 1, 9, 10, 7, 8, 2], [3, 2, 5, 4, 1, 9, 10, 7, 8, 6], [3, 2, 1, 4, 5, 9, 10, 7, 8, 6], [1, 2, 3, 4, 5, 9, 10, 7, 8, 6], [1, 2, 3, 4, 5, 6, 10, 7, 8, 9], [1, 2, 3, 4, 5, 6, 10, 7, 9, 8], [1, 2, 3, 4, 5, 6, 10, 8, 9, 7], [1, 2, 3, 4, 5, 6, 7, 8, 9, 10]], pos=[[5, 10, 1, 4, 3, 2, 8, 9, 6, 7], [5, 2, 1, 4, 3, 10, 8, 9, 6, 7], [3, 2, 1, 4, 5, 10, 8, 9, 6, 7], [1, 2, 3, 4, 5, 10, 8, 9, 6, 7], [1, 2, 3, 4, 5, 6, 8, 9, 10, 7], [1, 2, 3, 4, 5, 6, 8, 10, 9, 7], [1, 2, 3, 4, 5, 6, 10, 8, 9, 7], [1, 2, 3, 4, 5, 6, 7, 8, 9, 10]], idx1=[2, 3, 1, 6, 9, 8, 7], idx2=[10, 5, 3, 10, 10, 10, 10], _checker='')