============================================================
BENCHMARK ID: 50 | DIMENSIONE: 25 | STRATEGIA: norestart
============================================================

Input Vector: [14, 20, 15, 8, 10, 2, 16, 24, 19, 18, 21, 17, 9, 11, 3, 5, 23, 1, 6, 7, 22, 4, 25, 13, 12]

STATO: RISOLTO
K: 22
TEMPO: 102.7840s
----------------------------------------
PIANO:
Solution(v=[[14, 20, 15, 8, 10, 2, 16, 24, 19, 18, 21, 17, 9, 11, 3, 5, 23, 1, 6, 7, 22, 4, 25, 13, 12], [11, 20, 15, 8, 10, 2, 16, 24, 19, 18, 21, 17, 9, 14, 3, 5, 23, 1, 6, 7, 22, 4, 25, 13, 12], [11, 20, 15, 8, 10, 2, 16, 24, 19, 18, 21, 12, 9, 14, 3, 5, 23, 1, 6, 7, 22, 4, 25, 13, 17], [11, 20, 15, 8, 10, 2, 16, 24, 19, 18, 21, 12, 9, 14, 3, 5, 17, 1, 6, 7, 22, 4, 25, 13, 23], [11, 20, 15, 8, 10, 2, 16, 24, 19, 18, 21, 12, 9, 14, 3, 5, 17, 1, 6, 7, 4, 22, 25, 13, 23], [11, 20, 15, 4, 10, 2, 16, 24, 19, 18, 21, 12, 9, 14, 3, 5, 17, 1, 6, 7, 8, 22, 25, 13, 23], [11, 20, 15, 4, 10, 2, 7, 24, 19, 18, 21, 12, 9, 14, 3, 5, 17, 1, 6, 16, 8, 22, 25, 13, 23], [11, 16, 15, 4, 10, 2, 7, 24, 19, 18, 21, 12, 9, 14, 3, 5, 17, 1, 6, 20, 8, 22, 25, 13, 23], [11, 16, 15, 4, 18, 2, 7, 24, 19, 10, 21, 12, 9, 14, 3, 5, 17, 1, 6, 20, 8, 22, 25, 13, 23], [11, 16, 15, 4, 1, 2, 7, 24, 19, 10, 21, 12, 9, 14, 3, 5, 17, 18, 6, 20, 8, 22, 25, 13, 23], [1, 16, 15, 4, 11, 2, 7, 24, 19, 10, 21, 12, 9, 14, 3, 5, 17, 18, 6, 20, 8, 22, 25, 13, 23], [1, 5, 15, 4, 11, 2, 7, 24, 19, 10, 21, 12, 9, 14, 3, 16, 17, 18, 6, 20, 8, 22, 25, 13, 23], [1, 5, 3, 4, 11, 2, 7, 24, 19, 10, 21, 12, 9, 14, 15, 16, 17, 18, 6, 20, 8, 22, 25, 13, 23], [1, 5, 3, 4, 21, 2, 7, 24, 19, 10, 11, 12, 9, 14, 15, 16, 17, 18, 6, 20, 8, 22, 25, 13, 23], [1, 5, 3, 4, 8, 2, 7, 24, 19, 10, 11, 12, 9, 14, 15, 16, 17, 18, 6, 20, 21, 22, 25, 13, 23], [1, 8, 3, 4, 5, 2, 7, 24, 19, 10, 11, 12, 9, 14, 15, 16, 17, 18, 6, 20, 21, 22, 25, 13, 23], [1, 24, 3, 4, 5, 2, 7, 8, 19, 10, 11, 12, 9, 14, 15, 16, 17, 18, 6, 20, 21, 22, 25, 13, 23], [1, 24, 3, 4, 5, 2, 7, 8, 9, 10, 11, 12, 19, 14, 15, 16, 17, 18, 6, 20, 21, 22, 25, 13, 23], [1, 24, 3, 4, 5, 2, 7, 8, 9, 10, 11, 12, 13, 14, 15, 16, 17, 18, 6, 20, 21, 22, 25, 19, 23], [1, 24, 3, 4, 5, 2, 7, 8, 9, 10, 11, 12, 13, 14, 15, 16, 17, 18, 19, 20, 21, 22, 25, 6, 23], [1, 24, 3, 4, 5, 6, 7, 8, 9, 10, 11, 12, 13, 14, 15, 16, 17, 18, 19, 20, 21, 22, 25, 2, 23], [1, 2, 3, 4, 5, 6, 7, 8, 9, 10, 11, 12, 13, 14, 15, 16, 17, 18, 19, 20, 21, 22, 25, 24, 23], [1, 2, 3, 4, 5, 6, 7, 8, 9, 10, 11, 12, 13, 14, 15, 16, 17, 18, 19, 20, 21, 22, 23, 24, 25]], pos=[[18, 6, 15, 22, 16, 19, 20, 4, 13, 5, 14, 25, 24, 1, 3, 7, 12, 10, 9, 2, 11, 21, 17, 8, 23], [18, 6, 15, 22, 16, 19, 20, 4, 13, 5, 1, 25, 24, 14, 3, 7, 12, 10, 9, 2, 11, 21, 17, 8, 23], [18, 6, 15, 22, 16, 19, 20, 4, 13, 5, 1, 12, 24, 14, 3, 7, 25, 10, 9, 2, 11, 21, 17, 8, 23], [18, 6, 15, 22, 16, 19, 20, 4, 13, 5, 1, 12, 24, 14, 3, 7, 17, 10, 9, 2, 11, 21, 25, 8, 23], [18, 6, 15, 21, 16, 19, 20, 4, 13, 5, 1, 12, 24, 14, 3, 7, 17, 10, 9, 2, 11, 22, 25, 8, 23], [18, 6, 15, 4, 16, 19, 20, 21, 13, 5, 1, 12, 24, 14, 3, 7, 17, 10, 9, 2, 11, 22, 25, 8, 23], [18, 6, 15, 4, 16, 19, 7, 21, 13, 5, 1, 12, 24, 14, 3, 20, 17, 10, 9, 2, 11, 22, 25, 8, 23], [18, 6, 15, 4, 16, 19, 7, 21, 13, 5, 1, 12, 24, 14, 3, 2, 17, 10, 9, 20, 11, 22, 25, 8, 23], [18, 6, 15, 4, 16, 19, 7, 21, 13, 10, 1, 12, 24, 14, 3, 2, 17, 5, 9, 20, 11, 22, 25, 8, 23], [5, 6, 15, 4, 16, 19, 7, 21, 13, 10, 1, 12, 24, 14, 3, 2, 17, 18, 9, 20, 11, 22, 25, 8, 23], [1, 6, 15, 4, 16, 19, 7, 21, 13, 10, 5, 12, 24, 14, 3, 2, 17, 18, 9, 20, 11, 22, 25, 8, 23], [1, 6, 15, 4, 2, 19, 7, 21, 13, 10, 5, 12, 24, 14, 3, 16, 17, 18, 9, 20, 11, 22, 25, 8, 23], [1, 6, 3, 4, 2, 19, 7, 21, 13, 10, 5, 12, 24, 14, 15, 16, 17, 18, 9, 20, 11, 22, 25, 8, 23], [1, 6, 3, 4, 2, 19, 7, 21, 13, 10, 11, 12, 24, 14, 15, 16, 17, 18, 9, 20, 5, 22, 25, 8, 23], [1, 6, 3, 4, 2, 19, 7, 5, 13, 10, 11, 12, 24, 14, 15, 16, 17, 18, 9, 20, 21, 22, 25, 8, 23], [1, 6, 3, 4, 5, 19, 7, 2, 13, 10, 11, 12, 24, 14, 15, 16, 17, 18, 9, 20, 21, 22, 25, 8, 23], [1, 6, 3, 4, 5, 19, 7, 8, 13, 10, 11, 12, 24, 14, 15, 16, 17, 18, 9, 20, 21, 22, 25, 2, 23], [1, 6, 3, 4, 5, 19, 7, 8, 9, 10, 11, 12, 24, 14, 15, 16, 17, 18, 13, 20, 21, 22, 25, 2, 23], [1, 6, 3, 4, 5, 19, 7, 8, 9, 10, 11, 12, 13, 14, 15, 16, 17, 18, 24, 20, 21, 22, 25, 2, 23], [1, 6, 3, 4, 5, 24, 7, 8, 9, 10, 11, 12, 13, 14, 15, 16, 17, 18, 19, 20, 21, 22, 25, 2, 23], [1, 24, 3, 4, 5, 6, 7, 8, 9, 10, 11, 12, 13, 14, 15, 16, 17, 18, 19, 20, 21, 22, 25, 2, 23], [1, 2, 3, 4, 5, 6, 7, 8, 9, 10, 11, 12, 13, 14, 15, 16, 17, 18, 19, 20, 21, 22, 25, 24, 23], [1, 2, 3, 4, 5, 6, 7, 8, 9, 10, 11, 12, 13, 14, 15, 16, 17, 18, 19, 20, 21, 22, 23, 24, 25]], idx1=[1, 12, 17, 21, 4, 7, 2, 5, 5, 1, 2, 3, 5, 5, 2, 2, 9, 13, 19, 6, 2, 23], idx2=[14, 25, 25, 22, 21, 20, 20, 10, 18, 5, 16, 15, 11, 21, 5, 8, 13, 24, 24, 24, 24, 25], _checker='')