============================================================
BENCHMARK ID: 8 | DIMENSIONE: 5 | STRATEGIA: norestart
============================================================

Input Vector: [3, 4, 5, 1, 2]

STATO: RISOLTO
K: 4
TEMPO: 0.3490s
----------------------------------------
PIANO:
Solution(v=[[3, 4, 5, 1, 2], [5, 4, 3, 1, 2], [5, 2, 3, 1, 4], [4, 2, 3, 1, 5], [1, 2, 3, 4, 5]], pos=[[4, 5, 1, 2, 3], [4, 5, 3, 2, 1], [4, 2, 3, 5, 1], [4, 2, 3, 1, 5], [1, 2, 3, 4, 5]], idx1=[1, 2, 1, 1], idx2=[3, 5, 5, 4], _checker='')