============================================================
BENCHMARK ID: 45 | DIMENSIONE: 25 | STRATEGIA: norestart
============================================================

Input Vector: [7, 16, 12, 13, 4, 5, 23, 21, 15, 14, 11, 18, 17, 25, 9, 2, 3, 22, 24, 10, 6, 19, 8, 1, 20]

STATO: RISOLTO
K: 20
TEMPO: 37.5430s
----------------------------------------
PIANO:
Solution(v=[[7, 16, 12, 13, 4, 5, 23, 21, 15, 14, 11, 18, 17, 25, 9, 2, 3, 22, 24, 10, 6, 19, 8, 1, 20], [7, 16, 3, 13, 4, 5, 23, 21, 15, 14, 11, 18, 17, 25, 9, 2, 12, 22, 24, 10, 6, 19, 8, 1, 20], [7, 16, 3, 13, 4, 5, 23, 21, 15, 14, 11, 12, 17, 25, 9, 2, 18, 22, 24, 10, 6, 19, 8, 1, 20], [7, 16, 3, 13, 4, 5, 23, 21, 15, 14, 11, 12, 17, 25, 9, 2, 22, 18, 24, 10, 6, 19, 8, 1, 20], [7, 16, 3, 13, 4, 5, 23, 21, 15, 14, 11, 12, 22, 25, 9, 2, 17, 18, 24, 10, 6, 19, 8, 1, 20], [7, 16, 3, 13, 4, 5, 23, 21, 15, 14, 11, 12, 22, 25, 9, 2, 17, 18, 19, 10, 6, 24, 8, 1, 20], [7, 16, 3, 13, 4, 5, 23, 21, 15, 14, 11, 12, 24, 25, 9, 2, 17, 18, 19, 10, 6, 22, 8, 1, 20], [7, 16, 3, 24, 4, 5, 23, 21, 15, 14, 11, 12, 13, 25, 9, 2, 17, 18, 19, 10, 6, 22, 8, 1, 20], [7, 16, 3, 1, 4, 5, 23, 21, 15, 14, 11, 12, 13, 25, 9, 2, 17, 18, 19, 10, 6, 22, 8, 24, 20], [7, 16, 3, 1, 5, 4, 23, 21, 15, 14, 11, 12, 13, 25, 9, 2, 17, 18, 19, 10, 6, 22, 8, 24, 20], [7, 16, 3, 1, 5, 4, 23, 8, 15, 14, 11, 12, 13, 25, 9, 2, 17, 18, 19, 10, 6, 22, 21, 24, 20], [7, 16, 3, 1, 5, 4, 23, 8, 15, 10, 11, 12, 13, 25, 9, 2, 17, 18, 19, 14, 6, 22, 21, 24, 20], [7, 16, 3, 1, 5, 4, 23, 8, 15, 10, 11, 12, 13, 20, 9, 2, 17, 18, 19, 14, 6, 22, 21, 24, 25], [7, 16, 3, 1, 5, 4, 23, 8, 15, 10, 11, 12, 13, 14, 9, 2, 17, 18, 19, 20, 6, 22, 21, 24, 25], [7, 16, 3, 1, 5, 4, 23, 8, 15, 10, 11, 12, 13, 14, 9, 2, 17, 18, 19, 20, 21, 22, 6, 24, 25], [7, 16, 3, 1, 5, 6, 23, 8, 15, 10, 11, 12, 13, 14, 9, 2, 17, 18, 19, 20, 21, 22, 4, 24, 25], [7, 16, 3, 1, 5, 6, 4, 8, 15, 10, 11, 12, 13, 14, 9, 2, 17, 18, 19, 20, 21, 22, 23, 24, 25], [7, 16, 3, 4, 5, 6, 1, 8, 15, 10, 11, 12, 13, 14, 9, 2, 17, 18, 19, 20, 21, 22, 23, 24, 25], [1, 16, 3, 4, 5, 6, 7, 8, 15, 10, 11, 12, 13, 14, 9, 2, 17, 18, 19, 20, 21, 22, 23, 24, 25], [1, 2, 3, 4, 5, 6, 7, 8, 15, 10, 11, 12, 13, 14, 9, 16, 17, 18, 19, 20, 21, 22, 23, 24, 25], [1, 2, 3, 4, 5, 6, 7, 8, 9, 10, 11, 12, 13, 14, 15, 16, 17, 18, 19, 20, 21, 22, 23, 24, 25]], pos=[[24, 16, 17, 5, 6, 21, 1, 23, 15, 20, 11, 3, 4, 10, 9, 2, 13, 12, 22, 25, 8, 18, 7, 19, 14], [24, 16, 3, 5, 6, 21, 1, 23, 15, 20, 11, 17, 4, 10, 9, 2, 13, 12, 22, 25, 8, 18, 7, 19, 14], [24, 16, 3, 5, 6, 21, 1, 23, 15, 20, 11, 12, 4, 10, 9, 2, 13, 17, 22, 25, 8, 18, 7, 19, 14], [24, 16, 3, 5, 6, 21, 1, 23, 15, 20, 11, 12, 4, 10, 9, 2, 13, 18, 22, 25, 8, 17, 7, 19, 14], [24, 16, 3, 5, 6, 21, 1, 23, 15, 20, 11, 12, 4, 10, 9, 2, 17, 18, 22, 25, 8, 13, 7, 19, 14], [24, 16, 3, 5, 6, 21, 1, 23, 15, 20, 11, 12, 4, 10, 9, 2, 17, 18, 19, 25, 8, 13, 7, 22, 14], [24, 16, 3, 5, 6, 21, 1, 23, 15, 20, 11, 12, 4, 10, 9, 2, 17, 18, 19, 25, 8, 22, 7, 13, 14], [24, 16, 3, 5, 6, 21, 1, 23, 15, 20, 11, 12, 13, 10, 9, 2, 17, 18, 19, 25, 8, 22, 7, 4, 14], [4, 16, 3, 5, 6, 21, 1, 23, 15, 20, 11, 12, 13, 10, 9, 2, 17, 18, 19, 25, 8, 22, 7, 24, 14], [4, 16, 3, 6, 5, 21, 1, 23, 15, 20, 11, 12, 13, 10, 9, 2, 17, 18, 19, 25, 8, 22, 7, 24, 14], [4, 16, 3, 6, 5, 21, 1, 8, 15, 20, 11, 12, 13, 10, 9, 2, 17, 18, 19, 25, 23, 22, 7, 24, 14], [4, 16, 3, 6, 5, 21, 1, 8, 15, 10, 11, 12, 13, 20, 9, 2, 17, 18, 19, 25, 23, 22, 7, 24, 14], [4, 16, 3, 6, 5, 21, 1, 8, 15, 10, 11, 12, 13, 20, 9, 2, 17, 18, 19, 14, 23, 22, 7, 24, 25], [4, 16, 3, 6, 5, 21, 1, 8, 15, 10, 11, 12, 13, 14, 9, 2, 17, 18, 19, 20, 23, 22, 7, 24, 25], [4, 16, 3, 6, 5, 23, 1, 8, 15, 10, 11, 12, 13, 14, 9, 2, 17, 18, 19, 20, 21, 22, 7, 24, 25], [4, 16, 3, 23, 5, 6, 1, 8, 15, 10, 11, 12, 13, 14, 9, 2, 17, 18, 19, 20, 21, 22, 7, 24, 25], [4, 16, 3, 7, 5, 6, 1, 8, 15, 10, 11, 12, 13, 14, 9, 2, 17, 18, 19, 20, 21, 22, 23, 24, 25], [7, 16, 3, 4, 5, 6, 1, 8, 15, 10, 11, 12, 13, 14, 9, 2, 17, 18, 19, 20, 21, 22, 23, 24, 25], [1, 16, 3, 4, 5, 6, 7, 8, 15, 10, 11, 12, 13, 14, 9, 2, 17, 18, 19, 20, 21, 22, 23, 24, 25], [1, 2, 3, 4, 5, 6, 7, 8, 15, 10, 11, 12, 13, 14, 9, 16, 17, 18, 19, 20, 21, 22, 23, 24, 25], [1, 2, 3, 4, 5, 6, 7, 8, 9, 10, 11, 12, 13, 14, 15, 16, 17, 18, 19, 20, 21, 22, 23, 24, 25]], idx1=[3, 12, 17, 13, 19, 13, 4, 4, 5, 8, 10, 14, 14, 21, 6, 7, 4, 1, 2, 9], idx2=[17, 17, 18, 17, 22, 22, 13, 24, 6, 23, 20, 25, 20, 23, 23, 23, 7, 7, 16, 15], _checker='')