============================================================
BENCHMARK ID: 49 | DIMENSIONE: 25 | STRATEGIA: norestart
============================================================

Input Vector: [20, 2, 11, 21, 17, 15, 13, 12, 23, 16, 22, 6, 25, 19, 24, 10, 18, 8, 14, 9, 1, 7, 5, 4, 3]

STATO: RISOLTO
K: 20
TEMPO: 26.8350s
----------------------------------------
PIANO:
Solution(v=[[20, 2, 11, 21, 17, 15, 13, 12, 23, 16, 22, 6, 25, 19, 24, 10, 18, 8, 14, 9, 1, 7, 5, 4, 3], [20, 2, 11, 21, 17, 6, 13, 12, 23, 16, 22, 15, 25, 19, 24, 10, 18, 8, 14, 9, 1, 7, 5, 4, 3], [20, 2, 11, 21, 17, 6, 13, 12, 23, 16, 22, 24, 25, 19, 15, 10, 18, 8, 14, 9, 1, 7, 5, 4, 3], [20, 2, 11, 21, 17, 6, 13, 24, 23, 16, 22, 12, 25, 19, 15, 10, 18, 8, 14, 9, 1, 7, 5, 4, 3], [20, 2, 11, 21, 17, 6, 13, 24, 23, 16, 7, 12, 25, 19, 15, 10, 18, 8, 14, 9, 1, 22, 5, 4, 3], [20, 2, 11, 21, 17, 6, 7, 24, 23, 16, 13, 12, 25, 19, 15, 10, 18, 8, 14, 9, 1, 22, 5, 4, 3], [20, 2, 11, 21, 17, 6, 7, 4, 23, 16, 13, 12, 25, 19, 15, 10, 18, 8, 14, 9, 1, 22, 5, 24, 3], [20, 2, 11, 21, 17, 6, 7, 8, 23, 16, 13, 12, 25, 19, 15, 10, 18, 4, 14, 9, 1, 22, 5, 24, 3], [20, 2, 11, 21, 17, 6, 7, 8, 5, 16, 13, 12, 25, 19, 15, 10, 18, 4, 14, 9, 1, 22, 23, 24, 3], [20, 2, 11, 21, 17, 6, 7, 8, 5, 16, 25, 12, 13, 19, 15, 10, 18, 4, 14, 9, 1, 22, 23, 24, 3], [20, 2, 25, 21, 17, 6, 7, 8, 5, 16, 11, 12, 13, 19, 15, 10, 18, 4, 14, 9, 1, 22, 23, 24, 3], [20, 2, 25, 21, 5, 6, 7, 8, 17, 16, 11, 12, 13, 19, 15, 10, 18, 4, 14, 9, 1, 22, 23, 24, 3], [20, 2, 25, 21, 5, 6, 7, 8, 17, 10, 11, 12, 13, 19, 15, 16, 18, 4, 14, 9, 1, 22, 23, 24, 3], [20, 2, 25, 21, 5, 6, 7, 8, 17, 10, 11, 12, 13, 14, 15, 16, 18, 4, 19, 9, 1, 22, 23, 24, 3], [20, 2, 25, 21, 5, 6, 7, 8, 17, 10, 11, 12, 13, 14, 15, 16, 4, 18, 19, 9, 1, 22, 23, 24, 3], [20, 2, 25, 21, 5, 6, 7, 8, 4, 10, 11, 12, 13, 14, 15, 16, 17, 18, 19, 9, 1, 22, 23, 24, 3], [20, 2, 25, 4, 5, 6, 7, 8, 21, 10, 11, 12, 13, 14, 15, 16, 17, 18, 19, 9, 1, 22, 23, 24, 3], [20, 2, 25, 4, 5, 6, 7, 8, 9, 10, 11, 12, 13, 14, 15, 16, 17, 18, 19, 21, 1, 22, 23, 24, 3], [20, 2, 25, 4, 5, 6, 7, 8, 9, 10, 11, 12, 13, 14, 15, 16, 17, 18, 19, 1, 21, 22, 23, 24, 3], [1, 2, 25, 4, 5, 6, 7, 8, 9, 10, 11, 12, 13, 14, 15, 16, 17, 18, 19, 20, 21, 22, 23, 24, 3], [1, 2, 3, 4, 5, 6, 7, 8, 9, 10, 11, 12, 13, 14, 15, 16, 17, 18, 19, 20, 21, 22, 23, 24, 25]], pos=[[21, 2, 25, 24, 23, 12, 22, 18, 20, 16, 3, 8, 7, 19, 6, 10, 5, 17, 14, 1, 4, 11, 9, 15, 13], [21, 2, 25, 24, 23, 6, 22, 18, 20, 16, 3, 8, 7, 19, 12, 10, 5, 17, 14, 1, 4, 11, 9, 15, 13], [21, 2, 25, 24, 23, 6, 22, 18, 20, 16, 3, 8, 7, 19, 15, 10, 5, 17, 14, 1, 4, 11, 9, 12, 13], [21, 2, 25, 24, 23, 6, 22, 18, 20, 16, 3, 12, 7, 19, 15, 10, 5, 17, 14, 1, 4, 11, 9, 8, 13], [21, 2, 25, 24, 23, 6, 11, 18, 20, 16, 3, 12, 7, 19, 15, 10, 5, 17, 14, 1, 4, 22, 9, 8, 13], [21, 2, 25, 24, 23, 6, 7, 18, 20, 16, 3, 12, 11, 19, 15, 10, 5, 17, 14, 1, 4, 22, 9, 8, 13], [21, 2, 25, 8, 23, 6, 7, 18, 20, 16, 3, 12, 11, 19, 15, 10, 5, 17, 14, 1, 4, 22, 9, 24, 13], [21, 2, 25, 18, 23, 6, 7, 8, 20, 16, 3, 12, 11, 19, 15, 10, 5, 17, 14, 1, 4, 22, 9, 24, 13], [21, 2, 25, 18, 9, 6, 7, 8, 20, 16, 3, 12, 11, 19, 15, 10, 5, 17, 14, 1, 4, 22, 23, 24, 13], [21, 2, 25, 18, 9, 6, 7, 8, 20, 16, 3, 12, 13, 19, 15, 10, 5, 17, 14, 1, 4, 22, 23, 24, 11], [21, 2, 25, 18, 9, 6, 7, 8, 20, 16, 11, 12, 13, 19, 15, 10, 5, 17, 14, 1, 4, 22, 23, 24, 3], [21, 2, 25, 18, 5, 6, 7, 8, 20, 16, 11, 12, 13, 19, 15, 10, 9, 17, 14, 1, 4, 22, 23, 24, 3], [21, 2, 25, 18, 5, 6, 7, 8, 20, 10, 11, 12, 13, 19, 15, 16, 9, 17, 14, 1, 4, 22, 23, 24, 3], [21, 2, 25, 18, 5, 6, 7, 8, 20, 10, 11, 12, 13, 14, 15, 16, 9, 17, 19, 1, 4, 22, 23, 24, 3], [21, 2, 25, 17, 5, 6, 7, 8, 20, 10, 11, 12, 13, 14, 15, 16, 9, 18, 19, 1, 4, 22, 23, 24, 3], [21, 2, 25, 9, 5, 6, 7, 8, 20, 10, 11, 12, 13, 14, 15, 16, 17, 18, 19, 1, 4, 22, 23, 24, 3], [21, 2, 25, 4, 5, 6, 7, 8, 20, 10, 11, 12, 13, 14, 15, 16, 17, 18, 19, 1, 9, 22, 23, 24, 3], [21, 2, 25, 4, 5, 6, 7, 8, 9, 10, 11, 12, 13, 14, 15, 16, 17, 18, 19, 1, 20, 22, 23, 24, 3], [20, 2, 25, 4, 5, 6, 7, 8, 9, 10, 11, 12, 13, 14, 15, 16, 17, 18, 19, 1, 21, 22, 23, 24, 3], [1, 2, 25, 4, 5, 6, 7, 8, 9, 10, 11, 12, 13, 14, 15, 16, 17, 18, 19, 20, 21, 22, 23, 24, 3], [1, 2, 3, 4, 5, 6, 7, 8, 9, 10, 11, 12, 13, 14, 15, 16, 17, 18, 19, 20, 21, 22, 23, 24, 25]], idx1=[6, 12, 8, 11, 7, 8, 8, 9, 11, 3, 5, 10, 14, 17, 9, 4, 9, 20, 1, 3], idx2=[12, 15, 12, 22, 11, 24, 18, 23, 13, 11, 9, 16, 19, 18, 17, 9, 20, 21, 20, 25], _checker='')