============================================================
BENCHMARK ID: 25 | DIMENSIONE: 15 | STRATEGIA: norestart
============================================================

Input Vector: [10, 4, 15, 7, 6, 13, 9, 5, 14, 3, 1, 11, 12, 8, 2]

STATO: RISOLTO
K: 14
TEMPO: 161.7170s
----------------------------------------
PIANO:
Solution(v=[[10, 4, 15, 7, 6, 13, 9, 5, 14, 3, 1, 11, 12, 8, 2], [10, 4, 15, 7, 6, 13, 9, 5, 8, 3, 1, 11, 12, 14, 2], [10, 4, 15, 7, 6, 13, 8, 5, 9, 3, 1, 11, 12, 14, 2], [10, 4, 15, 7, 6, 13, 8, 5, 9, 3, 1, 12, 11, 14, 2], [10, 4, 15, 7, 6, 13, 8, 5, 9, 3, 11, 12, 1, 14, 2], [10, 4, 15, 7, 6, 1, 8, 5, 9, 3, 11, 12, 13, 14, 2], [10, 4, 15, 7, 6, 1, 5, 8, 9, 3, 11, 12, 13, 14, 2], [10, 4, 15, 7, 5, 1, 6, 8, 9, 3, 11, 12, 13, 14, 2], [10, 4, 15, 6, 5, 1, 7, 8, 9, 3, 11, 12, 13, 14, 2], [10, 6, 15, 4, 5, 1, 7, 8, 9, 3, 11, 12, 13, 14, 2], [10, 2, 15, 4, 5, 1, 7, 8, 9, 3, 11, 12, 13, 14, 6], [10, 2, 3, 4, 5, 1, 7, 8, 9, 15, 11, 12, 13, 14, 6], [15, 2, 3, 4, 5, 1, 7, 8, 9, 10, 11, 12, 13, 14, 6], [1, 2, 3, 4, 5, 15, 7, 8, 9, 10, 11, 12, 13, 14, 6], [1, 2, 3, 4, 5, 6, 7, 8, 9, 10, 11, 12, 13, 14, 15]], pos=[[11, 15, 10, 2, 8, 5, 4, 14, 7, 1, 12, 13, 6, 9, 3], [11, 15, 10, 2, 8, 5, 4, 9, 7, 1, 12, 13, 6, 14, 3], [11, 15, 10, 2, 8, 5, 4, 7, 9, 1, 12, 13, 6, 14, 3], [11, 15, 10, 2, 8, 5, 4, 7, 9, 1, 13, 12, 6, 14, 3], [13, 15, 10, 2, 8, 5, 4, 7, 9, 1, 11, 12, 6, 14, 3], [6, 15, 10, 2, 8, 5, 4, 7, 9, 1, 11, 12, 13, 14, 3], [6, 15, 10, 2, 7, 5, 4, 8, 9, 1, 11, 12, 13, 14, 3], [6, 15, 10, 2, 5, 7, 4, 8, 9, 1, 11, 12, 13, 14, 3], [6, 15, 10, 2, 5, 4, 7, 8, 9, 1, 11, 12, 13, 14, 3], [6, 15, 10, 4, 5, 2, 7, 8, 9, 1, 11, 12, 13, 14, 3], [6, 2, 10, 4, 5, 15, 7, 8, 9, 1, 11, 12, 13, 14, 3], [6, 2, 3, 4, 5, 15, 7, 8, 9, 1, 11, 12, 13, 14, 10], [6, 2, 3, 4, 5, 15, 7, 8, 9, 10, 11, 12, 13, 14, 1], [1, 2, 3, 4, 5, 15, 7, 8, 9, 10, 11, 12, 13, 14, 6], [1, 2, 3, 4, 5, 6, 7, 8, 9, 10, 11, 12, 13, 14, 15]], idx1=[9, 7, 12, 11, 6, 7, 5, 4, 2, 2, 3, 1, 1, 6], idx2=[14, 9, 13, 13, 13, 8, 7, 7, 4, 15, 10, 10, 6, 15], _checker='')