============================================================
BENCHMARK ID: 24 | DIMENSIONE: 15 | STRATEGIA: norestart
============================================================

Input Vector: [12, 2, 5, 1, 10, 11, 6, 4, 15, 14, 7, 3, 9, 8, 13]

STATO: RISOLTO
K: 11
TEMPO: 0.5560s
----------------------------------------
PIANO:
Solution(v=[[12, 2, 5, 1, 10, 11, 6, 4, 15, 14, 7, 3, 9, 8, 13], [12, 2, 5, 1, 10, 11, 6, 4, 15, 8, 7, 3, 9, 14, 13], [12, 2, 5, 1, 10, 11, 6, 8, 15, 4, 7, 3, 9, 14, 13], [12, 2, 5, 1, 4, 11, 6, 8, 15, 10, 7, 3, 9, 14, 13], [12, 2, 4, 1, 5, 11, 6, 8, 15, 10, 7, 3, 9, 14, 13], [12, 2, 1, 4, 5, 11, 6, 8, 15, 10, 7, 3, 9, 14, 13], [12, 2, 3, 4, 5, 11, 6, 8, 15, 10, 7, 1, 9, 14, 13], [1, 2, 3, 4, 5, 11, 6, 8, 15, 10, 7, 12, 9, 14, 13], [1, 2, 3, 4, 5, 11, 7, 8, 15, 10, 6, 12, 9, 14, 13], [1, 2, 3, 4, 5, 6, 7, 8, 15, 10, 11, 12, 9, 14, 13], [1, 2, 3, 4, 5, 6, 7, 8, 9, 10, 11, 12, 15, 14, 13], [1, 2, 3, 4, 5, 6, 7, 8, 9, 10, 11, 12, 13, 14, 15]], pos=[[4, 2, 12, 8, 3, 7, 11, 14, 13, 5, 6, 1, 15, 10, 9], [4, 2, 12, 8, 3, 7, 11, 10, 13, 5, 6, 1, 15, 14, 9], [4, 2, 12, 10, 3, 7, 11, 8, 13, 5, 6, 1, 15, 14, 9], [4, 2, 12, 5, 3, 7, 11, 8, 13, 10, 6, 1, 15, 14, 9], [4, 2, 12, 3, 5, 7, 11, 8, 13, 10, 6, 1, 15, 14, 9], [3, 2, 12, 4, 5, 7, 11, 8, 13, 10, 6, 1, 15, 14, 9], [12, 2, 3, 4, 5, 7, 11, 8, 13, 10, 6, 1, 15, 14, 9], [1, 2, 3, 4, 5, 7, 11, 8, 13, 10, 6, 12, 15, 14, 9], [1, 2, 3, 4, 5, 11, 7, 8, 13, 10, 6, 12, 15, 14, 9], [1, 2, 3, 4, 5, 6, 7, 8, 13, 10, 11, 12, 15, 14, 9], [1, 2, 3, 4, 5, 6, 7, 8, 9, 10, 11, 12, 15, 14, 13], [1, 2, 3, 4, 5, 6, 7, 8, 9, 10, 11, 12, 13, 14, 15]], idx1=[10, 8, 5, 3, 3, 3, 1, 7, 6, 9, 13], idx2=[14, 10, 10, 5, 4, 12, 12, 11, 11, 13, 15], _checker='')