============================================================
BENCHMARK ID: 13 | DIMENSIONE: 10 | STRATEGIA: norestart
============================================================

Input Vector: [10, 7, 3, 2, 9, 4, 8, 5, 1, 6]

STATO: RISOLTO
K: 8
TEMPO: 0.3200s
----------------------------------------
PIANO:
Solution(v=[[10, 7, 3, 2, 9, 4, 8, 5, 1, 6], [10, 7, 3, 2, 9, 4, 5, 8, 1, 6], [10, 7, 3, 2, 5, 4, 9, 8, 1, 6], [10, 7, 3, 2, 5, 6, 9, 8, 1, 4], [10, 7, 3, 2, 5, 6, 1, 8, 9, 4], [1, 7, 3, 2, 5, 6, 10, 8, 9, 4], [1, 2, 3, 7, 5, 6, 10, 8, 9, 4], [1, 2, 3, 7, 5, 6, 4, 8, 9, 10], [1, 2, 3, 4, 5, 6, 7, 8, 9, 10]], pos=[[9, 4, 3, 6, 8, 10, 2, 7, 5, 1], [9, 4, 3, 6, 7, 10, 2, 8, 5, 1], [9, 4, 3, 6, 5, 10, 2, 8, 7, 1], [9, 4, 3, 10, 5, 6, 2, 8, 7, 1], [7, 4, 3, 10, 5, 6, 2, 8, 9, 1], [1, 4, 3, 10, 5, 6, 2, 8, 9, 7], [1, 2, 3, 10, 5, 6, 4, 8, 9, 7], [1, 2, 3, 7, 5, 6, 4, 8, 9, 10], [1, 2, 3, 4, 5, 6, 7, 8, 9, 10]], idx1=[7, 5, 6, 7, 1, 2, 7, 4], idx2=[8, 7, 10, 9, 7, 4, 10, 7], _checker='')