============================================================
BENCHMARK ID: 26 | DIMENSIONE: 15 | STRATEGIA: norestart
============================================================

Input Vector: [10, 15, 1, 7, 11, 8, 4, 13, 5, 6, 3, 14, 9, 2, 12]

STATO: RISOLTO
K: 12
TEMPO: 0.3380s
----------------------------------------
PIANO:
Solution(v=[[10, 15, 1, 7, 11, 8, 4, 13, 5, 6, 3, 14, 9, 2, 12], [10, 15, 1, 7, 11, 8, 4, 13, 5, 6, 3, 12, 9, 2, 14], [10, 14, 1, 7, 11, 8, 4, 13, 5, 6, 3, 12, 9, 2, 15], [10, 2, 1, 7, 11, 8, 4, 13, 5, 6, 3, 12, 9, 14, 15], [10, 2, 1, 7, 11, 13, 4, 8, 5, 6, 3, 12, 9, 14, 15], [10, 2, 1, 7, 11, 13, 4, 8, 9, 6, 3, 12, 5, 14, 15], [10, 2, 1, 7, 5, 13, 4, 8, 9, 6, 3, 12, 11, 14, 15], [10, 2, 1, 7, 5, 13, 4, 8, 9, 6, 11, 12, 3, 14, 15], [10, 2, 1, 7, 5, 3, 4, 8, 9, 6, 11, 12, 13, 14, 15], [10, 2, 3, 7, 5, 1, 4, 8, 9, 6, 11, 12, 13, 14, 15], [10, 2, 3, 7, 5, 6, 4, 8, 9, 1, 11, 12, 13, 14, 15], [1, 2, 3, 7, 5, 6, 4, 8, 9, 10, 11, 12, 13, 14, 15], [1, 2, 3, 4, 5, 6, 7, 8, 9, 10, 11, 12, 13, 14, 15]], pos=[[3, 14, 11, 7, 9, 10, 4, 6, 13, 1, 5, 15, 8, 12, 2], [3, 14, 11, 7, 9, 10, 4, 6, 13, 1, 5, 12, 8, 15, 2], [3, 14, 11, 7, 9, 10, 4, 6, 13, 1, 5, 12, 8, 2, 15], [3, 2, 11, 7, 9, 10, 4, 6, 13, 1, 5, 12, 8, 14, 15], [3, 2, 11, 7, 9, 10, 4, 8, 13, 1, 5, 12, 6, 14, 15], [3, 2, 11, 7, 13, 10, 4, 8, 9, 1, 5, 12, 6, 14, 15], [3, 2, 11, 7, 5, 10, 4, 8, 9, 1, 13, 12, 6, 14, 15], [3, 2, 13, 7, 5, 10, 4, 8, 9, 1, 11, 12, 6, 14, 15], [3, 2, 6, 7, 5, 10, 4, 8, 9, 1, 11, 12, 13, 14, 15], [6, 2, 3, 7, 5, 10, 4, 8, 9, 1, 11, 12, 13, 14, 15], [10, 2, 3, 7, 5, 6, 4, 8, 9, 1, 11, 12, 13, 14, 15], [1, 2, 3, 7, 5, 6, 4, 8, 9, 10, 11, 12, 13, 14, 15], [1, 2, 3, 4, 5, 6, 7, 8, 9, 10, 11, 12, 13, 14, 15]], idx1=[12, 2, 2, 6, 9, 5, 11, 6, 3, 6, 1, 4], idx2=[15, 15, 14, 8, 13, 13, 13, 13, 6, 10, 10, 7], _checker='')