============================================================
BENCHMARK ID: 23 | DIMENSIONE: 15 | STRATEGIA: norestart
============================================================

Input Vector: [4, 15, 10, 6, 14, 11, 12, 13, 8, 2, 1, 7, 5, 3, 9]

STATO: RISOLTO
K: 12
TEMPO: 0.6150s
----------------------------------------
PIANO:
Solution(v=[[4, 15, 10, 6, 14, 11, 12, 13, 8, 2, 1, 7, 5, 3, 9], [4, 9, 10, 6, 14, 11, 12, 13, 8, 2, 1, 7, 5, 3, 15], [4, 9, 10, 6, 14, 11, 7, 13, 8, 2, 1, 12, 5, 3, 15], [4, 9, 10, 6, 14, 11, 7, 5, 8, 2, 1, 12, 13, 3, 15], [4, 9, 10, 6, 14, 11, 7, 8, 5, 2, 1, 12, 13, 3, 15], [4, 5, 10, 6, 14, 11, 7, 8, 9, 2, 1, 12, 13, 3, 15], [4, 5, 10, 6, 14, 1, 7, 8, 9, 2, 11, 12, 13, 3, 15], [1, 5, 10, 6, 14, 4, 7, 8, 9, 2, 11, 12, 13, 3, 15], [1, 5, 3, 6, 14, 4, 7, 8, 9, 2, 11, 12, 13, 10, 15], [1, 5, 3, 6, 10, 4, 7, 8, 9, 2, 11, 12, 13, 14, 15], [1, 5, 3, 6, 2, 4, 7, 8, 9, 10, 11, 12, 13, 14, 15], [1, 2, 3, 6, 5, 4, 7, 8, 9, 10, 11, 12, 13, 14, 15], [1, 2, 3, 4, 5, 6, 7, 8, 9, 10, 11, 12, 13, 14, 15]], pos=[[11, 10, 14, 1, 13, 4, 12, 9, 15, 3, 6, 7, 8, 5, 2], [11, 10, 14, 1, 13, 4, 12, 9, 2, 3, 6, 7, 8, 5, 15], [11, 10, 14, 1, 13, 4, 7, 9, 2, 3, 6, 12, 8, 5, 15], [11, 10, 14, 1, 8, 4, 7, 9, 2, 3, 6, 12, 13, 5, 15], [11, 10, 14, 1, 9, 4, 7, 8, 2, 3, 6, 12, 13, 5, 15], [11, 10, 14, 1, 2, 4, 7, 8, 9, 3, 6, 12, 13, 5, 15], [6, 10, 14, 1, 2, 4, 7, 8, 9, 3, 11, 12, 13, 5, 15], [1, 10, 14, 6, 2, 4, 7, 8, 9, 3, 11, 12, 13, 5, 15], [1, 10, 3, 6, 2, 4, 7, 8, 9, 14, 11, 12, 13, 5, 15], [1, 10, 3, 6, 2, 4, 7, 8, 9, 5, 11, 12, 13, 14, 15], [1, 5, 3, 6, 2, 4, 7, 8, 9, 10, 11, 12, 13, 14, 15], [1, 2, 3, 6, 5, 4, 7, 8, 9, 10, 11, 12, 13, 14, 15], [1, 2, 3, 4, 5, 6, 7, 8, 9, 10, 11, 12, 13, 14, 15]], idx1=[2, 7, 8, 8, 2, 6, 1, 3, 5, 5, 2, 4], idx2=[15, 12, 13, 9, 9, 11, 6, 14, 14, 10, 5, 6], _checker='')