============================================================
BENCHMARK ID: 27 | DIMENSIONE: 15 | STRATEGIA: norestart
============================================================

Input Vector: [14, 1, 8, 9, 4, 5, 15, 13, 12, 2, 3, 7, 6, 11, 10]

STATO: RISOLTO
K: 14
TEMPO: 213.8190s
----------------------------------------
PIANO:
Solution(v=[[14, 1, 8, 9, 4, 5, 15, 13, 12, 2, 3, 7, 6, 11, 10], [14, 1, 8, 9, 4, 5, 15, 13, 7, 2, 3, 12, 6, 11, 10], [14, 1, 8, 9, 4, 5, 7, 13, 15, 2, 3, 12, 6, 11, 10], [14, 1, 8, 9, 4, 5, 7, 6, 15, 2, 3, 12, 13, 11, 10], [14, 1, 6, 9, 4, 5, 7, 8, 15, 2, 3, 12, 13, 11, 10], [14, 1, 6, 4, 9, 5, 7, 8, 15, 2, 3, 12, 13, 11, 10], [14, 1, 6, 4, 9, 5, 7, 8, 10, 2, 3, 12, 13, 11, 15], [14, 1, 6, 4, 9, 5, 7, 8, 2, 10, 3, 12, 13, 11, 15], [14, 2, 6, 4, 9, 5, 7, 8, 1, 10, 3, 12, 13, 11, 15], [14, 2, 6, 4, 5, 9, 7, 8, 1, 10, 3, 12, 13, 11, 15], [14, 2, 6, 4, 5, 9, 7, 8, 1, 10, 11, 12, 13, 3, 15], [14, 2, 3, 4, 5, 9, 7, 8, 1, 10, 11, 12, 13, 6, 15], [6, 2, 3, 4, 5, 9, 7, 8, 1, 10, 11, 12, 13, 14, 15], [6, 2, 3, 4, 5, 1, 7, 8, 9, 10, 11, 12, 13, 14, 15], [1, 2, 3, 4, 5, 6, 7, 8, 9, 10, 11, 12, 13, 14, 15]], pos=[[2, 10, 11, 5, 6, 13, 12, 3, 4, 15, 14, 9, 8, 1, 7], [2, 10, 11, 5, 6, 13, 9, 3, 4, 15, 14, 12, 8, 1, 7], [2, 10, 11, 5, 6, 13, 7, 3, 4, 15, 14, 12, 8, 1, 9], [2, 10, 11, 5, 6, 8, 7, 3, 4, 15, 14, 12, 13, 1, 9], [2, 10, 11, 5, 6, 3, 7, 8, 4, 15, 14, 12, 13, 1, 9], [2, 10, 11, 4, 6, 3, 7, 8, 5, 15, 14, 12, 13, 1, 9], [2, 10, 11, 4, 6, 3, 7, 8, 5, 9, 14, 12, 13, 1, 15], [2, 9, 11, 4, 6, 3, 7, 8, 5, 10, 14, 12, 13, 1, 15], [9, 2, 11, 4, 6, 3, 7, 8, 5, 10, 14, 12, 13, 1, 15], [9, 2, 11, 4, 5, 3, 7, 8, 6, 10, 14, 12, 13, 1, 15], [9, 2, 14, 4, 5, 3, 7, 8, 6, 10, 11, 12, 13, 1, 15], [9, 2, 3, 4, 5, 14, 7, 8, 6, 10, 11, 12, 13, 1, 15], [9, 2, 3, 4, 5, 1, 7, 8, 6, 10, 11, 12, 13, 14, 15], [6, 2, 3, 4, 5, 1, 7, 8, 9, 10, 11, 12, 13, 14, 15], [1, 2, 3, 4, 5, 6, 7, 8, 9, 10, 11, 12, 13, 14, 15]], idx1=[9, 7, 8, 3, 4, 9, 9, 2, 5, 11, 3, 1, 6, 1], idx2=[12, 9, 13, 8, 5, 15, 10, 9, 6, 14, 14, 14, 9, 6], _checker='')