============================================================
BENCHMARK ID: 41 | DIMENSIONE: 25 | STRATEGIA: norestart
============================================================

Input Vector: [4, 5, 14, 20, 18, 12, 9, 6, 3, 10, 21, 23, 15, 16, 1, 8, 11, 17, 2, 24, 7, 22, 19, 13, 25]

STATO: RISOLTO
K: 20
TEMPO: 210.9440s
----------------------------------------
PIANO:
Solution(v=[[4, 5, 14, 20, 18, 12, 9, 6, 3, 10, 21, 23, 15, 16, 1, 8, 11, 17, 2, 24, 7, 22, 19, 13, 25], [4, 5, 14, 20, 18, 23, 9, 6, 3, 10, 21, 12, 15, 16, 1, 8, 11, 17, 2, 24, 7, 22, 19, 13, 25], [4, 5, 14, 20, 18, 23, 9, 6, 3, 10, 11, 12, 15, 16, 1, 8, 21, 17, 2, 24, 7, 22, 19, 13, 25], [4, 5, 14, 20, 18, 23, 9, 6, 3, 10, 11, 12, 13, 16, 1, 8, 21, 17, 2, 24, 7, 22, 19, 15, 25], [4, 5, 14, 20, 18, 23, 9, 6, 3, 10, 11, 12, 13, 16, 1, 8, 21, 17, 2, 15, 7, 22, 19, 24, 25], [4, 5, 14, 20, 18, 23, 9, 6, 3, 10, 11, 12, 13, 16, 15, 8, 21, 17, 2, 1, 7, 22, 19, 24, 25], [1, 5, 14, 20, 18, 23, 9, 6, 3, 10, 11, 12, 13, 16, 15, 8, 21, 17, 2, 4, 7, 22, 19, 24, 25], [1, 5, 14, 20, 18, 23, 9, 6, 3, 10, 11, 12, 13, 16, 15, 8, 17, 21, 2, 4, 7, 22, 19, 24, 25], [1, 5, 14, 20, 18, 23, 9, 6, 3, 10, 11, 12, 13, 16, 15, 8, 17, 7, 2, 4, 21, 22, 19, 24, 25], [1, 5, 14, 20, 18, 23, 9, 6, 3, 10, 11, 12, 13, 16, 15, 8, 17, 7, 19, 4, 21, 22, 2, 24, 25], [1, 5, 14, 20, 18, 2, 9, 6, 3, 10, 11, 12, 13, 16, 15, 8, 17, 7, 19, 4, 21, 22, 23, 24, 25], [1, 5, 14, 20, 18, 2, 7, 6, 3, 10, 11, 12, 13, 16, 15, 8, 17, 9, 19, 4, 21, 22, 23, 24, 25], [1, 5, 14, 20, 18, 2, 7, 8, 3, 10, 11, 12, 13, 16, 15, 6, 17, 9, 19, 4, 21, 22, 23, 24, 25], [1, 5, 14, 20, 18, 2, 7, 8, 3, 10, 11, 12, 13, 6, 15, 16, 17, 9, 19, 4, 21, 22, 23, 24, 25], [1, 5, 6, 20, 18, 2, 7, 8, 3, 10, 11, 12, 13, 14, 15, 16, 17, 9, 19, 4, 21, 22, 23, 24, 25], [1, 5, 6, 20, 18, 2, 7, 8, 9, 10, 11, 12, 13, 14, 15, 16, 17, 3, 19, 4, 21, 22, 23, 24, 25], [1, 5, 6, 20, 3, 2, 7, 8, 9, 10, 11, 12, 13, 14, 15, 16, 17, 18, 19, 4, 21, 22, 23, 24, 25], [1, 5, 3, 20, 6, 2, 7, 8, 9, 10, 11, 12, 13, 14, 15, 16, 17, 18, 19, 4, 21, 22, 23, 24, 25], [1, 5, 3, 20, 2, 6, 7, 8, 9, 10, 11, 12, 13, 14, 15, 16, 17, 18, 19, 4, 21, 22, 23, 24, 25], [1, 2, 3, 20, 5, 6, 7, 8, 9, 10, 11, 12, 13, 14, 15, 16, 17, 18, 19, 4, 21, 22, 23, 24, 25], [1, 2, 3, 4, 5, 6, 7, 8, 9, 10, 11, 12, 13, 14, 15, 16, 17, 18, 19, 20, 21, 22, 23, 24, 25]], pos=[[15, 19, 9, 1, 2, 8, 21, 16, 7, 10, 17, 6, 24, 3, 13, 14, 18, 5, 23, 4, 11, 22, 12, 20, 25], [15, 19, 9, 1, 2, 8, 21, 16, 7, 10, 17, 12, 24, 3, 13, 14, 18, 5, 23, 4, 11, 22, 6, 20, 25], [15, 19, 9, 1, 2, 8, 21, 16, 7, 10, 11, 12, 24, 3, 13, 14, 18, 5, 23, 4, 17, 22, 6, 20, 25], [15, 19, 9, 1, 2, 8, 21, 16, 7, 10, 11, 12, 13, 3, 24, 14, 18, 5, 23, 4, 17, 22, 6, 20, 25], [15, 19, 9, 1, 2, 8, 21, 16, 7, 10, 11, 12, 13, 3, 20, 14, 18, 5, 23, 4, 17, 22, 6, 24, 25], [20, 19, 9, 1, 2, 8, 21, 16, 7, 10, 11, 12, 13, 3, 15, 14, 18, 5, 23, 4, 17, 22, 6, 24, 25], [1, 19, 9, 20, 2, 8, 21, 16, 7, 10, 11, 12, 13, 3, 15, 14, 18, 5, 23, 4, 17, 22, 6, 24, 25], [1, 19, 9, 20, 2, 8, 21, 16, 7, 10, 11, 12, 13, 3, 15, 14, 17, 5, 23, 4, 18, 22, 6, 24, 25], [1, 19, 9, 20, 2, 8, 18, 16, 7, 10, 11, 12, 13, 3, 15, 14, 17, 5, 23, 4, 21, 22, 6, 24, 25], [1, 23, 9, 20, 2, 8, 18, 16, 7, 10, 11, 12, 13, 3, 15, 14, 17, 5, 19, 4, 21, 22, 6, 24, 25], [1, 6, 9, 20, 2, 8, 18, 16, 7, 10, 11, 12, 13, 3, 15, 14, 17, 5, 19, 4, 21, 22, 23, 24, 25], [1, 6, 9, 20, 2, 8, 7, 16, 18, 10, 11, 12, 13, 3, 15, 14, 17, 5, 19, 4, 21, 22, 23, 24, 25], [1, 6, 9, 20, 2, 16, 7, 8, 18, 10, 11, 12, 13, 3, 15, 14, 17, 5, 19, 4, 21, 22, 23, 24, 25], [1, 6, 9, 20, 2, 14, 7, 8, 18, 10, 11, 12, 13, 3, 15, 16, 17, 5, 19, 4, 21, 22, 23, 24, 25], [1, 6, 9, 20, 2, 3, 7, 8, 18, 10, 11, 12, 13, 14, 15, 16, 17, 5, 19, 4, 21, 22, 23, 24, 25], [1, 6, 18, 20, 2, 3, 7, 8, 9, 10, 11, 12, 13, 14, 15, 16, 17, 5, 19, 4, 21, 22, 23, 24, 25], [1, 6, 5, 20, 2, 3, 7, 8, 9, 10, 11, 12, 13, 14, 15, 16, 17, 18, 19, 4, 21, 22, 23, 24, 25], [1, 6, 3, 20, 2, 5, 7, 8, 9, 10, 11, 12, 13, 14, 15, 16, 17, 18, 19, 4, 21, 22, 23, 24, 25], [1, 5, 3, 20, 2, 6, 7, 8, 9, 10, 11, 12, 13, 14, 15, 16, 17, 18, 19, 4, 21, 22, 23, 24, 25], [1, 2, 3, 20, 5, 6, 7, 8, 9, 10, 11, 12, 13, 14, 15, 16, 17, 18, 19, 4, 21, 22, 23, 24, 25], [1, 2, 3, 4, 5, 6, 7, 8, 9, 10, 11, 12, 13, 14, 15, 16, 17, 18, 19, 20, 21, 22, 23, 24, 25]], idx1=[6, 11, 13, 20, 15, 1, 17, 18, 19, 6, 7, 8, 14, 3, 9, 5, 3, 5, 2, 4], idx2=[12, 17, 24, 24, 20, 20, 18, 21, 23, 23, 18, 16, 16, 14, 18, 18, 5, 6, 5, 20], _checker='')