============================================================
BENCHMARK ID: 33 | DIMENSIONE: 20 | STRATEGIA: norestart
============================================================

Input Vector: [19, 16, 17, 10, 6, 4, 5, 3, 14, 8, 13, 18, 20, 15, 9, 7, 1, 12, 2, 11]

STATO: RISOLTO
K: 16
TEMPO: 19.9490s
----------------------------------------
PIANO:
Solution(v=[[19, 16, 17, 10, 6, 4, 5, 3, 14, 8, 13, 18, 20, 15, 9, 7, 1, 12, 2, 11], [1, 16, 17, 10, 6, 4, 5, 3, 14, 8, 13, 18, 20, 15, 9, 7, 19, 12, 2, 11], [1, 16, 17, 10, 6, 4, 5, 3, 9, 8, 13, 18, 20, 15, 14, 7, 19, 12, 2, 11], [1, 16, 17, 10, 6, 4, 5, 3, 9, 8, 13, 18, 20, 14, 15, 7, 19, 12, 2, 11], [1, 16, 17, 10, 6, 4, 5, 3, 9, 8, 13, 18, 20, 14, 15, 7, 2, 12, 19, 11], [1, 2, 17, 10, 6, 4, 5, 3, 9, 8, 13, 18, 20, 14, 15, 7, 16, 12, 19, 11], [1, 2, 17, 10, 4, 6, 5, 3, 9, 8, 13, 18, 20, 14, 15, 7, 16, 12, 19, 11], [1, 2, 17, 10, 4, 6, 5, 3, 9, 8, 20, 18, 13, 14, 15, 7, 16, 12, 19, 11], [1, 2, 17, 10, 4, 6, 5, 3, 9, 8, 11, 18, 13, 14, 15, 7, 16, 12, 19, 20], [1, 2, 17, 10, 4, 6, 5, 3, 9, 8, 11, 12, 13, 14, 15, 7, 16, 18, 19, 20], [1, 2, 17, 10, 4, 6, 5, 3, 9, 8, 11, 12, 13, 14, 15, 16, 7, 18, 19, 20], [1, 2, 17, 10, 4, 6, 7, 3, 9, 8, 11, 12, 13, 14, 15, 16, 5, 18, 19, 20], [1, 2, 5, 10, 4, 6, 7, 3, 9, 8, 11, 12, 13, 14, 15, 16, 17, 18, 19, 20], [1, 2, 5, 8, 4, 6, 7, 3, 9, 10, 11, 12, 13, 14, 15, 16, 17, 18, 19, 20], [1, 2, 5, 3, 4, 6, 7, 8, 9, 10, 11, 12, 13, 14, 15, 16, 17, 18, 19, 20], [1, 2, 3, 5, 4, 6, 7, 8, 9, 10, 11, 12, 13, 14, 15, 16, 17, 18, 19, 20], [1, 2, 3, 4, 5, 6, 7, 8, 9, 10, 11, 12, 13, 14, 15, 16, 17, 18, 19, 20]], pos=[[17, 19, 8, 6, 7, 5, 16, 10, 15, 4, 20, 18, 11, 9, 14, 2, 3, 12, 1, 13], [1, 19, 8, 6, 7, 5, 16, 10, 15, 4, 20, 18, 11, 9, 14, 2, 3, 12, 17, 13], [1, 19, 8, 6, 7, 5, 16, 10, 9, 4, 20, 18, 11, 15, 14, 2, 3, 12, 17, 13], [1, 19, 8, 6, 7, 5, 16, 10, 9, 4, 20, 18, 11, 14, 15, 2, 3, 12, 17, 13], [1, 17, 8, 6, 7, 5, 16, 10, 9, 4, 20, 18, 11, 14, 15, 2, 3, 12, 19, 13], [1, 2, 8, 6, 7, 5, 16, 10, 9, 4, 20, 18, 11, 14, 15, 17, 3, 12, 19, 13], [1, 2, 8, 5, 7, 6, 16, 10, 9, 4, 20, 18, 11, 14, 15, 17, 3, 12, 19, 13], [1, 2, 8, 5, 7, 6, 16, 10, 9, 4, 20, 18, 13, 14, 15, 17, 3, 12, 19, 11], [1, 2, 8, 5, 7, 6, 16, 10, 9, 4, 11, 18, 13, 14, 15, 17, 3, 12, 19, 20], [1, 2, 8, 5, 7, 6, 16, 10, 9, 4, 11, 12, 13, 14, 15, 17, 3, 18, 19, 20], [1, 2, 8, 5, 7, 6, 17, 10, 9, 4, 11, 12, 13, 14, 15, 16, 3, 18, 19, 20], [1, 2, 8, 5, 17, 6, 7, 10, 9, 4, 11, 12, 13, 14, 15, 16, 3, 18, 19, 20], [1, 2, 8, 5, 3, 6, 7, 10, 9, 4, 11, 12, 13, 14, 15, 16, 17, 18, 19, 20], [1, 2, 8, 5, 3, 6, 7, 4, 9, 10, 11, 12, 13, 14, 15, 16, 17, 18, 19, 20], [1, 2, 4, 5, 3, 6, 7, 8, 9, 10, 11, 12, 13, 14, 15, 16, 17, 18, 19, 20], [1, 2, 3, 5, 4, 6, 7, 8, 9, 10, 11, 12, 13, 14, 15, 16, 17, 18, 19, 20], [1, 2, 3, 4, 5, 6, 7, 8, 9, 10, 11, 12, 13, 14, 15, 16, 17, 18, 19, 20]], idx1=[1, 9, 14, 17, 2, 5, 11, 11, 12, 16, 7, 3, 4, 4, 3, 4], idx2=[17, 15, 15, 19, 17, 6, 13, 20, 18, 17, 17, 17, 10, 8, 4, 5], _checker='')