============================================================
BENCHMARK ID: 14 | DIMENSIONE: 10 | STRATEGIA: norestart
============================================================

Input Vector: [6, 3, 8, 9, 5, 7, 1, 2, 10, 4]

STATO: RISOLTO
K: 6
TEMPO: 0.3130s
----------------------------------------
PIANO:
Solution(v=[[6, 3, 8, 9, 5, 7, 1, 2, 10, 4], [6, 2, 8, 9, 5, 7, 1, 3, 10, 4], [6, 2, 8, 10, 5, 7, 1, 3, 9, 4], [6, 2, 8, 4, 5, 7, 1, 3, 9, 10], [6, 2, 8, 4, 5, 1, 7, 3, 9, 10], [1, 2, 8, 4, 5, 6, 7, 3, 9, 10], [1, 2, 3, 4, 5, 6, 7, 8, 9, 10]], pos=[[7, 8, 2, 10, 5, 1, 6, 3, 4, 9], [7, 2, 8, 10, 5, 1, 6, 3, 4, 9], [7, 2, 8, 10, 5, 1, 6, 3, 9, 4], [7, 2, 8, 4, 5, 1, 6, 3, 9, 10], [6, 2, 8, 4, 5, 1, 7, 3, 9, 10], [1, 2, 8, 4, 5, 6, 7, 3, 9, 10], [1, 2, 3, 4, 5, 6, 7, 8, 9, 10]], idx1=[2, 4, 4, 6, 1, 3], idx2=[8, 9, 10, 7, 6, 8], _checker='')