============================================================
BENCHMARK ID: 16 | DIMENSIONE: 10 | STRATEGIA: antifirstfail
============================================================

Input Vector: [5, 1, 3, 2, 9, 6, 4, 8, 7, 10]

STATO: RISOLTO
K: 5
TEMPO: 0.2990s
----------------------------------------
PIANO:
Solution(v=[[5, 1, 3, 2, 9, 6, 4, 8, 7, 10], [5, 1, 3, 2, 7, 6, 4, 8, 9, 10], [7, 1, 3, 2, 5, 6, 4, 8, 9, 10], [7, 1, 3, 4, 5, 6, 2, 8, 9, 10], [2, 1, 3, 4, 5, 6, 7, 8, 9, 10], [1, 2, 3, 4, 5, 6, 7, 8, 9, 10]], pos=[[2, 4, 3, 7, 1, 6, 9, 8, 5, 10], [2, 4, 3, 7, 1, 6, 5, 8, 9, 10], [2, 4, 3, 7, 5, 6, 1, 8, 9, 10], [2, 7, 3, 4, 5, 6, 1, 8, 9, 10], [2, 1, 3, 4, 5, 6, 7, 8, 9, 10], [1, 2, 3, 4, 5, 6, 7, 8, 9, 10]], idx1=[5, 1, 4, 1, 1], idx2=[9, 5, 7, 7, 2], _checker='')