============================================================
BENCHMARK ID: 8 | DIMENSIONE: 5 | STRATEGIA: antifirstfail
============================================================

Input Vector: [3, 4, 5, 1, 2]

STATO: RISOLTO
K: 4
TEMPO: 0.3100s
----------------------------------------
PIANO:
Solution(v=[[3, 4, 5, 1, 2], [1, 4, 5, 3, 2], [1, 3, 5, 4, 2], [1, 3, 2, 4, 5], [1, 2, 3, 4, 5]], pos=[[4, 5, 1, 2, 3], [1, 5, 4, 2, 3], [1, 5, 2, 4, 3], [1, 3, 2, 4, 5], [1, 2, 3, 4, 5]], idx1=[1, 2, 3, 2], idx2=[4, 4, 5, 3], _checker='')