============================================================
BENCHMARK ID: 22 | DIMENSIONE: 15 | STRATEGIA: antifirstfail
============================================================

Input Vector: [11, 8, 15, 10, 5, 14, 4, 7, 3, 1, 9, 13, 6, 12, 2]

STATO: RISOLTO
K: 12
TEMPO: 41.7700s
----------------------------------------
PIANO:
Solution(v=[[11, 8, 15, 10, 5, 14, 4, 7, 3, 1, 9, 13, 6, 12, 2], [11, 8, 15, 1, 5, 14, 4, 7, 3, 10, 9, 13, 6, 12, 2], [11, 8, 15, 4, 5, 14, 1, 7, 3, 10, 9, 13, 6, 12, 2], [1, 8, 15, 4, 5, 14, 11, 7, 3, 10, 9, 13, 6, 12, 2], [1, 8, 15, 4, 5, 14, 7, 11, 3, 10, 9, 13, 6, 12, 2], [1, 11, 15, 4, 5, 14, 7, 8, 3, 10, 9, 13, 6, 12, 2], [1, 11, 15, 4, 5, 12, 7, 8, 3, 10, 9, 13, 6, 14, 2], [1, 11, 15, 4, 5, 12, 7, 8, 9, 10, 3, 13, 6, 14, 2], [1, 11, 3, 4, 5, 12, 7, 8, 9, 10, 15, 13, 6, 14, 2], [1, 11, 3, 4, 5, 12, 7, 8, 9, 10, 15, 6, 13, 14, 2], [1, 11, 3, 4, 5, 6, 7, 8, 9, 10, 15, 12, 13, 14, 2], [1, 11, 3, 4, 5, 6, 7, 8, 9, 10, 2, 12, 13, 14, 15], [1, 2, 3, 4, 5, 6, 7, 8, 9, 10, 11, 12, 13, 14, 15]], pos=[[10, 15, 9, 7, 5, 13, 8, 2, 11, 4, 1, 14, 12, 6, 3], [4, 15, 9, 7, 5, 13, 8, 2, 11, 10, 1, 14, 12, 6, 3], [7, 15, 9, 4, 5, 13, 8, 2, 11, 10, 1, 14, 12, 6, 3], [1, 15, 9, 4, 5, 13, 8, 2, 11, 10, 7, 14, 12, 6, 3], [1, 15, 9, 4, 5, 13, 7, 2, 11, 10, 8, 14, 12, 6, 3], [1, 15, 9, 4, 5, 13, 7, 8, 11, 10, 2, 14, 12, 6, 3], [1, 15, 9, 4, 5, 13, 7, 8, 11, 10, 2, 6, 12, 14, 3], [1, 15, 11, 4, 5, 13, 7, 8, 9, 10, 2, 6, 12, 14, 3], [1, 15, 3, 4, 5, 13, 7, 8, 9, 10, 2, 6, 12, 14, 11], [1, 15, 3, 4, 5, 12, 7, 8, 9, 10, 2, 6, 13, 14, 11], [1, 15, 3, 4, 5, 6, 7, 8, 9, 10, 2, 12, 13, 14, 11], [1, 11, 3, 4, 5, 6, 7, 8, 9, 10, 2, 12, 13, 14, 15], [1, 2, 3, 4, 5, 6, 7, 8, 9, 10, 11, 12, 13, 14, 15]], idx1=[4, 4, 1, 7, 2, 6, 9, 3, 12, 6, 11, 2], idx2=[10, 7, 7, 8, 8, 14, 11, 11, 13, 12, 15, 11], _checker='')