============================================================
BENCHMARK ID: 25 | DIMENSIONE: 15 | STRATEGIA: antifirstfail
============================================================

Input Vector: [10, 4, 15, 7, 6, 13, 9, 5, 14, 3, 1, 11, 12, 8, 2]

STATO: RISOLTO
K: 14
TEMPO: 7.5370s
----------------------------------------
PIANO:
Solution(v=[[10, 4, 15, 7, 6, 13, 9, 5, 14, 3, 1, 11, 12, 8, 2], [10, 4, 15, 9, 6, 13, 7, 5, 14, 3, 1, 11, 12, 8, 2], [10, 4, 15, 14, 6, 13, 7, 5, 9, 3, 1, 11, 12, 8, 2], [10, 4, 15, 8, 6, 13, 7, 5, 9, 3, 1, 11, 12, 14, 2], [10, 4, 15, 8, 6, 13, 7, 5, 9, 3, 11, 1, 12, 14, 2], [1, 4, 15, 8, 6, 13, 7, 5, 9, 3, 11, 10, 12, 14, 2], [1, 4, 15, 5, 6, 13, 7, 8, 9, 3, 11, 10, 12, 14, 2], [1, 4, 15, 6, 5, 13, 7, 8, 9, 3, 11, 10, 12, 14, 2], [1, 4, 15, 6, 5, 13, 7, 8, 9, 10, 11, 3, 12, 14, 2], [1, 4, 3, 6, 5, 13, 7, 8, 9, 10, 11, 15, 12, 14, 2], [1, 4, 3, 6, 5, 13, 7, 8, 9, 10, 11, 2, 12, 14, 15], [1, 2, 3, 6, 5, 13, 7, 8, 9, 10, 11, 4, 12, 14, 15], [1, 2, 3, 13, 5, 6, 7, 8, 9, 10, 11, 4, 12, 14, 15], [1, 2, 3, 13, 5, 6, 7, 8, 9, 10, 11, 12, 4, 14, 15], [1, 2, 3, 4, 5, 6, 7, 8, 9, 10, 11, 12, 13, 14, 15]], pos=[[11, 15, 10, 2, 8, 5, 4, 14, 7, 1, 12, 13, 6, 9, 3], [11, 15, 10, 2, 8, 5, 7, 14, 4, 1, 12, 13, 6, 9, 3], [11, 15, 10, 2, 8, 5, 7, 14, 9, 1, 12, 13, 6, 4, 3], [11, 15, 10, 2, 8, 5, 7, 4, 9, 1, 12, 13, 6, 14, 3], [12, 15, 10, 2, 8, 5, 7, 4, 9, 1, 11, 13, 6, 14, 3], [1, 15, 10, 2, 8, 5, 7, 4, 9, 12, 11, 13, 6, 14, 3], [1, 15, 10, 2, 4, 5, 7, 8, 9, 12, 11, 13, 6, 14, 3], [1, 15, 10, 2, 5, 4, 7, 8, 9, 12, 11, 13, 6, 14, 3], [1, 15, 12, 2, 5, 4, 7, 8, 9, 10, 11, 13, 6, 14, 3], [1, 15, 3, 2, 5, 4, 7, 8, 9, 10, 11, 13, 6, 14, 12], [1, 12, 3, 2, 5, 4, 7, 8, 9, 10, 11, 13, 6, 14, 15], [1, 2, 3, 12, 5, 4, 7, 8, 9, 10, 11, 13, 6, 14, 15], [1, 2, 3, 12, 5, 6, 7, 8, 9, 10, 11, 13, 4, 14, 15], [1, 2, 3, 13, 5, 6, 7, 8, 9, 10, 11, 12, 4, 14, 15], [1, 2, 3, 4, 5, 6, 7, 8, 9, 10, 11, 12, 13, 14, 15]], idx1=[4, 4, 4, 11, 1, 4, 4, 10, 3, 12, 2, 4, 12, 4], idx2=[7, 9, 14, 12, 12, 8, 5, 12, 12, 15, 12, 6, 13, 13], _checker='')