============================================================
BENCHMARK ID: 19 | DIMENSIONE: 10 | STRATEGIA: antifirstfail
============================================================

Input Vector: [10, 3, 4, 7, 2, 5, 6, 1, 8, 9]

STATO: RISOLTO
K: 8
TEMPO: 0.3120s
----------------------------------------
PIANO:
Solution(v=[[10, 3, 4, 7, 2, 5, 6, 1, 8, 9], [10, 3, 4, 7, 5, 2, 6, 1, 8, 9], [10, 2, 4, 7, 5, 3, 6, 1, 8, 9], [10, 2, 4, 7, 5, 6, 3, 1, 8, 9], [10, 2, 4, 7, 5, 6, 3, 8, 1, 9], [1, 2, 4, 7, 5, 6, 3, 8, 10, 9], [1, 2, 7, 4, 5, 6, 3, 8, 10, 9], [1, 2, 3, 4, 5, 6, 7, 8, 10, 9], [1, 2, 3, 4, 5, 6, 7, 8, 9, 10]], pos=[[8, 5, 2, 3, 6, 7, 4, 9, 10, 1], [8, 6, 2, 3, 5, 7, 4, 9, 10, 1], [8, 2, 6, 3, 5, 7, 4, 9, 10, 1], [8, 2, 7, 3, 5, 6, 4, 9, 10, 1], [9, 2, 7, 3, 5, 6, 4, 8, 10, 1], [1, 2, 7, 3, 5, 6, 4, 8, 10, 9], [1, 2, 7, 4, 5, 6, 3, 8, 10, 9], [1, 2, 3, 4, 5, 6, 7, 8, 10, 9], [1, 2, 3, 4, 5, 6, 7, 8, 9, 10]], idx1=[5, 2, 6, 8, 1, 3, 3, 9], idx2=[6, 6, 7, 9, 9, 4, 7, 10], _checker='')