============================================================
BENCHMARK ID: 18 | DIMENSIONE: 10 | STRATEGIA: antifirstfail
============================================================

Input Vector: [3, 9, 10, 6, 4, 7, 1, 2, 5, 8]

STATO: RISOLTO
K: 9
TEMPO: 0.4340s
----------------------------------------
PIANO:
Solution(v=[[3, 9, 10, 6, 4, 7, 1, 2, 5, 8], [10, 9, 3, 6, 4, 7, 1, 2, 5, 8], [10, 9, 3, 6, 5, 7, 1, 2, 4, 8], [10, 9, 3, 6, 5, 7, 1, 8, 4, 2], [10, 2, 3, 6, 5, 7, 1, 8, 4, 9], [10, 2, 3, 6, 5, 7, 1, 8, 9, 4], [10, 2, 3, 4, 5, 7, 1, 8, 9, 6], [10, 2, 3, 4, 5, 1, 7, 8, 9, 6], [10, 2, 3, 4, 5, 6, 7, 8, 9, 1], [1, 2, 3, 4, 5, 6, 7, 8, 9, 10]], pos=[[7, 8, 1, 5, 9, 4, 6, 10, 2, 3], [7, 8, 3, 5, 9, 4, 6, 10, 2, 1], [7, 8, 3, 9, 5, 4, 6, 10, 2, 1], [7, 10, 3, 9, 5, 4, 6, 8, 2, 1], [7, 2, 3, 9, 5, 4, 6, 8, 10, 1], [7, 2, 3, 10, 5, 4, 6, 8, 9, 1], [7, 2, 3, 4, 5, 10, 6, 8, 9, 1], [6, 2, 3, 4, 5, 10, 7, 8, 9, 1], [10, 2, 3, 4, 5, 6, 7, 8, 9, 1], [1, 2, 3, 4, 5, 6, 7, 8, 9, 10]], idx1=[1, 5, 8, 2, 9, 4, 6, 6, 1], idx2=[3, 9, 10, 10, 10, 10, 7, 10, 10], _checker='')