============================================================
BENCHMARK ID: 13 | DIMENSIONE: 10 | STRATEGIA: antifirstfail
============================================================

Input Vector: [10, 7, 3, 2, 9, 4, 8, 5, 1, 6]

STATO: RISOLTO
K: 8
TEMPO: 0.3530s
----------------------------------------
PIANO:
Solution(v=[[10, 7, 3, 2, 9, 4, 8, 5, 1, 6], [1, 7, 3, 2, 9, 4, 8, 5, 10, 6], [1, 7, 3, 2, 5, 4, 8, 9, 10, 6], [1, 7, 3, 2, 5, 6, 8, 9, 10, 4], [1, 7, 3, 2, 5, 6, 8, 9, 4, 10], [1, 7, 3, 4, 5, 6, 8, 9, 2, 10], [1, 2, 3, 4, 5, 6, 8, 9, 7, 10], [1, 2, 3, 4, 5, 6, 9, 8, 7, 10], [1, 2, 3, 4, 5, 6, 7, 8, 9, 10]], pos=[[9, 4, 3, 6, 8, 10, 2, 7, 5, 1], [1, 4, 3, 6, 8, 10, 2, 7, 5, 9], [1, 4, 3, 6, 5, 10, 2, 7, 8, 9], [1, 4, 3, 10, 5, 6, 2, 7, 8, 9], [1, 4, 3, 9, 5, 6, 2, 7, 8, 10], [1, 9, 3, 4, 5, 6, 2, 7, 8, 10], [1, 2, 3, 4, 5, 6, 9, 7, 8, 10], [1, 2, 3, 4, 5, 6, 9, 8, 7, 10], [1, 2, 3, 4, 5, 6, 7, 8, 9, 10]], idx1=[1, 5, 6, 9, 4, 2, 7, 7], idx2=[9, 8, 10, 10, 9, 9, 8, 9], _checker='')