============================================================
BENCHMARK ID: 28 | DIMENSIONE: 15 | STRATEGIA: antifirstfail
============================================================

Input Vector: [3, 7, 13, 11, 6, 10, 12, 15, 9, 8, 4, 14, 1, 2, 5]

STATO: RISOLTO
K: 10
TEMPO: 122.7770s
----------------------------------------
PIANO:
Solution(v=[[3, 7, 13, 11, 6, 10, 12, 15, 9, 8, 4, 14, 1, 2, 5], [3, 7, 13, 11, 6, 10, 12, 8, 9, 15, 4, 14, 1, 2, 5], [3, 7, 13, 11, 6, 15, 12, 8, 9, 10, 4, 14, 1, 2, 5], [3, 7, 13, 11, 6, 15, 14, 8, 9, 10, 4, 12, 1, 2, 5], [3, 7, 13, 11, 6, 15, 2, 8, 9, 10, 4, 12, 1, 14, 5], [3, 2, 13, 11, 6, 15, 7, 8, 9, 10, 4, 12, 1, 14, 5], [3, 2, 1, 11, 6, 15, 7, 8, 9, 10, 4, 12, 13, 14, 5], [1, 2, 3, 11, 6, 15, 7, 8, 9, 10, 4, 12, 13, 14, 5], [1, 2, 3, 4, 6, 15, 7, 8, 9, 10, 11, 12, 13, 14, 5], [1, 2, 3, 4, 5, 15, 7, 8, 9, 10, 11, 12, 13, 14, 6], [1, 2, 3, 4, 5, 6, 7, 8, 9, 10, 11, 12, 13, 14, 15]], pos=[[13, 14, 1, 11, 15, 5, 2, 10, 9, 6, 4, 7, 3, 12, 8], [13, 14, 1, 11, 15, 5, 2, 8, 9, 6, 4, 7, 3, 12, 10], [13, 14, 1, 11, 15, 5, 2, 8, 9, 10, 4, 7, 3, 12, 6], [13, 14, 1, 11, 15, 5, 2, 8, 9, 10, 4, 12, 3, 7, 6], [13, 7, 1, 11, 15, 5, 2, 8, 9, 10, 4, 12, 3, 14, 6], [13, 2, 1, 11, 15, 5, 7, 8, 9, 10, 4, 12, 3, 14, 6], [3, 2, 1, 11, 15, 5, 7, 8, 9, 10, 4, 12, 13, 14, 6], [1, 2, 3, 11, 15, 5, 7, 8, 9, 10, 4, 12, 13, 14, 6], [1, 2, 3, 4, 15, 5, 7, 8, 9, 10, 11, 12, 13, 14, 6], [1, 2, 3, 4, 5, 15, 7, 8, 9, 10, 11, 12, 13, 14, 6], [1, 2, 3, 4, 5, 6, 7, 8, 9, 10, 11, 12, 13, 14, 15]], idx1=[8, 6, 7, 7, 2, 3, 1, 4, 5, 6], idx2=[10, 10, 12, 14, 7, 13, 3, 11, 15, 15], _checker='')