============================================================
BENCHMARK ID: 26 | DIMENSIONE: 15 | STRATEGIA: antifirstfail
============================================================

Input Vector: [10, 15, 1, 7, 11, 8, 4, 13, 5, 6, 3, 14, 9, 2, 12]

STATO: RISOLTO
K: 12
TEMPO: 196.2480s
----------------------------------------
PIANO:
Solution(v=[[10, 15, 1, 7, 11, 8, 4, 13, 5, 6, 3, 14, 9, 2, 12], [10, 15, 1, 7, 3, 8, 4, 13, 5, 6, 11, 14, 9, 2, 12], [10, 15, 1, 7, 3, 8, 4, 13, 9, 6, 11, 14, 5, 2, 12], [10, 15, 1, 7, 5, 8, 4, 13, 9, 6, 11, 14, 3, 2, 12], [10, 15, 1, 7, 5, 8, 4, 3, 9, 6, 11, 14, 13, 2, 12], [10, 15, 3, 7, 5, 8, 4, 1, 9, 6, 11, 14, 13, 2, 12], [10, 15, 3, 4, 5, 8, 7, 1, 9, 6, 11, 14, 13, 2, 12], [10, 15, 3, 4, 5, 6, 7, 1, 9, 8, 11, 14, 13, 2, 12], [10, 15, 3, 4, 5, 6, 7, 8, 9, 1, 11, 14, 13, 2, 12], [1, 15, 3, 4, 5, 6, 7, 8, 9, 10, 11, 14, 13, 2, 12], [1, 15, 3, 4, 5, 6, 7, 8, 9, 10, 11, 2, 13, 14, 12], [1, 2, 3, 4, 5, 6, 7, 8, 9, 10, 11, 15, 13, 14, 12], [1, 2, 3, 4, 5, 6, 7, 8, 9, 10, 11, 12, 13, 14, 15]], pos=[[3, 14, 11, 7, 9, 10, 4, 6, 13, 1, 5, 15, 8, 12, 2], [3, 14, 5, 7, 9, 10, 4, 6, 13, 1, 11, 15, 8, 12, 2], [3, 14, 5, 7, 13, 10, 4, 6, 9, 1, 11, 15, 8, 12, 2], [3, 14, 13, 7, 5, 10, 4, 6, 9, 1, 11, 15, 8, 12, 2], [3, 14, 8, 7, 5, 10, 4, 6, 9, 1, 11, 15, 13, 12, 2], [8, 14, 3, 7, 5, 10, 4, 6, 9, 1, 11, 15, 13, 12, 2], [8, 14, 3, 4, 5, 10, 7, 6, 9, 1, 11, 15, 13, 12, 2], [8, 14, 3, 4, 5, 6, 7, 10, 9, 1, 11, 15, 13, 12, 2], [10, 14, 3, 4, 5, 6, 7, 8, 9, 1, 11, 15, 13, 12, 2], [1, 14, 3, 4, 5, 6, 7, 8, 9, 10, 11, 15, 13, 12, 2], [1, 12, 3, 4, 5, 6, 7, 8, 9, 10, 11, 15, 13, 14, 2], [1, 2, 3, 4, 5, 6, 7, 8, 9, 10, 11, 15, 13, 14, 12], [1, 2, 3, 4, 5, 6, 7, 8, 9, 10, 11, 12, 13, 14, 15]], idx1=[5, 9, 5, 8, 3, 4, 6, 8, 1, 12, 2, 12], idx2=[11, 13, 13, 13, 8, 7, 10, 10, 10, 14, 12, 15], _checker='')