============================================================
BENCHMARK ID: 20 | DIMENSIONE: 10 | STRATEGIA: antifirstfail
============================================================

Input Vector: [1, 6, 7, 9, 8, 4, 10, 3, 5, 2]

STATO: RISOLTO
K: 8
TEMPO: 0.2980s
----------------------------------------
PIANO:
Solution(v=[[1, 6, 7, 9, 8, 4, 10, 3, 5, 2], [1, 6, 7, 9, 3, 4, 10, 8, 5, 2], [1, 6, 7, 9, 5, 4, 10, 8, 3, 2], [1, 6, 7, 3, 5, 4, 10, 8, 9, 2], [1, 6, 3, 7, 5, 4, 10, 8, 9, 2], [1, 6, 3, 4, 5, 7, 10, 8, 9, 2], [1, 7, 3, 4, 5, 6, 10, 8, 9, 2], [1, 2, 3, 4, 5, 6, 10, 8, 9, 7], [1, 2, 3, 4, 5, 6, 7, 8, 9, 10]], pos=[[1, 10, 8, 6, 9, 2, 3, 5, 4, 7], [1, 10, 5, 6, 9, 2, 3, 8, 4, 7], [1, 10, 9, 6, 5, 2, 3, 8, 4, 7], [1, 10, 4, 6, 5, 2, 3, 8, 9, 7], [1, 10, 3, 6, 5, 2, 4, 8, 9, 7], [1, 10, 3, 4, 5, 2, 6, 8, 9, 7], [1, 10, 3, 4, 5, 6, 2, 8, 9, 7], [1, 2, 3, 4, 5, 6, 10, 8, 9, 7], [1, 2, 3, 4, 5, 6, 7, 8, 9, 10]], idx1=[5, 5, 4, 3, 4, 2, 2, 7], idx2=[8, 9, 9, 4, 6, 6, 10, 10], _checker='')