============================================================
BENCHMARK ID: 27 | DIMENSIONE: 15 | STRATEGIA: antifirstfail
============================================================

Input Vector: [14, 1, 8, 9, 4, 5, 15, 13, 12, 2, 3, 7, 6, 11, 10]

STATO: RISOLTO
K: 14
TEMPO: 22.6900s
----------------------------------------
PIANO:
Solution(v=[[14, 1, 8, 9, 4, 5, 15, 13, 12, 2, 3, 7, 6, 11, 10], [1, 14, 8, 9, 4, 5, 15, 13, 12, 2, 3, 7, 6, 11, 10], [1, 2, 8, 9, 4, 5, 15, 13, 12, 14, 3, 7, 6, 11, 10], [1, 2, 8, 9, 4, 5, 15, 13, 7, 14, 3, 12, 6, 11, 10], [1, 2, 8, 7, 4, 5, 15, 13, 9, 14, 3, 12, 6, 11, 10], [1, 2, 8, 7, 4, 5, 10, 13, 9, 14, 3, 12, 6, 11, 15], [1, 2, 8, 10, 4, 5, 7, 13, 9, 14, 3, 12, 6, 11, 15], [1, 2, 8, 14, 4, 5, 7, 13, 9, 10, 3, 12, 6, 11, 15], [1, 2, 8, 11, 4, 5, 7, 13, 9, 10, 3, 12, 6, 14, 15], [1, 2, 8, 3, 4, 5, 7, 13, 9, 10, 11, 12, 6, 14, 15], [1, 2, 8, 4, 3, 5, 7, 13, 9, 10, 11, 12, 6, 14, 15], [1, 2, 8, 4, 3, 5, 7, 6, 9, 10, 11, 12, 13, 14, 15], [1, 2, 8, 4, 3, 6, 7, 5, 9, 10, 11, 12, 13, 14, 15], [1, 2, 8, 4, 5, 6, 7, 3, 9, 10, 11, 12, 13, 14, 15], [1, 2, 3, 4, 5, 6, 7, 8, 9, 10, 11, 12, 13, 14, 15]], pos=[[2, 10, 11, 5, 6, 13, 12, 3, 4, 15, 14, 9, 8, 1, 7], [1, 10, 11, 5, 6, 13, 12, 3, 4, 15, 14, 9, 8, 2, 7], [1, 2, 11, 5, 6, 13, 12, 3, 4, 15, 14, 9, 8, 10, 7], [1, 2, 11, 5, 6, 13, 9, 3, 4, 15, 14, 12, 8, 10, 7], [1, 2, 11, 5, 6, 13, 4, 3, 9, 15, 14, 12, 8, 10, 7], [1, 2, 11, 5, 6, 13, 4, 3, 9, 7, 14, 12, 8, 10, 15], [1, 2, 11, 5, 6, 13, 7, 3, 9, 4, 14, 12, 8, 10, 15], [1, 2, 11, 5, 6, 13, 7, 3, 9, 10, 14, 12, 8, 4, 15], [1, 2, 11, 5, 6, 13, 7, 3, 9, 10, 4, 12, 8, 14, 15], [1, 2, 4, 5, 6, 13, 7, 3, 9, 10, 11, 12, 8, 14, 15], [1, 2, 5, 4, 6, 13, 7, 3, 9, 10, 11, 12, 8, 14, 15], [1, 2, 5, 4, 6, 8, 7, 3, 9, 10, 11, 12, 13, 14, 15], [1, 2, 5, 4, 8, 6, 7, 3, 9, 10, 11, 12, 13, 14, 15], [1, 2, 8, 4, 5, 6, 7, 3, 9, 10, 11, 12, 13, 14, 15], [1, 2, 3, 4, 5, 6, 7, 8, 9, 10, 11, 12, 13, 14, 15]], idx1=[1, 2, 9, 4, 7, 4, 4, 4, 4, 4, 8, 6, 5, 3], idx2=[2, 10, 12, 9, 15, 7, 10, 14, 11, 5, 13, 8, 8, 8], _checker='')