============================================================
BENCHMARK ID: 24 | DIMENSIONE: 15 | STRATEGIA: antifirstfail
============================================================

Input Vector: [12, 2, 5, 1, 10, 11, 6, 4, 15, 14, 7, 3, 9, 8, 13]

STATO: RISOLTO
K: 11
TEMPO: 22.1010s
----------------------------------------
PIANO:
Solution(v=[[12, 2, 5, 1, 10, 11, 6, 4, 15, 14, 7, 3, 9, 8, 13], [3, 2, 5, 1, 10, 11, 6, 4, 15, 14, 7, 12, 9, 8, 13], [3, 2, 5, 4, 10, 11, 6, 1, 15, 14, 7, 12, 9, 8, 13], [1, 2, 5, 4, 10, 11, 6, 3, 15, 14, 7, 12, 9, 8, 13], [1, 2, 10, 4, 5, 11, 6, 3, 15, 14, 7, 12, 9, 8, 13], [1, 2, 10, 4, 5, 11, 7, 3, 15, 14, 6, 12, 9, 8, 13], [1, 2, 10, 4, 5, 11, 7, 3, 15, 8, 6, 12, 9, 14, 13], [1, 2, 8, 4, 5, 11, 7, 3, 15, 10, 6, 12, 9, 14, 13], [1, 2, 3, 4, 5, 11, 7, 8, 15, 10, 6, 12, 9, 14, 13], [1, 2, 3, 4, 5, 6, 7, 8, 15, 10, 11, 12, 9, 14, 13], [1, 2, 3, 4, 5, 6, 7, 8, 15, 10, 11, 12, 13, 14, 9], [1, 2, 3, 4, 5, 6, 7, 8, 9, 10, 11, 12, 13, 14, 15]], pos=[[4, 2, 12, 8, 3, 7, 11, 14, 13, 5, 6, 1, 15, 10, 9], [4, 2, 1, 8, 3, 7, 11, 14, 13, 5, 6, 12, 15, 10, 9], [8, 2, 1, 4, 3, 7, 11, 14, 13, 5, 6, 12, 15, 10, 9], [1, 2, 8, 4, 3, 7, 11, 14, 13, 5, 6, 12, 15, 10, 9], [1, 2, 8, 4, 5, 7, 11, 14, 13, 3, 6, 12, 15, 10, 9], [1, 2, 8, 4, 5, 11, 7, 14, 13, 3, 6, 12, 15, 10, 9], [1, 2, 8, 4, 5, 11, 7, 10, 13, 3, 6, 12, 15, 14, 9], [1, 2, 8, 4, 5, 11, 7, 3, 13, 10, 6, 12, 15, 14, 9], [1, 2, 3, 4, 5, 11, 7, 8, 13, 10, 6, 12, 15, 14, 9], [1, 2, 3, 4, 5, 6, 7, 8, 13, 10, 11, 12, 15, 14, 9], [1, 2, 3, 4, 5, 6, 7, 8, 15, 10, 11, 12, 13, 14, 9], [1, 2, 3, 4, 5, 6, 7, 8, 9, 10, 11, 12, 13, 14, 15]], idx1=[1, 4, 1, 3, 7, 10, 3, 3, 6, 13, 9], idx2=[12, 8, 8, 5, 11, 14, 10, 8, 11, 15, 15], _checker='')