============================================================
BENCHMARK ID: 30 | DIMENSIONE: 15 | STRATEGIA: antifirstfail
============================================================

Input Vector: [10, 11, 15, 4, 12, 3, 13, 2, 6, 8, 5, 1, 7, 14, 9]

STATO: RISOLTO
K: 10
TEMPO: 15.6350s
----------------------------------------
PIANO:
Solution(v=[[10, 11, 15, 4, 12, 3, 13, 2, 6, 8, 5, 1, 7, 14, 9], [10, 11, 15, 4, 12, 6, 13, 2, 3, 8, 5, 1, 7, 14, 9], [10, 11, 15, 4, 12, 6, 13, 8, 3, 2, 5, 1, 7, 14, 9], [2, 11, 15, 4, 12, 6, 13, 8, 3, 10, 5, 1, 7, 14, 9], [1, 11, 15, 4, 12, 6, 13, 8, 3, 10, 5, 2, 7, 14, 9], [1, 2, 15, 4, 12, 6, 13, 8, 3, 10, 5, 11, 7, 14, 9], [1, 2, 15, 4, 12, 6, 13, 8, 3, 10, 11, 5, 7, 14, 9], [1, 2, 15, 4, 5, 6, 13, 8, 3, 10, 11, 12, 7, 14, 9], [1, 2, 15, 4, 5, 6, 7, 8, 3, 10, 11, 12, 13, 14, 9], [1, 2, 15, 4, 5, 6, 7, 8, 9, 10, 11, 12, 13, 14, 3], [1, 2, 3, 4, 5, 6, 7, 8, 9, 10, 11, 12, 13, 14, 15]], pos=[[12, 8, 6, 4, 11, 9, 13, 10, 15, 1, 2, 5, 7, 14, 3], [12, 8, 9, 4, 11, 6, 13, 10, 15, 1, 2, 5, 7, 14, 3], [12, 10, 9, 4, 11, 6, 13, 8, 15, 1, 2, 5, 7, 14, 3], [12, 1, 9, 4, 11, 6, 13, 8, 15, 10, 2, 5, 7, 14, 3], [1, 12, 9, 4, 11, 6, 13, 8, 15, 10, 2, 5, 7, 14, 3], [1, 2, 9, 4, 11, 6, 13, 8, 15, 10, 12, 5, 7, 14, 3], [1, 2, 9, 4, 12, 6, 13, 8, 15, 10, 11, 5, 7, 14, 3], [1, 2, 9, 4, 5, 6, 13, 8, 15, 10, 11, 12, 7, 14, 3], [1, 2, 9, 4, 5, 6, 7, 8, 15, 10, 11, 12, 13, 14, 3], [1, 2, 15, 4, 5, 6, 7, 8, 9, 10, 11, 12, 13, 14, 3], [1, 2, 3, 4, 5, 6, 7, 8, 9, 10, 11, 12, 13, 14, 15]], idx1=[6, 8, 1, 1, 2, 11, 5, 7, 9, 3], idx2=[9, 10, 10, 12, 12, 12, 12, 13, 15, 15], _checker='')