============================================================
BENCHMARK ID: 11 | DIMENSIONE: 10 | STRATEGIA: antifirstfail
============================================================

Input Vector: [10, 9, 5, 2, 4, 1, 7, 6, 8, 3]

STATO: RISOLTO
K: 8
TEMPO: 0.3600s
----------------------------------------
PIANO:
Solution(v=[[10, 9, 5, 2, 4, 1, 7, 6, 8, 3], [10, 9, 5, 4, 2, 1, 7, 6, 8, 3], [10, 9, 5, 4, 2, 1, 7, 8, 6, 3], [10, 6, 5, 4, 2, 1, 7, 8, 9, 3], [10, 6, 3, 4, 2, 1, 7, 8, 9, 5], [5, 6, 3, 4, 2, 1, 7, 8, 9, 10], [2, 6, 3, 4, 5, 1, 7, 8, 9, 10], [6, 2, 3, 4, 5, 1, 7, 8, 9, 10], [1, 2, 3, 4, 5, 6, 7, 8, 9, 10]], pos=[[6, 4, 10, 5, 3, 8, 7, 9, 2, 1], [6, 5, 10, 4, 3, 8, 7, 9, 2, 1], [6, 5, 10, 4, 3, 9, 7, 8, 2, 1], [6, 5, 10, 4, 3, 2, 7, 8, 9, 1], [6, 5, 3, 4, 10, 2, 7, 8, 9, 1], [6, 5, 3, 4, 1, 2, 7, 8, 9, 10], [6, 1, 3, 4, 5, 2, 7, 8, 9, 10], [6, 2, 3, 4, 5, 1, 7, 8, 9, 10], [1, 2, 3, 4, 5, 6, 7, 8, 9, 10]], idx1=[4, 8, 2, 3, 1, 1, 1, 1], idx2=[5, 9, 9, 10, 10, 5, 2, 6], _checker='')