============================================================
BENCHMARK ID: 21 | DIMENSIONE: 15 | STRATEGIA: antifirstfail
============================================================

Input Vector: [1, 6, 13, 4, 5, 15, 12, 14, 9, 11, 3, 7, 2, 10, 8]

STATO: RISOLTO
K: 9
TEMPO: 0.3800s
----------------------------------------
PIANO:
Solution(v=[[1, 6, 13, 4, 5, 15, 12, 14, 9, 11, 3, 7, 2, 10, 8], [1, 6, 13, 4, 5, 15, 12, 14, 9, 10, 3, 7, 2, 11, 8], [1, 6, 13, 4, 5, 15, 12, 14, 9, 10, 11, 7, 2, 3, 8], [1, 6, 13, 4, 5, 15, 12, 3, 9, 10, 11, 7, 2, 14, 8], [1, 6, 3, 4, 5, 15, 12, 13, 9, 10, 11, 7, 2, 14, 8], [1, 6, 3, 4, 5, 15, 7, 13, 9, 10, 11, 12, 2, 14, 8], [1, 6, 3, 4, 5, 15, 7, 8, 9, 10, 11, 12, 2, 14, 13], [1, 6, 3, 4, 5, 13, 7, 8, 9, 10, 11, 12, 2, 14, 15], [1, 6, 3, 4, 5, 2, 7, 8, 9, 10, 11, 12, 13, 14, 15], [1, 2, 3, 4, 5, 6, 7, 8, 9, 10, 11, 12, 13, 14, 15]], pos=[[1, 13, 11, 4, 5, 2, 12, 15, 9, 14, 10, 7, 3, 8, 6], [1, 13, 11, 4, 5, 2, 12, 15, 9, 10, 14, 7, 3, 8, 6], [1, 13, 14, 4, 5, 2, 12, 15, 9, 10, 11, 7, 3, 8, 6], [1, 13, 8, 4, 5, 2, 12, 15, 9, 10, 11, 7, 3, 14, 6], [1, 13, 3, 4, 5, 2, 12, 15, 9, 10, 11, 7, 8, 14, 6], [1, 13, 3, 4, 5, 2, 7, 15, 9, 10, 11, 12, 8, 14, 6], [1, 13, 3, 4, 5, 2, 7, 8, 9, 10, 11, 12, 15, 14, 6], [1, 13, 3, 4, 5, 2, 7, 8, 9, 10, 11, 12, 6, 14, 15], [1, 6, 3, 4, 5, 2, 7, 8, 9, 10, 11, 12, 13, 14, 15], [1, 2, 3, 4, 5, 6, 7, 8, 9, 10, 11, 12, 13, 14, 15]], idx1=[10, 11, 8, 3, 7, 8, 6, 6, 2], idx2=[14, 14, 14, 8, 12, 15, 15, 13, 6], _checker='')