============================================================
BENCHMARK ID: 60 | DIMENSIONE: 30 | STRATEGIA: domwdeg
============================================================

Input Vector: [6, 7, 13, 8, 17, 1, 18, 10, 25, 14, 26, 24, 3, 27, 19, 22, 29, 12, 9, 16, 30, 5, 20, 11, 4, 2, 23, 28, 15, 21]

STATO: RISOLTO
K: 24
TEMPO: 114.7990s
----------------------------------------
PIANO:
Solution(v=[[6, 7, 13, 8, 17, 1, 18, 10, 25, 14, 26, 24, 3, 27, 19, 22, 29, 12, 9, 16, 30, 5, 20, 11, 4, 2, 23, 28, 15, 21], [1, 7, 13, 8, 17, 6, 18, 10, 25, 14, 26, 24, 3, 27, 19, 22, 29, 12, 9, 16, 30, 5, 20, 11, 4, 2, 23, 28, 15, 21], [1, 7, 3, 8, 17, 6, 18, 10, 25, 14, 26, 24, 13, 27, 19, 22, 29, 12, 9, 16, 30, 5, 20, 11, 4, 2, 23, 28, 15, 21], [1, 7, 3, 8, 17, 6, 18, 10, 25, 27, 26, 24, 13, 14, 19, 22, 29, 12, 9, 16, 30, 5, 20, 11, 4, 2, 23, 28, 15, 21], [1, 7, 3, 8, 17, 6, 18, 27, 25, 10, 26, 24, 13, 14, 19, 22, 29, 12, 9, 16, 30, 5, 20, 11, 4, 2, 23, 28, 15, 21], [1, 7, 3, 8, 17, 6, 18, 27, 25, 10, 26, 24, 13, 14, 19, 22, 15, 12, 9, 16, 30, 5, 20, 11, 4, 2, 23, 28, 29, 21], [1, 7, 3, 8, 17, 6, 18, 27, 25, 10, 26, 24, 13, 14, 15, 22, 19, 12, 9, 16, 30, 5, 20, 11, 4, 2, 23, 28, 29, 21], [1, 7, 3, 8, 17, 6, 18, 27, 25, 10, 26, 24, 13, 14, 15, 5, 19, 12, 9, 16, 30, 22, 20, 11, 4, 2, 23, 28, 29, 21], [1, 7, 3, 8, 17, 6, 18, 27, 25, 10, 26, 24, 13, 14, 15, 16, 19, 12, 9, 5, 30, 22, 20, 11, 4, 2, 23, 28, 29, 21], [1, 7, 3, 8, 5, 6, 18, 27, 25, 10, 26, 24, 13, 14, 15, 16, 19, 12, 9, 17, 30, 22, 20, 11, 4, 2, 23, 28, 29, 21], [1, 7, 3, 8, 5, 6, 18, 27, 25, 10, 11, 24, 13, 14, 15, 16, 19, 12, 9, 17, 30, 22, 20, 26, 4, 2, 23, 28, 29, 21], [1, 7, 3, 8, 5, 6, 18, 27, 25, 10, 11, 24, 13, 14, 15, 16, 9, 12, 19, 17, 30, 22, 20, 26, 4, 2, 23, 28, 29, 21], [1, 7, 3, 8, 5, 6, 18, 27, 9, 10, 11, 24, 13, 14, 15, 16, 25, 12, 19, 17, 30, 22, 20, 26, 4, 2, 23, 28, 29, 21], [1, 7, 3, 8, 5, 6, 18, 27, 9, 10, 11, 24, 13, 14, 15, 16, 4, 12, 19, 17, 30, 22, 20, 26, 25, 2, 23, 28, 29, 21], [1, 7, 3, 4, 5, 6, 18, 27, 9, 10, 11, 24, 13, 14, 15, 16, 8, 12, 19, 17, 30, 22, 20, 26, 25, 2, 23, 28, 29, 21], [1, 7, 3, 4, 5, 6, 18, 27, 9, 10, 11, 24, 13, 14, 15, 16, 8, 12, 19, 17, 21, 22, 20, 26, 25, 2, 23, 28, 29, 30], [1, 7, 3, 4, 5, 6, 18, 27, 9, 10, 11, 24, 13, 14, 15, 16, 8, 12, 19, 17, 21, 22, 20, 2, 25, 26, 23, 28, 29, 30], [1, 7, 3, 4, 5, 6, 18, 27, 9, 10, 11, 2, 13, 14, 15, 16, 8, 12, 19, 17, 21, 22, 20, 24, 25, 26, 23, 28, 29, 30], [1, 2, 3, 4, 5, 6, 18, 27, 9, 10, 11, 7, 13, 14, 15, 16, 8, 12, 19, 17, 21, 22, 20, 24, 25, 26, 23, 28, 29, 30], [1, 2, 3, 4, 5, 6, 7, 27, 9, 10, 11, 18, 13, 14, 15, 16, 8, 12, 19, 17, 21, 22, 20, 24, 25, 26, 23, 28, 29, 30], [1, 2, 3, 4, 5, 6, 7, 27, 9, 10, 11, 12, 13, 14, 15, 16, 8, 18, 19, 17, 21, 22, 20, 24, 25, 26, 23, 28, 29, 30], [1, 2, 3, 4, 5, 6, 7, 27, 9, 10, 11, 12, 13, 14, 15, 16, 8, 18, 19, 17, 21, 22, 23, 24, 25, 26, 20, 28, 29, 30], [1, 2, 3, 4, 5, 6, 7, 20, 9, 10, 11, 12, 13, 14, 15, 16, 8, 18, 19, 17, 21, 22, 23, 24, 25, 26, 27, 28, 29, 30], [1, 2, 3, 4, 5, 6, 7, 20, 9, 10, 11, 12, 13, 14, 15, 16, 17, 18, 19, 8, 21, 22, 23, 24, 25, 26, 27, 28, 29, 30], [1, 2, 3, 4, 5, 6, 7, 8, 9, 10, 11, 12, 13, 14, 15, 16, 17, 18, 19, 20, 21, 22, 23, 24, 25, 26, 27, 28, 29, 30]], pos=[[6, 26, 13, 25, 22, 1, 2, 4, 19, 8, 24, 18, 3, 10, 29, 20, 5, 7, 15, 23, 30, 16, 27, 12, 9, 11, 14, 28, 17, 21], [1, 26, 13, 25, 22, 6, 2, 4, 19, 8, 24, 18, 3, 10, 29, 20, 5, 7, 15, 23, 30, 16, 27, 12, 9, 11, 14, 28, 17, 21], [1, 26, 3, 25, 22, 6, 2, 4, 19, 8, 24, 18, 13, 10, 29, 20, 5, 7, 15, 23, 30, 16, 27, 12, 9, 11, 14, 28, 17, 21], [1, 26, 3, 25, 22, 6, 2, 4, 19, 8, 24, 18, 13, 14, 29, 20, 5, 7, 15, 23, 30, 16, 27, 12, 9, 11, 10, 28, 17, 21], [1, 26, 3, 25, 22, 6, 2, 4, 19, 10, 24, 18, 13, 14, 29, 20, 5, 7, 15, 23, 30, 16, 27, 12, 9, 11, 8, 28, 17, 21], [1, 26, 3, 25, 22, 6, 2, 4, 19, 10, 24, 18, 13, 14, 17, 20, 5, 7, 15, 23, 30, 16, 27, 12, 9, 11, 8, 28, 29, 21], [1, 26, 3, 25, 22, 6, 2, 4, 19, 10, 24, 18, 13, 14, 15, 20, 5, 7, 17, 23, 30, 16, 27, 12, 9, 11, 8, 28, 29, 21], [1, 26, 3, 25, 16, 6, 2, 4, 19, 10, 24, 18, 13, 14, 15, 20, 5, 7, 17, 23, 30, 22, 27, 12, 9, 11, 8, 28, 29, 21], [1, 26, 3, 25, 20, 6, 2, 4, 19, 10, 24, 18, 13, 14, 15, 16, 5, 7, 17, 23, 30, 22, 27, 12, 9, 11, 8, 28, 29, 21], [1, 26, 3, 25, 5, 6, 2, 4, 19, 10, 24, 18, 13, 14, 15, 16, 20, 7, 17, 23, 30, 22, 27, 12, 9, 11, 8, 28, 29, 21], [1, 26, 3, 25, 5, 6, 2, 4, 19, 10, 11, 18, 13, 14, 15, 16, 20, 7, 17, 23, 30, 22, 27, 12, 9, 24, 8, 28, 29, 21], [1, 26, 3, 25, 5, 6, 2, 4, 17, 10, 11, 18, 13, 14, 15, 16, 20, 7, 19, 23, 30, 22, 27, 12, 9, 24, 8, 28, 29, 21], [1, 26, 3, 25, 5, 6, 2, 4, 9, 10, 11, 18, 13, 14, 15, 16, 20, 7, 19, 23, 30, 22, 27, 12, 17, 24, 8, 28, 29, 21], [1, 26, 3, 17, 5, 6, 2, 4, 9, 10, 11, 18, 13, 14, 15, 16, 20, 7, 19, 23, 30, 22, 27, 12, 25, 24, 8, 28, 29, 21], [1, 26, 3, 4, 5, 6, 2, 17, 9, 10, 11, 18, 13, 14, 15, 16, 20, 7, 19, 23, 30, 22, 27, 12, 25, 24, 8, 28, 29, 21], [1, 26, 3, 4, 5, 6, 2, 17, 9, 10, 11, 18, 13, 14, 15, 16, 20, 7, 19, 23, 21, 22, 27, 12, 25, 24, 8, 28, 29, 30], [1, 24, 3, 4, 5, 6, 2, 17, 9, 10, 11, 18, 13, 14, 15, 16, 20, 7, 19, 23, 21, 22, 27, 12, 25, 26, 8, 28, 29, 30], [1, 12, 3, 4, 5, 6, 2, 17, 9, 10, 11, 18, 13, 14, 15, 16, 20, 7, 19, 23, 21, 22, 27, 24, 25, 26, 8, 28, 29, 30], [1, 2, 3, 4, 5, 6, 12, 17, 9, 10, 11, 18, 13, 14, 15, 16, 20, 7, 19, 23, 21, 22, 27, 24, 25, 26, 8, 28, 29, 30], [1, 2, 3, 4, 5, 6, 7, 17, 9, 10, 11, 18, 13, 14, 15, 16, 20, 12, 19, 23, 21, 22, 27, 24, 25, 26, 8, 28, 29, 30], [1, 2, 3, 4, 5, 6, 7, 17, 9, 10, 11, 12, 13, 14, 15, 16, 20, 18, 19, 23, 21, 22, 27, 24, 25, 26, 8, 28, 29, 30], [1, 2, 3, 4, 5, 6, 7, 17, 9, 10, 11, 12, 13, 14, 15, 16, 20, 18, 19, 27, 21, 22, 23, 24, 25, 26, 8, 28, 29, 30], [1, 2, 3, 4, 5, 6, 7, 17, 9, 10, 11, 12, 13, 14, 15, 16, 20, 18, 19, 8, 21, 22, 23, 24, 25, 26, 27, 28, 29, 30], [1, 2, 3, 4, 5, 6, 7, 20, 9, 10, 11, 12, 13, 14, 15, 16, 17, 18, 19, 8, 21, 22, 23, 24, 25, 26, 27, 28, 29, 30], [1, 2, 3, 4, 5, 6, 7, 8, 9, 10, 11, 12, 13, 14, 15, 16, 17, 18, 19, 20, 21, 22, 23, 24, 25, 26, 27, 28, 29, 30]], idx1=[1, 3, 10, 8, 17, 15, 16, 16, 5, 11, 17, 9, 17, 4, 21, 24, 12, 2, 7, 12, 23, 8, 17, 8], idx2=[6, 13, 14, 10, 29, 17, 22, 20, 20, 24, 19, 17, 25, 17, 30, 26, 24, 12, 12, 18, 27, 27, 20, 20], _checker='')