============================================================
BENCHMARK ID: 33 | DIMENSIONE: 20 | STRATEGIA: domwdeg
============================================================

Input Vector: [19, 16, 17, 10, 6, 4, 5, 3, 14, 8, 13, 18, 20, 15, 9, 7, 1, 12, 2, 11]

STATO: RISOLTO
K: 16
TEMPO: 5.4000s
----------------------------------------
PIANO:
Solution(v=[[19, 16, 17, 10, 6, 4, 5, 3, 14, 8, 13, 18, 20, 15, 9, 7, 1, 12, 2, 11], [19, 2, 17, 10, 6, 4, 5, 3, 14, 8, 13, 18, 20, 15, 9, 7, 1, 12, 16, 11], [19, 2, 17, 10, 4, 6, 5, 3, 14, 8, 13, 18, 20, 15, 9, 7, 1, 12, 16, 11], [19, 2, 17, 10, 4, 6, 5, 3, 14, 8, 13, 18, 20, 15, 9, 16, 1, 12, 7, 11], [19, 2, 17, 10, 4, 6, 7, 3, 14, 8, 13, 18, 20, 15, 9, 16, 1, 12, 5, 11], [19, 2, 17, 10, 5, 6, 7, 3, 14, 8, 13, 18, 20, 15, 9, 16, 1, 12, 4, 11], [19, 2, 17, 10, 5, 6, 7, 8, 14, 3, 13, 18, 20, 15, 9, 16, 1, 12, 4, 11], [19, 2, 3, 10, 5, 6, 7, 8, 14, 17, 13, 18, 20, 15, 9, 16, 1, 12, 4, 11], [19, 2, 3, 4, 5, 6, 7, 8, 14, 17, 13, 18, 20, 15, 9, 16, 1, 12, 10, 11], [19, 2, 3, 4, 5, 6, 7, 8, 14, 17, 20, 18, 13, 15, 9, 16, 1, 12, 10, 11], [19, 2, 3, 4, 5, 6, 7, 8, 14, 17, 20, 18, 13, 9, 15, 16, 1, 12, 10, 11], [19, 2, 3, 4, 5, 6, 7, 8, 9, 17, 20, 18, 13, 14, 15, 16, 1, 12, 10, 11], [19, 2, 3, 4, 5, 6, 7, 8, 9, 1, 20, 18, 13, 14, 15, 16, 17, 12, 10, 11], [1, 2, 3, 4, 5, 6, 7, 8, 9, 19, 20, 18, 13, 14, 15, 16, 17, 12, 10, 11], [1, 2, 3, 4, 5, 6, 7, 8, 9, 10, 20, 18, 13, 14, 15, 16, 17, 12, 19, 11], [1, 2, 3, 4, 5, 6, 7, 8, 9, 10, 11, 18, 13, 14, 15, 16, 17, 12, 19, 20], [1, 2, 3, 4, 5, 6, 7, 8, 9, 10, 11, 12, 13, 14, 15, 16, 17, 18, 19, 20]], pos=[[17, 19, 8, 6, 7, 5, 16, 10, 15, 4, 20, 18, 11, 9, 14, 2, 3, 12, 1, 13], [17, 2, 8, 6, 7, 5, 16, 10, 15, 4, 20, 18, 11, 9, 14, 19, 3, 12, 1, 13], [17, 2, 8, 5, 7, 6, 16, 10, 15, 4, 20, 18, 11, 9, 14, 19, 3, 12, 1, 13], [17, 2, 8, 5, 7, 6, 19, 10, 15, 4, 20, 18, 11, 9, 14, 16, 3, 12, 1, 13], [17, 2, 8, 5, 19, 6, 7, 10, 15, 4, 20, 18, 11, 9, 14, 16, 3, 12, 1, 13], [17, 2, 8, 19, 5, 6, 7, 10, 15, 4, 20, 18, 11, 9, 14, 16, 3, 12, 1, 13], [17, 2, 10, 19, 5, 6, 7, 8, 15, 4, 20, 18, 11, 9, 14, 16, 3, 12, 1, 13], [17, 2, 3, 19, 5, 6, 7, 8, 15, 4, 20, 18, 11, 9, 14, 16, 10, 12, 1, 13], [17, 2, 3, 4, 5, 6, 7, 8, 15, 19, 20, 18, 11, 9, 14, 16, 10, 12, 1, 13], [17, 2, 3, 4, 5, 6, 7, 8, 15, 19, 20, 18, 13, 9, 14, 16, 10, 12, 1, 11], [17, 2, 3, 4, 5, 6, 7, 8, 14, 19, 20, 18, 13, 9, 15, 16, 10, 12, 1, 11], [17, 2, 3, 4, 5, 6, 7, 8, 9, 19, 20, 18, 13, 14, 15, 16, 10, 12, 1, 11], [10, 2, 3, 4, 5, 6, 7, 8, 9, 19, 20, 18, 13, 14, 15, 16, 17, 12, 1, 11], [1, 2, 3, 4, 5, 6, 7, 8, 9, 19, 20, 18, 13, 14, 15, 16, 17, 12, 10, 11], [1, 2, 3, 4, 5, 6, 7, 8, 9, 10, 20, 18, 13, 14, 15, 16, 17, 12, 19, 11], [1, 2, 3, 4, 5, 6, 7, 8, 9, 10, 11, 18, 13, 14, 15, 16, 17, 12, 19, 20], [1, 2, 3, 4, 5, 6, 7, 8, 9, 10, 11, 12, 13, 14, 15, 16, 17, 18, 19, 20]], idx1=[2, 5, 16, 7, 5, 8, 3, 4, 11, 14, 9, 10, 1, 10, 11, 12], idx2=[19, 6, 19, 19, 19, 10, 10, 19, 13, 15, 14, 17, 10, 19, 20, 18], _checker='')