============================================================
BENCHMARK ID: 49 | DIMENSIONE: 25 | STRATEGIA: domwdeg
============================================================

Input Vector: [20, 2, 11, 21, 17, 15, 13, 12, 23, 16, 22, 6, 25, 19, 24, 10, 18, 8, 14, 9, 1, 7, 5, 4, 3]

STATO: RISOLTO
K: 20
TEMPO: 1.9850s
----------------------------------------
PIANO:
Solution(v=[[20, 2, 11, 21, 17, 15, 13, 12, 23, 16, 22, 6, 25, 19, 24, 10, 18, 8, 14, 9, 1, 7, 5, 4, 3], [20, 2, 11, 21, 17, 15, 13, 12, 23, 10, 22, 6, 25, 19, 24, 16, 18, 8, 14, 9, 1, 7, 5, 4, 3], [20, 2, 11, 21, 17, 15, 13, 12, 23, 10, 22, 6, 3, 19, 24, 16, 18, 8, 14, 9, 1, 7, 5, 4, 25], [20, 2, 11, 21, 17, 15, 13, 12, 23, 10, 22, 6, 3, 14, 24, 16, 18, 8, 19, 9, 1, 7, 5, 4, 25], [20, 2, 11, 21, 17, 15, 13, 12, 23, 10, 22, 6, 3, 14, 4, 16, 18, 8, 19, 9, 1, 7, 5, 24, 25], [20, 2, 11, 4, 17, 15, 13, 12, 23, 10, 22, 6, 3, 14, 21, 16, 18, 8, 19, 9, 1, 7, 5, 24, 25], [20, 2, 11, 4, 17, 15, 3, 12, 23, 10, 22, 6, 13, 14, 21, 16, 18, 8, 19, 9, 1, 7, 5, 24, 25], [20, 2, 11, 4, 17, 15, 3, 12, 23, 10, 7, 6, 13, 14, 21, 16, 18, 8, 19, 9, 1, 22, 5, 24, 25], [20, 2, 11, 4, 17, 15, 3, 12, 23, 10, 7, 6, 13, 14, 1, 16, 18, 8, 19, 9, 21, 22, 5, 24, 25], [1, 2, 11, 4, 17, 15, 3, 12, 23, 10, 7, 6, 13, 14, 20, 16, 18, 8, 19, 9, 21, 22, 5, 24, 25], [1, 2, 11, 4, 17, 15, 3, 12, 23, 10, 7, 6, 13, 14, 9, 16, 18, 8, 19, 20, 21, 22, 5, 24, 25], [1, 2, 11, 4, 17, 15, 3, 12, 9, 10, 7, 6, 13, 14, 23, 16, 18, 8, 19, 20, 21, 22, 5, 24, 25], [1, 2, 11, 4, 17, 23, 3, 12, 9, 10, 7, 6, 13, 14, 15, 16, 18, 8, 19, 20, 21, 22, 5, 24, 25], [1, 2, 11, 4, 17, 5, 3, 12, 9, 10, 7, 6, 13, 14, 15, 16, 18, 8, 19, 20, 21, 22, 23, 24, 25], [1, 2, 11, 4, 17, 6, 3, 12, 9, 10, 7, 5, 13, 14, 15, 16, 18, 8, 19, 20, 21, 22, 23, 24, 25], [1, 2, 11, 4, 5, 6, 3, 12, 9, 10, 7, 17, 13, 14, 15, 16, 18, 8, 19, 20, 21, 22, 23, 24, 25], [1, 2, 11, 4, 5, 6, 7, 12, 9, 10, 3, 17, 13, 14, 15, 16, 18, 8, 19, 20, 21, 22, 23, 24, 25], [1, 2, 3, 4, 5, 6, 7, 12, 9, 10, 11, 17, 13, 14, 15, 16, 18, 8, 19, 20, 21, 22, 23, 24, 25], [1, 2, 3, 4, 5, 6, 7, 17, 9, 10, 11, 12, 13, 14, 15, 16, 18, 8, 19, 20, 21, 22, 23, 24, 25], [1, 2, 3, 4, 5, 6, 7, 17, 9, 10, 11, 12, 13, 14, 15, 16, 8, 18, 19, 20, 21, 22, 23, 24, 25], [1, 2, 3, 4, 5, 6, 7, 8, 9, 10, 11, 12, 13, 14, 15, 16, 17, 18, 19, 20, 21, 22, 23, 24, 25]], pos=[[21, 2, 25, 24, 23, 12, 22, 18, 20, 16, 3, 8, 7, 19, 6, 10, 5, 17, 14, 1, 4, 11, 9, 15, 13], [21, 2, 25, 24, 23, 12, 22, 18, 20, 10, 3, 8, 7, 19, 6, 16, 5, 17, 14, 1, 4, 11, 9, 15, 13], [21, 2, 13, 24, 23, 12, 22, 18, 20, 10, 3, 8, 7, 19, 6, 16, 5, 17, 14, 1, 4, 11, 9, 15, 25], [21, 2, 13, 24, 23, 12, 22, 18, 20, 10, 3, 8, 7, 14, 6, 16, 5, 17, 19, 1, 4, 11, 9, 15, 25], [21, 2, 13, 15, 23, 12, 22, 18, 20, 10, 3, 8, 7, 14, 6, 16, 5, 17, 19, 1, 4, 11, 9, 24, 25], [21, 2, 13, 4, 23, 12, 22, 18, 20, 10, 3, 8, 7, 14, 6, 16, 5, 17, 19, 1, 15, 11, 9, 24, 25], [21, 2, 7, 4, 23, 12, 22, 18, 20, 10, 3, 8, 13, 14, 6, 16, 5, 17, 19, 1, 15, 11, 9, 24, 25], [21, 2, 7, 4, 23, 12, 11, 18, 20, 10, 3, 8, 13, 14, 6, 16, 5, 17, 19, 1, 15, 22, 9, 24, 25], [15, 2, 7, 4, 23, 12, 11, 18, 20, 10, 3, 8, 13, 14, 6, 16, 5, 17, 19, 1, 21, 22, 9, 24, 25], [1, 2, 7, 4, 23, 12, 11, 18, 20, 10, 3, 8, 13, 14, 6, 16, 5, 17, 19, 15, 21, 22, 9, 24, 25], [1, 2, 7, 4, 23, 12, 11, 18, 15, 10, 3, 8, 13, 14, 6, 16, 5, 17, 19, 20, 21, 22, 9, 24, 25], [1, 2, 7, 4, 23, 12, 11, 18, 9, 10, 3, 8, 13, 14, 6, 16, 5, 17, 19, 20, 21, 22, 15, 24, 25], [1, 2, 7, 4, 23, 12, 11, 18, 9, 10, 3, 8, 13, 14, 15, 16, 5, 17, 19, 20, 21, 22, 6, 24, 25], [1, 2, 7, 4, 6, 12, 11, 18, 9, 10, 3, 8, 13, 14, 15, 16, 5, 17, 19, 20, 21, 22, 23, 24, 25], [1, 2, 7, 4, 12, 6, 11, 18, 9, 10, 3, 8, 13, 14, 15, 16, 5, 17, 19, 20, 21, 22, 23, 24, 25], [1, 2, 7, 4, 5, 6, 11, 18, 9, 10, 3, 8, 13, 14, 15, 16, 12, 17, 19, 20, 21, 22, 23, 24, 25], [1, 2, 11, 4, 5, 6, 7, 18, 9, 10, 3, 8, 13, 14, 15, 16, 12, 17, 19, 20, 21, 22, 23, 24, 25], [1, 2, 3, 4, 5, 6, 7, 18, 9, 10, 11, 8, 13, 14, 15, 16, 12, 17, 19, 20, 21, 22, 23, 24, 25], [1, 2, 3, 4, 5, 6, 7, 18, 9, 10, 11, 12, 13, 14, 15, 16, 8, 17, 19, 20, 21, 22, 23, 24, 25], [1, 2, 3, 4, 5, 6, 7, 17, 9, 10, 11, 12, 13, 14, 15, 16, 8, 18, 19, 20, 21, 22, 23, 24, 25], [1, 2, 3, 4, 5, 6, 7, 8, 9, 10, 11, 12, 13, 14, 15, 16, 17, 18, 19, 20, 21, 22, 23, 24, 25]], idx1=[10, 13, 14, 15, 4, 7, 11, 15, 1, 15, 9, 6, 6, 6, 5, 7, 3, 8, 17, 8], idx2=[16, 25, 19, 24, 15, 13, 22, 21, 15, 20, 15, 15, 23, 12, 12, 11, 11, 12, 18, 17], _checker='')