============================================================
BENCHMARK ID: 43 | DIMENSIONE: 25 | STRATEGIA: domwdeg
============================================================

Input Vector: [18, 8, 4, 17, 9, 10, 12, 22, 16, 3, 6, 15, 7, 21, 19, 24, 25, 20, 1, 5, 13, 23, 11, 2, 14]

STATO: RISOLTO
K: 24
TEMPO: 22.1360s
----------------------------------------
PIANO:
Solution(v=[[18, 8, 4, 17, 9, 10, 12, 22, 16, 3, 6, 15, 7, 21, 19, 24, 25, 20, 1, 5, 13, 23, 11, 2, 14], [18, 8, 4, 17, 9, 10, 12, 22, 16, 3, 6, 15, 7, 21, 1, 24, 25, 20, 19, 5, 13, 23, 11, 2, 14], [1, 8, 4, 17, 9, 10, 12, 22, 16, 3, 6, 15, 7, 21, 18, 24, 25, 20, 19, 5, 13, 23, 11, 2, 14], [1, 8, 4, 17, 9, 10, 12, 23, 16, 3, 6, 15, 7, 21, 18, 24, 25, 20, 19, 5, 13, 22, 11, 2, 14], [1, 23, 4, 17, 9, 10, 12, 8, 16, 3, 6, 15, 7, 21, 18, 24, 25, 20, 19, 5, 13, 22, 11, 2, 14], [1, 23, 17, 4, 9, 10, 12, 8, 16, 3, 6, 15, 7, 21, 18, 24, 25, 20, 19, 5, 13, 22, 11, 2, 14], [1, 23, 17, 4, 9, 6, 12, 8, 16, 3, 10, 15, 7, 21, 18, 24, 25, 20, 19, 5, 13, 22, 11, 2, 14], [1, 23, 17, 4, 9, 6, 12, 8, 16, 3, 10, 15, 7, 13, 18, 24, 25, 20, 19, 5, 21, 22, 11, 2, 14], [1, 23, 17, 4, 9, 6, 12, 8, 16, 3, 10, 15, 7, 13, 18, 2, 25, 20, 19, 5, 21, 22, 11, 24, 14], [1, 23, 17, 4, 9, 6, 12, 8, 16, 3, 10, 15, 7, 13, 18, 2, 25, 5, 19, 20, 21, 22, 11, 24, 14], [1, 23, 17, 4, 5, 6, 12, 8, 16, 3, 10, 15, 7, 13, 18, 2, 25, 9, 19, 20, 21, 22, 11, 24, 14], [1, 23, 17, 4, 5, 6, 7, 8, 16, 3, 10, 15, 12, 13, 18, 2, 25, 9, 19, 20, 21, 22, 11, 24, 14], [1, 23, 17, 4, 5, 6, 7, 8, 16, 3, 11, 15, 12, 13, 18, 2, 25, 9, 19, 20, 21, 22, 10, 24, 14], [1, 23, 17, 4, 5, 6, 7, 8, 16, 3, 11, 15, 12, 13, 9, 2, 25, 18, 19, 20, 21, 22, 10, 24, 14], [1, 23, 17, 4, 5, 6, 7, 8, 16, 3, 11, 9, 12, 13, 15, 2, 25, 18, 19, 20, 21, 22, 10, 24, 14], [1, 23, 17, 4, 5, 6, 7, 8, 16, 3, 11, 12, 9, 13, 15, 2, 25, 18, 19, 20, 21, 22, 10, 24, 14], [1, 23, 17, 4, 5, 6, 7, 8, 16, 3, 11, 12, 9, 13, 15, 2, 14, 18, 19, 20, 21, 22, 10, 24, 25], [1, 23, 17, 4, 5, 6, 7, 8, 16, 3, 11, 12, 9, 14, 15, 2, 13, 18, 19, 20, 21, 22, 10, 24, 25], [1, 23, 17, 4, 5, 6, 7, 8, 16, 3, 11, 12, 13, 14, 15, 2, 9, 18, 19, 20, 21, 22, 10, 24, 25], [1, 23, 9, 4, 5, 6, 7, 8, 16, 3, 11, 12, 13, 14, 15, 2, 17, 18, 19, 20, 21, 22, 10, 24, 25], [1, 23, 16, 4, 5, 6, 7, 8, 9, 3, 11, 12, 13, 14, 15, 2, 17, 18, 19, 20, 21, 22, 10, 24, 25], [1, 23, 2, 4, 5, 6, 7, 8, 9, 3, 11, 12, 13, 14, 15, 16, 17, 18, 19, 20, 21, 22, 10, 24, 25], [1, 2, 23, 4, 5, 6, 7, 8, 9, 3, 11, 12, 13, 14, 15, 16, 17, 18, 19, 20, 21, 22, 10, 24, 25], [1, 2, 23, 4, 5, 6, 7, 8, 9, 10, 11, 12, 13, 14, 15, 16, 17, 18, 19, 20, 21, 22, 3, 24, 25], [1, 2, 3, 4, 5, 6, 7, 8, 9, 10, 11, 12, 13, 14, 15, 16, 17, 18, 19, 20, 21, 22, 23, 24, 25]], pos=[[19, 24, 10, 3, 20, 11, 13, 2, 5, 6, 23, 7, 21, 25, 12, 9, 4, 1, 15, 18, 14, 8, 22, 16, 17], [15, 24, 10, 3, 20, 11, 13, 2, 5, 6, 23, 7, 21, 25, 12, 9, 4, 1, 19, 18, 14, 8, 22, 16, 17], [1, 24, 10, 3, 20, 11, 13, 2, 5, 6, 23, 7, 21, 25, 12, 9, 4, 15, 19, 18, 14, 8, 22, 16, 17], [1, 24, 10, 3, 20, 11, 13, 2, 5, 6, 23, 7, 21, 25, 12, 9, 4, 15, 19, 18, 14, 22, 8, 16, 17], [1, 24, 10, 3, 20, 11, 13, 8, 5, 6, 23, 7, 21, 25, 12, 9, 4, 15, 19, 18, 14, 22, 2, 16, 17], [1, 24, 10, 4, 20, 11, 13, 8, 5, 6, 23, 7, 21, 25, 12, 9, 3, 15, 19, 18, 14, 22, 2, 16, 17], [1, 24, 10, 4, 20, 6, 13, 8, 5, 11, 23, 7, 21, 25, 12, 9, 3, 15, 19, 18, 14, 22, 2, 16, 17], [1, 24, 10, 4, 20, 6, 13, 8, 5, 11, 23, 7, 14, 25, 12, 9, 3, 15, 19, 18, 21, 22, 2, 16, 17], [1, 16, 10, 4, 20, 6, 13, 8, 5, 11, 23, 7, 14, 25, 12, 9, 3, 15, 19, 18, 21, 22, 2, 24, 17], [1, 16, 10, 4, 18, 6, 13, 8, 5, 11, 23, 7, 14, 25, 12, 9, 3, 15, 19, 20, 21, 22, 2, 24, 17], [1, 16, 10, 4, 5, 6, 13, 8, 18, 11, 23, 7, 14, 25, 12, 9, 3, 15, 19, 20, 21, 22, 2, 24, 17], [1, 16, 10, 4, 5, 6, 7, 8, 18, 11, 23, 13, 14, 25, 12, 9, 3, 15, 19, 20, 21, 22, 2, 24, 17], [1, 16, 10, 4, 5, 6, 7, 8, 18, 23, 11, 13, 14, 25, 12, 9, 3, 15, 19, 20, 21, 22, 2, 24, 17], [1, 16, 10, 4, 5, 6, 7, 8, 15, 23, 11, 13, 14, 25, 12, 9, 3, 18, 19, 20, 21, 22, 2, 24, 17], [1, 16, 10, 4, 5, 6, 7, 8, 12, 23, 11, 13, 14, 25, 15, 9, 3, 18, 19, 20, 21, 22, 2, 24, 17], [1, 16, 10, 4, 5, 6, 7, 8, 13, 23, 11, 12, 14, 25, 15, 9, 3, 18, 19, 20, 21, 22, 2, 24, 17], [1, 16, 10, 4, 5, 6, 7, 8, 13, 23, 11, 12, 14, 17, 15, 9, 3, 18, 19, 20, 21, 22, 2, 24, 25], [1, 16, 10, 4, 5, 6, 7, 8, 13, 23, 11, 12, 17, 14, 15, 9, 3, 18, 19, 20, 21, 22, 2, 24, 25], [1, 16, 10, 4, 5, 6, 7, 8, 17, 23, 11, 12, 13, 14, 15, 9, 3, 18, 19, 20, 21, 22, 2, 24, 25], [1, 16, 10, 4, 5, 6, 7, 8, 3, 23, 11, 12, 13, 14, 15, 9, 17, 18, 19, 20, 21, 22, 2, 24, 25], [1, 16, 10, 4, 5, 6, 7, 8, 9, 23, 11, 12, 13, 14, 15, 3, 17, 18, 19, 20, 21, 22, 2, 24, 25], [1, 3, 10, 4, 5, 6, 7, 8, 9, 23, 11, 12, 13, 14, 15, 16, 17, 18, 19, 20, 21, 22, 2, 24, 25], [1, 2, 10, 4, 5, 6, 7, 8, 9, 23, 11, 12, 13, 14, 15, 16, 17, 18, 19, 20, 21, 22, 3, 24, 25], [1, 2, 23, 4, 5, 6, 7, 8, 9, 10, 11, 12, 13, 14, 15, 16, 17, 18, 19, 20, 21, 22, 3, 24, 25], [1, 2, 3, 4, 5, 6, 7, 8, 9, 10, 11, 12, 13, 14, 15, 16, 17, 18, 19, 20, 21, 22, 23, 24, 25]], idx1=[15, 1, 8, 2, 3, 6, 14, 16, 18, 5, 7, 11, 15, 12, 12, 17, 14, 13, 3, 3, 3, 2, 10, 3], idx2=[19, 15, 22, 8, 4, 11, 21, 24, 20, 18, 13, 23, 18, 15, 13, 25, 17, 17, 17, 9, 16, 3, 23, 23], _checker='')