============================================================
BENCHMARK ID: 37 | DIMENSIONE: 20 | STRATEGIA: domwdeg
============================================================

Input Vector: [18, 12, 10, 4, 16, 13, 8, 6, 15, 20, 11, 19, 3, 1, 17, 9, 14, 7, 5, 2]

STATO: RISOLTO
K: 17
TEMPO: 0.6770s
----------------------------------------
PIANO:
Solution(v=[[18, 12, 10, 4, 16, 13, 8, 6, 15, 20, 11, 19, 3, 1, 17, 9, 14, 7, 5, 2], [18, 12, 10, 4, 9, 13, 8, 6, 15, 20, 11, 19, 3, 1, 17, 16, 14, 7, 5, 2], [18, 12, 10, 4, 9, 13, 8, 6, 15, 20, 11, 5, 3, 1, 17, 16, 14, 7, 19, 2], [18, 12, 10, 4, 9, 13, 8, 6, 15, 20, 11, 5, 3, 14, 17, 16, 1, 7, 19, 2], [18, 12, 10, 4, 9, 13, 8, 6, 15, 20, 11, 5, 3, 14, 1, 16, 17, 7, 19, 2], [1, 12, 10, 4, 9, 13, 8, 6, 15, 20, 11, 5, 3, 14, 18, 16, 17, 7, 19, 2], [1, 12, 3, 4, 9, 13, 8, 6, 15, 20, 11, 5, 10, 14, 18, 16, 17, 7, 19, 2], [1, 12, 3, 4, 9, 13, 8, 6, 15, 20, 11, 5, 10, 14, 7, 16, 17, 18, 19, 2], [1, 12, 3, 4, 9, 13, 8, 6, 7, 20, 11, 5, 10, 14, 15, 16, 17, 18, 19, 2], [1, 12, 3, 4, 7, 13, 8, 6, 9, 20, 11, 5, 10, 14, 15, 16, 17, 18, 19, 2], [1, 12, 3, 4, 8, 13, 7, 6, 9, 20, 11, 5, 10, 14, 15, 16, 17, 18, 19, 2], [1, 12, 3, 4, 6, 13, 7, 8, 9, 20, 11, 5, 10, 14, 15, 16, 17, 18, 19, 2], [1, 12, 3, 4, 5, 13, 7, 8, 9, 20, 11, 6, 10, 14, 15, 16, 17, 18, 19, 2], [1, 12, 3, 4, 5, 6, 7, 8, 9, 20, 11, 13, 10, 14, 15, 16, 17, 18, 19, 2], [1, 12, 3, 4, 5, 6, 7, 8, 9, 2, 11, 13, 10, 14, 15, 16, 17, 18, 19, 20], [1, 12, 3, 4, 5, 6, 7, 8, 9, 10, 11, 13, 2, 14, 15, 16, 17, 18, 19, 20], [1, 2, 3, 4, 5, 6, 7, 8, 9, 10, 11, 13, 12, 14, 15, 16, 17, 18, 19, 20], [1, 2, 3, 4, 5, 6, 7, 8, 9, 10, 11, 12, 13, 14, 15, 16, 17, 18, 19, 20]], pos=[[14, 20, 13, 4, 19, 8, 18, 7, 16, 3, 11, 2, 6, 17, 9, 5, 15, 1, 12, 10], [14, 20, 13, 4, 19, 8, 18, 7, 5, 3, 11, 2, 6, 17, 9, 16, 15, 1, 12, 10], [14, 20, 13, 4, 12, 8, 18, 7, 5, 3, 11, 2, 6, 17, 9, 16, 15, 1, 19, 10], [17, 20, 13, 4, 12, 8, 18, 7, 5, 3, 11, 2, 6, 14, 9, 16, 15, 1, 19, 10], [15, 20, 13, 4, 12, 8, 18, 7, 5, 3, 11, 2, 6, 14, 9, 16, 17, 1, 19, 10], [1, 20, 13, 4, 12, 8, 18, 7, 5, 3, 11, 2, 6, 14, 9, 16, 17, 15, 19, 10], [1, 20, 3, 4, 12, 8, 18, 7, 5, 13, 11, 2, 6, 14, 9, 16, 17, 15, 19, 10], [1, 20, 3, 4, 12, 8, 15, 7, 5, 13, 11, 2, 6, 14, 9, 16, 17, 18, 19, 10], [1, 20, 3, 4, 12, 8, 9, 7, 5, 13, 11, 2, 6, 14, 15, 16, 17, 18, 19, 10], [1, 20, 3, 4, 12, 8, 5, 7, 9, 13, 11, 2, 6, 14, 15, 16, 17, 18, 19, 10], [1, 20, 3, 4, 12, 8, 7, 5, 9, 13, 11, 2, 6, 14, 15, 16, 17, 18, 19, 10], [1, 20, 3, 4, 12, 5, 7, 8, 9, 13, 11, 2, 6, 14, 15, 16, 17, 18, 19, 10], [1, 20, 3, 4, 5, 12, 7, 8, 9, 13, 11, 2, 6, 14, 15, 16, 17, 18, 19, 10], [1, 20, 3, 4, 5, 6, 7, 8, 9, 13, 11, 2, 12, 14, 15, 16, 17, 18, 19, 10], [1, 10, 3, 4, 5, 6, 7, 8, 9, 13, 11, 2, 12, 14, 15, 16, 17, 18, 19, 20], [1, 13, 3, 4, 5, 6, 7, 8, 9, 10, 11, 2, 12, 14, 15, 16, 17, 18, 19, 20], [1, 2, 3, 4, 5, 6, 7, 8, 9, 10, 11, 13, 12, 14, 15, 16, 17, 18, 19, 20], [1, 2, 3, 4, 5, 6, 7, 8, 9, 10, 11, 12, 13, 14, 15, 16, 17, 18, 19, 20]], idx1=[5, 12, 14, 15, 1, 3, 15, 9, 5, 5, 5, 5, 6, 10, 10, 2, 12], idx2=[16, 19, 17, 17, 15, 13, 18, 15, 9, 7, 8, 12, 12, 20, 13, 13, 13], _checker='')