============================================================
BENCHMARK ID: 54 | DIMENSIONE: 30 | STRATEGIA: domwdeg
============================================================

Input Vector: [17, 14, 9, 2, 24, 20, 4, 27, 16, 1, 10, 6, 13, 8, 28, 15, 19, 29, 18, 23, 5, 7, 30, 12, 22, 21, 3, 25, 26, 11]

STATO: RISOLTO
K: 27
TEMPO: 17.6860s
----------------------------------------
PIANO:
Solution(v=[[17, 14, 9, 2, 24, 20, 4, 27, 16, 1, 10, 6, 13, 8, 28, 15, 19, 29, 18, 23, 5, 7, 30, 12, 22, 21, 3, 25, 26, 11], [17, 14, 9, 2, 24, 20, 4, 27, 15, 1, 10, 6, 13, 8, 28, 16, 19, 29, 18, 23, 5, 7, 30, 12, 22, 21, 3, 25, 26, 11], [17, 14, 9, 2, 24, 20, 4, 27, 15, 1, 10, 6, 13, 8, 28, 16, 19, 29, 18, 23, 5, 7, 30, 12, 22, 26, 3, 25, 21, 11], [17, 14, 9, 2, 24, 20, 4, 27, 15, 1, 10, 6, 13, 8, 28, 16, 19, 29, 18, 23, 21, 7, 30, 12, 22, 26, 3, 25, 5, 11], [17, 14, 9, 2, 24, 20, 4, 27, 15, 1, 10, 6, 13, 8, 28, 16, 19, 29, 18, 23, 21, 7, 30, 12, 25, 26, 3, 22, 5, 11], [17, 14, 9, 2, 24, 20, 4, 27, 15, 1, 10, 6, 13, 8, 28, 16, 19, 29, 18, 23, 21, 22, 30, 12, 25, 26, 3, 7, 5, 11], [17, 14, 9, 2, 24, 20, 7, 27, 15, 1, 10, 6, 13, 8, 28, 16, 19, 29, 18, 23, 21, 22, 30, 12, 25, 26, 3, 4, 5, 11], [17, 14, 9, 2, 24, 20, 7, 3, 15, 1, 10, 6, 13, 8, 28, 16, 19, 29, 18, 23, 21, 22, 30, 12, 25, 26, 27, 4, 5, 11], [17, 14, 9, 2, 24, 20, 7, 3, 15, 1, 10, 6, 13, 8, 28, 16, 19, 29, 18, 23, 21, 22, 11, 12, 25, 26, 27, 4, 5, 30], [17, 14, 9, 2, 24, 20, 7, 3, 15, 1, 10, 6, 13, 8, 28, 16, 19, 29, 18, 11, 21, 22, 23, 12, 25, 26, 27, 4, 5, 30], [17, 14, 9, 2, 24, 11, 7, 3, 15, 1, 10, 6, 13, 8, 28, 16, 19, 29, 18, 20, 21, 22, 23, 12, 25, 26, 27, 4, 5, 30], [17, 14, 9, 2, 24, 6, 7, 3, 15, 1, 10, 11, 13, 8, 28, 16, 19, 29, 18, 20, 21, 22, 23, 12, 25, 26, 27, 4, 5, 30], [17, 14, 9, 2, 24, 6, 7, 3, 15, 10, 1, 11, 13, 8, 28, 16, 19, 29, 18, 20, 21, 22, 23, 12, 25, 26, 27, 4, 5, 30], [17, 14, 9, 2, 24, 6, 7, 3, 15, 10, 1, 12, 13, 8, 28, 16, 19, 29, 18, 20, 21, 22, 23, 11, 25, 26, 27, 4, 5, 30], [17, 14, 9, 2, 24, 6, 7, 3, 15, 10, 11, 12, 13, 8, 28, 16, 19, 29, 18, 20, 21, 22, 23, 1, 25, 26, 27, 4, 5, 30], [17, 14, 9, 2, 1, 6, 7, 3, 15, 10, 11, 12, 13, 8, 28, 16, 19, 29, 18, 20, 21, 22, 23, 24, 25, 26, 27, 4, 5, 30], [1, 14, 9, 2, 17, 6, 7, 3, 15, 10, 11, 12, 13, 8, 28, 16, 19, 29, 18, 20, 21, 22, 23, 24, 25, 26, 27, 4, 5, 30], [1, 14, 9, 2, 17, 6, 7, 8, 15, 10, 11, 12, 13, 3, 28, 16, 19, 29, 18, 20, 21, 22, 23, 24, 25, 26, 27, 4, 5, 30], [1, 14, 9, 2, 17, 6, 7, 8, 15, 10, 11, 12, 13, 3, 28, 16, 19, 18, 29, 20, 21, 22, 23, 24, 25, 26, 27, 4, 5, 30], [1, 14, 9, 2, 17, 6, 7, 8, 15, 10, 11, 12, 13, 3, 28, 16, 19, 18, 5, 20, 21, 22, 23, 24, 25, 26, 27, 4, 29, 30], [1, 14, 9, 2, 5, 6, 7, 8, 15, 10, 11, 12, 13, 3, 28, 16, 19, 18, 17, 20, 21, 22, 23, 24, 25, 26, 27, 4, 29, 30], [1, 14, 9, 2, 5, 6, 7, 8, 28, 10, 11, 12, 13, 3, 15, 16, 19, 18, 17, 20, 21, 22, 23, 24, 25, 26, 27, 4, 29, 30], [1, 14, 28, 2, 5, 6, 7, 8, 9, 10, 11, 12, 13, 3, 15, 16, 19, 18, 17, 20, 21, 22, 23, 24, 25, 26, 27, 4, 29, 30], [1, 14, 3, 2, 5, 6, 7, 8, 9, 10, 11, 12, 13, 28, 15, 16, 19, 18, 17, 20, 21, 22, 23, 24, 25, 26, 27, 4, 29, 30], [1, 14, 3, 2, 5, 6, 7, 8, 9, 10, 11, 12, 13, 4, 15, 16, 19, 18, 17, 20, 21, 22, 23, 24, 25, 26, 27, 28, 29, 30], [1, 4, 3, 2, 5, 6, 7, 8, 9, 10, 11, 12, 13, 14, 15, 16, 19, 18, 17, 20, 21, 22, 23, 24, 25, 26, 27, 28, 29, 30], [1, 2, 3, 4, 5, 6, 7, 8, 9, 10, 11, 12, 13, 14, 15, 16, 19, 18, 17, 20, 21, 22, 23, 24, 25, 26, 27, 28, 29, 30], [1, 2, 3, 4, 5, 6, 7, 8, 9, 10, 11, 12, 13, 14, 15, 16, 17, 18, 19, 20, 21, 22, 23, 24, 25, 26, 27, 28, 29, 30]], pos=[[10, 4, 27, 7, 21, 12, 22, 14, 3, 11, 30, 24, 13, 2, 16, 9, 1, 19, 17, 6, 26, 25, 20, 5, 28, 29, 8, 15, 18, 23], [10, 4, 27, 7, 21, 12, 22, 14, 3, 11, 30, 24, 13, 2, 9, 16, 1, 19, 17, 6, 26, 25, 20, 5, 28, 29, 8, 15, 18, 23], [10, 4, 27, 7, 21, 12, 22, 14, 3, 11, 30, 24, 13, 2, 9, 16, 1, 19, 17, 6, 29, 25, 20, 5, 28, 26, 8, 15, 18, 23], [10, 4, 27, 7, 29, 12, 22, 14, 3, 11, 30, 24, 13, 2, 9, 16, 1, 19, 17, 6, 21, 25, 20, 5, 28, 26, 8, 15, 18, 23], [10, 4, 27, 7, 29, 12, 22, 14, 3, 11, 30, 24, 13, 2, 9, 16, 1, 19, 17, 6, 21, 28, 20, 5, 25, 26, 8, 15, 18, 23], [10, 4, 27, 7, 29, 12, 28, 14, 3, 11, 30, 24, 13, 2, 9, 16, 1, 19, 17, 6, 21, 22, 20, 5, 25, 26, 8, 15, 18, 23], [10, 4, 27, 28, 29, 12, 7, 14, 3, 11, 30, 24, 13, 2, 9, 16, 1, 19, 17, 6, 21, 22, 20, 5, 25, 26, 8, 15, 18, 23], [10, 4, 8, 28, 29, 12, 7, 14, 3, 11, 30, 24, 13, 2, 9, 16, 1, 19, 17, 6, 21, 22, 20, 5, 25, 26, 27, 15, 18, 23], [10, 4, 8, 28, 29, 12, 7, 14, 3, 11, 23, 24, 13, 2, 9, 16, 1, 19, 17, 6, 21, 22, 20, 5, 25, 26, 27, 15, 18, 30], [10, 4, 8, 28, 29, 12, 7, 14, 3, 11, 20, 24, 13, 2, 9, 16, 1, 19, 17, 6, 21, 22, 23, 5, 25, 26, 27, 15, 18, 30], [10, 4, 8, 28, 29, 12, 7, 14, 3, 11, 6, 24, 13, 2, 9, 16, 1, 19, 17, 20, 21, 22, 23, 5, 25, 26, 27, 15, 18, 30], [10, 4, 8, 28, 29, 6, 7, 14, 3, 11, 12, 24, 13, 2, 9, 16, 1, 19, 17, 20, 21, 22, 23, 5, 25, 26, 27, 15, 18, 30], [11, 4, 8, 28, 29, 6, 7, 14, 3, 10, 12, 24, 13, 2, 9, 16, 1, 19, 17, 20, 21, 22, 23, 5, 25, 26, 27, 15, 18, 30], [11, 4, 8, 28, 29, 6, 7, 14, 3, 10, 24, 12, 13, 2, 9, 16, 1, 19, 17, 20, 21, 22, 23, 5, 25, 26, 27, 15, 18, 30], [24, 4, 8, 28, 29, 6, 7, 14, 3, 10, 11, 12, 13, 2, 9, 16, 1, 19, 17, 20, 21, 22, 23, 5, 25, 26, 27, 15, 18, 30], [5, 4, 8, 28, 29, 6, 7, 14, 3, 10, 11, 12, 13, 2, 9, 16, 1, 19, 17, 20, 21, 22, 23, 24, 25, 26, 27, 15, 18, 30], [1, 4, 8, 28, 29, 6, 7, 14, 3, 10, 11, 12, 13, 2, 9, 16, 5, 19, 17, 20, 21, 22, 23, 24, 25, 26, 27, 15, 18, 30], [1, 4, 14, 28, 29, 6, 7, 8, 3, 10, 11, 12, 13, 2, 9, 16, 5, 19, 17, 20, 21, 22, 23, 24, 25, 26, 27, 15, 18, 30], [1, 4, 14, 28, 29, 6, 7, 8, 3, 10, 11, 12, 13, 2, 9, 16, 5, 18, 17, 20, 21, 22, 23, 24, 25, 26, 27, 15, 19, 30], [1, 4, 14, 28, 19, 6, 7, 8, 3, 10, 11, 12, 13, 2, 9, 16, 5, 18, 17, 20, 21, 22, 23, 24, 25, 26, 27, 15, 29, 30], [1, 4, 14, 28, 5, 6, 7, 8, 3, 10, 11, 12, 13, 2, 9, 16, 19, 18, 17, 20, 21, 22, 23, 24, 25, 26, 27, 15, 29, 30], [1, 4, 14, 28, 5, 6, 7, 8, 3, 10, 11, 12, 13, 2, 15, 16, 19, 18, 17, 20, 21, 22, 23, 24, 25, 26, 27, 9, 29, 30], [1, 4, 14, 28, 5, 6, 7, 8, 9, 10, 11, 12, 13, 2, 15, 16, 19, 18, 17, 20, 21, 22, 23, 24, 25, 26, 27, 3, 29, 30], [1, 4, 3, 28, 5, 6, 7, 8, 9, 10, 11, 12, 13, 2, 15, 16, 19, 18, 17, 20, 21, 22, 23, 24, 25, 26, 27, 14, 29, 30], [1, 4, 3, 14, 5, 6, 7, 8, 9, 10, 11, 12, 13, 2, 15, 16, 19, 18, 17, 20, 21, 22, 23, 24, 25, 26, 27, 28, 29, 30], [1, 4, 3, 2, 5, 6, 7, 8, 9, 10, 11, 12, 13, 14, 15, 16, 19, 18, 17, 20, 21, 22, 23, 24, 25, 26, 27, 28, 29, 30], [1, 2, 3, 4, 5, 6, 7, 8, 9, 10, 11, 12, 13, 14, 15, 16, 19, 18, 17, 20, 21, 22, 23, 24, 25, 26, 27, 28, 29, 30], [1, 2, 3, 4, 5, 6, 7, 8, 9, 10, 11, 12, 13, 14, 15, 16, 17, 18, 19, 20, 21, 22, 23, 24, 25, 26, 27, 28, 29, 30]], idx1=[9, 26, 21, 25, 22, 7, 8, 23, 20, 6, 6, 10, 12, 11, 5, 1, 8, 18, 19, 5, 9, 3, 3, 14, 2, 2, 17], idx2=[16, 29, 29, 28, 28, 28, 27, 30, 23, 20, 12, 11, 24, 24, 24, 5, 14, 19, 29, 19, 15, 9, 14, 28, 14, 4, 19], _checker='')