============================================================
BENCHMARK ID: 15 | DIMENSIONE: 10 | STRATEGIA: domwdeg
============================================================

Input Vector: [4, 2, 6, 1, 8, 3, 5, 9, 10, 7]

STATO: RISOLTO
K: 6
TEMPO: 0.3510s
----------------------------------------
PIANO:
Solution(v=[[4, 2, 6, 1, 8, 3, 5, 9, 10, 7], [1, 2, 6, 4, 8, 3, 5, 9, 10, 7], [1, 2, 3, 4, 8, 6, 5, 9, 10, 7], [1, 2, 3, 4, 8, 6, 5, 9, 7, 10], [1, 2, 3, 4, 8, 6, 7, 9, 5, 10], [1, 2, 3, 4, 8, 6, 7, 5, 9, 10], [1, 2, 3, 4, 5, 6, 7, 8, 9, 10]], pos=[[4, 2, 6, 1, 7, 3, 10, 5, 8, 9], [1, 2, 6, 4, 7, 3, 10, 5, 8, 9], [1, 2, 3, 4, 7, 6, 10, 5, 8, 9], [1, 2, 3, 4, 7, 6, 9, 5, 8, 10], [1, 2, 3, 4, 9, 6, 7, 5, 8, 10], [1, 2, 3, 4, 8, 6, 7, 5, 9, 10], [1, 2, 3, 4, 5, 6, 7, 8, 9, 10]], idx1=[1, 3, 9, 7, 8, 5], idx2=[4, 6, 10, 9, 9, 8], _checker='')