============================================================
BENCHMARK ID: 50 | DIMENSIONE: 25 | STRATEGIA: domwdeg
============================================================

Input Vector: [14, 20, 15, 8, 10, 2, 16, 24, 19, 18, 21, 17, 9, 11, 3, 5, 23, 1, 6, 7, 22, 4, 25, 13, 12]

STATO: RISOLTO
K: 22
TEMPO: 2.6310s
----------------------------------------
PIANO:
Solution(v=[[14, 20, 15, 8, 10, 2, 16, 24, 19, 18, 21, 17, 9, 11, 3, 5, 23, 1, 6, 7, 22, 4, 25, 13, 12], [14, 20, 15, 8, 10, 2, 16, 24, 9, 18, 21, 17, 19, 11, 3, 5, 23, 1, 6, 7, 22, 4, 25, 13, 12], [14, 20, 15, 8, 10, 2, 16, 24, 9, 18, 21, 17, 19, 11, 3, 5, 25, 1, 6, 7, 22, 4, 23, 13, 12], [14, 20, 15, 8, 10, 2, 16, 24, 9, 18, 21, 25, 19, 11, 3, 5, 17, 1, 6, 7, 22, 4, 23, 13, 12], [14, 20, 15, 8, 10, 2, 16, 24, 9, 18, 21, 25, 6, 11, 3, 5, 17, 1, 19, 7, 22, 4, 23, 13, 12], [14, 20, 15, 8, 10, 2, 16, 24, 9, 18, 21, 25, 6, 11, 3, 5, 17, 1, 19, 7, 4, 22, 23, 13, 12], [14, 20, 15, 8, 10, 2, 16, 24, 9, 18, 4, 25, 6, 11, 3, 5, 17, 1, 19, 7, 21, 22, 23, 13, 12], [14, 20, 15, 8, 10, 2, 16, 24, 9, 18, 4, 25, 13, 11, 3, 5, 17, 1, 19, 7, 21, 22, 23, 6, 12], [14, 20, 15, 8, 10, 6, 16, 24, 9, 18, 4, 25, 13, 11, 3, 5, 17, 1, 19, 7, 21, 22, 23, 2, 12], [14, 20, 15, 8, 10, 6, 16, 24, 9, 1, 4, 25, 13, 11, 3, 5, 17, 18, 19, 7, 21, 22, 23, 2, 12], [14, 20, 15, 8, 10, 6, 16, 24, 9, 1, 11, 25, 13, 4, 3, 5, 17, 18, 19, 7, 21, 22, 23, 2, 12], [14, 20, 15, 4, 10, 6, 16, 24, 9, 1, 11, 25, 13, 8, 3, 5, 17, 18, 19, 7, 21, 22, 23, 2, 12], [14, 20, 15, 4, 1, 6, 16, 24, 9, 10, 11, 25, 13, 8, 3, 5, 17, 18, 19, 7, 21, 22, 23, 2, 12], [1, 20, 15, 4, 14, 6, 16, 24, 9, 10, 11, 25, 13, 8, 3, 5, 17, 18, 19, 7, 21, 22, 23, 2, 12], [1, 20, 15, 4, 14, 6, 16, 2, 9, 10, 11, 25, 13, 8, 3, 5, 17, 18, 19, 7, 21, 22, 23, 24, 12], [1, 2, 15, 4, 14, 6, 16, 20, 9, 10, 11, 25, 13, 8, 3, 5, 17, 18, 19, 7, 21, 22, 23, 24, 12], [1, 2, 3, 4, 14, 6, 16, 20, 9, 10, 11, 25, 13, 8, 15, 5, 17, 18, 19, 7, 21, 22, 23, 24, 12], [1, 2, 3, 4, 8, 6, 16, 20, 9, 10, 11, 25, 13, 14, 15, 5, 17, 18, 19, 7, 21, 22, 23, 24, 12], [1, 2, 3, 4, 8, 6, 5, 20, 9, 10, 11, 25, 13, 14, 15, 16, 17, 18, 19, 7, 21, 22, 23, 24, 12], [1, 2, 3, 4, 5, 6, 8, 20, 9, 10, 11, 25, 13, 14, 15, 16, 17, 18, 19, 7, 21, 22, 23, 24, 12], [1, 2, 3, 4, 5, 6, 20, 8, 9, 10, 11, 25, 13, 14, 15, 16, 17, 18, 19, 7, 21, 22, 23, 24, 12], [1, 2, 3, 4, 5, 6, 7, 8, 9, 10, 11, 25, 13, 14, 15, 16, 17, 18, 19, 20, 21, 22, 23, 24, 12], [1, 2, 3, 4, 5, 6, 7, 8, 9, 10, 11, 12, 13, 14, 15, 16, 17, 18, 19, 20, 21, 22, 23, 24, 25]], pos=[[18, 6, 15, 22, 16, 19, 20, 4, 13, 5, 14, 25, 24, 1, 3, 7, 12, 10, 9, 2, 11, 21, 17, 8, 23], [18, 6, 15, 22, 16, 19, 20, 4, 9, 5, 14, 25, 24, 1, 3, 7, 12, 10, 13, 2, 11, 21, 17, 8, 23], [18, 6, 15, 22, 16, 19, 20, 4, 9, 5, 14, 25, 24, 1, 3, 7, 12, 10, 13, 2, 11, 21, 23, 8, 17], [18, 6, 15, 22, 16, 19, 20, 4, 9, 5, 14, 25, 24, 1, 3, 7, 17, 10, 13, 2, 11, 21, 23, 8, 12], [18, 6, 15, 22, 16, 13, 20, 4, 9, 5, 14, 25, 24, 1, 3, 7, 17, 10, 19, 2, 11, 21, 23, 8, 12], [18, 6, 15, 21, 16, 13, 20, 4, 9, 5, 14, 25, 24, 1, 3, 7, 17, 10, 19, 2, 11, 22, 23, 8, 12], [18, 6, 15, 11, 16, 13, 20, 4, 9, 5, 14, 25, 24, 1, 3, 7, 17, 10, 19, 2, 21, 22, 23, 8, 12], [18, 6, 15, 11, 16, 24, 20, 4, 9, 5, 14, 25, 13, 1, 3, 7, 17, 10, 19, 2, 21, 22, 23, 8, 12], [18, 24, 15, 11, 16, 6, 20, 4, 9, 5, 14, 25, 13, 1, 3, 7, 17, 10, 19, 2, 21, 22, 23, 8, 12], [10, 24, 15, 11, 16, 6, 20, 4, 9, 5, 14, 25, 13, 1, 3, 7, 17, 18, 19, 2, 21, 22, 23, 8, 12], [10, 24, 15, 14, 16, 6, 20, 4, 9, 5, 11, 25, 13, 1, 3, 7, 17, 18, 19, 2, 21, 22, 23, 8, 12], [10, 24, 15, 4, 16, 6, 20, 14, 9, 5, 11, 25, 13, 1, 3, 7, 17, 18, 19, 2, 21, 22, 23, 8, 12], [5, 24, 15, 4, 16, 6, 20, 14, 9, 10, 11, 25, 13, 1, 3, 7, 17, 18, 19, 2, 21, 22, 23, 8, 12], [1, 24, 15, 4, 16, 6, 20, 14, 9, 10, 11, 25, 13, 5, 3, 7, 17, 18, 19, 2, 21, 22, 23, 8, 12], [1, 8, 15, 4, 16, 6, 20, 14, 9, 10, 11, 25, 13, 5, 3, 7, 17, 18, 19, 2, 21, 22, 23, 24, 12], [1, 2, 15, 4, 16, 6, 20, 14, 9, 10, 11, 25, 13, 5, 3, 7, 17, 18, 19, 8, 21, 22, 23, 24, 12], [1, 2, 3, 4, 16, 6, 20, 14, 9, 10, 11, 25, 13, 5, 15, 7, 17, 18, 19, 8, 21, 22, 23, 24, 12], [1, 2, 3, 4, 16, 6, 20, 5, 9, 10, 11, 25, 13, 14, 15, 7, 17, 18, 19, 8, 21, 22, 23, 24, 12], [1, 2, 3, 4, 7, 6, 20, 5, 9, 10, 11, 25, 13, 14, 15, 16, 17, 18, 19, 8, 21, 22, 23, 24, 12], [1, 2, 3, 4, 5, 6, 20, 7, 9, 10, 11, 25, 13, 14, 15, 16, 17, 18, 19, 8, 21, 22, 23, 24, 12], [1, 2, 3, 4, 5, 6, 20, 8, 9, 10, 11, 25, 13, 14, 15, 16, 17, 18, 19, 7, 21, 22, 23, 24, 12], [1, 2, 3, 4, 5, 6, 7, 8, 9, 10, 11, 25, 13, 14, 15, 16, 17, 18, 19, 20, 21, 22, 23, 24, 12], [1, 2, 3, 4, 5, 6, 7, 8, 9, 10, 11, 12, 13, 14, 15, 16, 17, 18, 19, 20, 21, 22, 23, 24, 25]], idx1=[9, 17, 12, 13, 21, 11, 13, 6, 10, 11, 4, 5, 1, 8, 2, 3, 5, 7, 5, 7, 7, 12], idx2=[13, 23, 17, 19, 22, 21, 24, 24, 18, 14, 14, 10, 5, 24, 8, 15, 14, 16, 7, 8, 20, 25], _checker='')