============================================================
BENCHMARK ID: 47 | DIMENSIONE: 25 | STRATEGIA: domwdeg
============================================================

Input Vector: [14, 7, 16, 10, 22, 17, 6, 25, 15, 8, 1, 20, 13, 19, 11, 9, 2, 12, 23, 21, 4, 18, 5, 24, 3]

STATO: RISOLTO
K: 21
TEMPO: 6.8370s
----------------------------------------
PIANO:
Solution(v=[[14, 7, 16, 10, 22, 17, 6, 25, 15, 8, 1, 20, 13, 19, 11, 9, 2, 12, 23, 21, 4, 18, 5, 24, 3], [14, 7, 9, 10, 22, 17, 6, 25, 15, 8, 1, 20, 13, 19, 11, 16, 2, 12, 23, 21, 4, 18, 5, 24, 3], [14, 7, 9, 10, 22, 2, 6, 25, 15, 8, 1, 20, 13, 19, 11, 16, 17, 12, 23, 21, 4, 18, 5, 24, 3], [14, 7, 9, 10, 22, 6, 2, 25, 15, 8, 1, 20, 13, 19, 11, 16, 17, 12, 23, 21, 4, 18, 5, 24, 3], [14, 2, 9, 10, 22, 6, 7, 25, 15, 8, 1, 20, 13, 19, 11, 16, 17, 12, 23, 21, 4, 18, 5, 24, 3], [14, 2, 9, 10, 5, 6, 7, 25, 15, 8, 1, 20, 13, 19, 11, 16, 17, 12, 23, 21, 4, 18, 22, 24, 3], [14, 2, 9, 10, 5, 6, 7, 25, 11, 8, 1, 20, 13, 19, 15, 16, 17, 12, 23, 21, 4, 18, 22, 24, 3], [14, 2, 9, 10, 5, 6, 7, 25, 11, 8, 1, 12, 13, 19, 15, 16, 17, 20, 23, 21, 4, 18, 22, 24, 3], [14, 2, 9, 10, 5, 6, 7, 25, 11, 8, 1, 12, 13, 19, 15, 16, 17, 20, 22, 21, 4, 18, 23, 24, 3], [14, 2, 9, 10, 5, 6, 7, 25, 11, 8, 1, 12, 13, 19, 15, 16, 17, 20, 18, 21, 4, 22, 23, 24, 3], [14, 2, 9, 10, 5, 6, 7, 25, 11, 8, 1, 12, 13, 18, 15, 16, 17, 20, 19, 21, 4, 22, 23, 24, 3], [18, 2, 9, 10, 5, 6, 7, 25, 11, 8, 1, 12, 13, 14, 15, 16, 17, 20, 19, 21, 4, 22, 23, 24, 3], [18, 2, 9, 10, 5, 6, 7, 25, 11, 8, 1, 12, 13, 14, 15, 16, 17, 21, 19, 20, 4, 22, 23, 24, 3], [18, 2, 9, 10, 5, 6, 7, 25, 11, 8, 1, 12, 13, 14, 15, 16, 17, 4, 19, 20, 21, 22, 23, 24, 3], [4, 2, 9, 10, 5, 6, 7, 25, 11, 8, 1, 12, 13, 14, 15, 16, 17, 18, 19, 20, 21, 22, 23, 24, 3], [10, 2, 9, 4, 5, 6, 7, 25, 11, 8, 1, 12, 13, 14, 15, 16, 17, 18, 19, 20, 21, 22, 23, 24, 3], [10, 2, 9, 4, 5, 6, 7, 25, 1, 8, 11, 12, 13, 14, 15, 16, 17, 18, 19, 20, 21, 22, 23, 24, 3], [10, 2, 1, 4, 5, 6, 7, 25, 9, 8, 11, 12, 13, 14, 15, 16, 17, 18, 19, 20, 21, 22, 23, 24, 3], [1, 2, 10, 4, 5, 6, 7, 25, 9, 8, 11, 12, 13, 14, 15, 16, 17, 18, 19, 20, 21, 22, 23, 24, 3], [1, 2, 3, 4, 5, 6, 7, 25, 9, 8, 11, 12, 13, 14, 15, 16, 17, 18, 19, 20, 21, 22, 23, 24, 10], [1, 2, 3, 4, 5, 6, 7, 8, 9, 25, 11, 12, 13, 14, 15, 16, 17, 18, 19, 20, 21, 22, 23, 24, 10], [1, 2, 3, 4, 5, 6, 7, 8, 9, 10, 11, 12, 13, 14, 15, 16, 17, 18, 19, 20, 21, 22, 23, 24, 25]], pos=[[11, 17, 25, 21, 23, 7, 2, 10, 16, 4, 15, 18, 13, 1, 9, 3, 6, 22, 14, 12, 20, 5, 19, 24, 8], [11, 17, 25, 21, 23, 7, 2, 10, 3, 4, 15, 18, 13, 1, 9, 16, 6, 22, 14, 12, 20, 5, 19, 24, 8], [11, 6, 25, 21, 23, 7, 2, 10, 3, 4, 15, 18, 13, 1, 9, 16, 17, 22, 14, 12, 20, 5, 19, 24, 8], [11, 7, 25, 21, 23, 6, 2, 10, 3, 4, 15, 18, 13, 1, 9, 16, 17, 22, 14, 12, 20, 5, 19, 24, 8], [11, 2, 25, 21, 23, 6, 7, 10, 3, 4, 15, 18, 13, 1, 9, 16, 17, 22, 14, 12, 20, 5, 19, 24, 8], [11, 2, 25, 21, 5, 6, 7, 10, 3, 4, 15, 18, 13, 1, 9, 16, 17, 22, 14, 12, 20, 23, 19, 24, 8], [11, 2, 25, 21, 5, 6, 7, 10, 3, 4, 9, 18, 13, 1, 15, 16, 17, 22, 14, 12, 20, 23, 19, 24, 8], [11, 2, 25, 21, 5, 6, 7, 10, 3, 4, 9, 12, 13, 1, 15, 16, 17, 22, 14, 18, 20, 23, 19, 24, 8], [11, 2, 25, 21, 5, 6, 7, 10, 3, 4, 9, 12, 13, 1, 15, 16, 17, 22, 14, 18, 20, 19, 23, 24, 8], [11, 2, 25, 21, 5, 6, 7, 10, 3, 4, 9, 12, 13, 1, 15, 16, 17, 19, 14, 18, 20, 22, 23, 24, 8], [11, 2, 25, 21, 5, 6, 7, 10, 3, 4, 9, 12, 13, 1, 15, 16, 17, 14, 19, 18, 20, 22, 23, 24, 8], [11, 2, 25, 21, 5, 6, 7, 10, 3, 4, 9, 12, 13, 14, 15, 16, 17, 1, 19, 18, 20, 22, 23, 24, 8], [11, 2, 25, 21, 5, 6, 7, 10, 3, 4, 9, 12, 13, 14, 15, 16, 17, 1, 19, 20, 18, 22, 23, 24, 8], [11, 2, 25, 18, 5, 6, 7, 10, 3, 4, 9, 12, 13, 14, 15, 16, 17, 1, 19, 20, 21, 22, 23, 24, 8], [11, 2, 25, 1, 5, 6, 7, 10, 3, 4, 9, 12, 13, 14, 15, 16, 17, 18, 19, 20, 21, 22, 23, 24, 8], [11, 2, 25, 4, 5, 6, 7, 10, 3, 1, 9, 12, 13, 14, 15, 16, 17, 18, 19, 20, 21, 22, 23, 24, 8], [9, 2, 25, 4, 5, 6, 7, 10, 3, 1, 11, 12, 13, 14, 15, 16, 17, 18, 19, 20, 21, 22, 23, 24, 8], [3, 2, 25, 4, 5, 6, 7, 10, 9, 1, 11, 12, 13, 14, 15, 16, 17, 18, 19, 20, 21, 22, 23, 24, 8], [1, 2, 25, 4, 5, 6, 7, 10, 9, 3, 11, 12, 13, 14, 15, 16, 17, 18, 19, 20, 21, 22, 23, 24, 8], [1, 2, 3, 4, 5, 6, 7, 10, 9, 25, 11, 12, 13, 14, 15, 16, 17, 18, 19, 20, 21, 22, 23, 24, 8], [1, 2, 3, 4, 5, 6, 7, 8, 9, 25, 11, 12, 13, 14, 15, 16, 17, 18, 19, 20, 21, 22, 23, 24, 10], [1, 2, 3, 4, 5, 6, 7, 8, 9, 10, 11, 12, 13, 14, 15, 16, 17, 18, 19, 20, 21, 22, 23, 24, 25]], idx1=[3, 6, 6, 2, 5, 9, 12, 19, 19, 14, 1, 18, 18, 1, 1, 9, 3, 1, 3, 8, 10], idx2=[16, 17, 7, 7, 23, 15, 18, 23, 22, 19, 14, 20, 21, 18, 4, 11, 9, 3, 25, 10, 25], _checker='')