============================================================
BENCHMARK ID: 31 | DIMENSIONE: 20 | STRATEGIA: domwdeg
============================================================

Input Vector: [8, 7, 20, 2, 3, 18, 1, 11, 15, 17, 9, 6, 19, 5, 13, 4, 14, 12, 10, 16]

STATO: RISOLTO
K: 18
TEMPO: 1.3200s
----------------------------------------
PIANO:
Solution(v=[[8, 7, 20, 2, 3, 18, 1, 11, 15, 17, 9, 6, 19, 5, 13, 4, 14, 12, 10, 16], [8, 7, 20, 4, 3, 18, 1, 11, 15, 17, 9, 6, 19, 5, 13, 2, 14, 12, 10, 16], [8, 7, 20, 4, 3, 18, 1, 11, 15, 10, 9, 6, 19, 5, 13, 2, 14, 12, 17, 16], [8, 7, 20, 4, 3, 18, 1, 11, 15, 10, 9, 6, 19, 5, 13, 16, 14, 12, 17, 2], [8, 2, 20, 4, 3, 18, 1, 11, 15, 10, 9, 6, 19, 5, 13, 16, 14, 12, 17, 7], [8, 2, 20, 4, 3, 18, 1, 11, 9, 10, 15, 6, 19, 5, 13, 16, 14, 12, 17, 7], [8, 2, 20, 4, 3, 18, 1, 11, 9, 10, 13, 6, 19, 5, 15, 16, 14, 12, 17, 7], [8, 2, 20, 4, 3, 18, 1, 11, 9, 10, 13, 6, 17, 5, 15, 16, 14, 12, 19, 7], [8, 2, 20, 4, 3, 18, 1, 11, 9, 10, 17, 6, 13, 5, 15, 16, 14, 12, 19, 7], [8, 2, 20, 4, 3, 18, 1, 11, 9, 10, 17, 12, 13, 5, 15, 16, 14, 6, 19, 7], [8, 2, 20, 4, 3, 6, 1, 11, 9, 10, 17, 12, 13, 5, 15, 16, 14, 18, 19, 7], [8, 2, 20, 4, 3, 6, 7, 11, 9, 10, 17, 12, 13, 5, 15, 16, 14, 18, 19, 1], [1, 2, 20, 4, 3, 6, 7, 11, 9, 10, 17, 12, 13, 5, 15, 16, 14, 18, 19, 8], [1, 2, 20, 4, 5, 6, 7, 11, 9, 10, 17, 12, 13, 3, 15, 16, 14, 18, 19, 8], [1, 2, 20, 4, 5, 6, 7, 17, 9, 10, 11, 12, 13, 3, 15, 16, 14, 18, 19, 8], [1, 2, 20, 4, 5, 6, 7, 8, 9, 10, 11, 12, 13, 3, 15, 16, 14, 18, 19, 17], [1, 2, 20, 4, 5, 6, 7, 8, 9, 10, 11, 12, 13, 14, 15, 16, 3, 18, 19, 17], [1, 2, 3, 4, 5, 6, 7, 8, 9, 10, 11, 12, 13, 14, 15, 16, 20, 18, 19, 17], [1, 2, 3, 4, 5, 6, 7, 8, 9, 10, 11, 12, 13, 14, 15, 16, 17, 18, 19, 20]], pos=[[7, 4, 5, 16, 14, 12, 2, 1, 11, 19, 8, 18, 15, 17, 9, 20, 10, 6, 13, 3], [7, 16, 5, 4, 14, 12, 2, 1, 11, 19, 8, 18, 15, 17, 9, 20, 10, 6, 13, 3], [7, 16, 5, 4, 14, 12, 2, 1, 11, 10, 8, 18, 15, 17, 9, 20, 19, 6, 13, 3], [7, 20, 5, 4, 14, 12, 2, 1, 11, 10, 8, 18, 15, 17, 9, 16, 19, 6, 13, 3], [7, 2, 5, 4, 14, 12, 20, 1, 11, 10, 8, 18, 15, 17, 9, 16, 19, 6, 13, 3], [7, 2, 5, 4, 14, 12, 20, 1, 9, 10, 8, 18, 15, 17, 11, 16, 19, 6, 13, 3], [7, 2, 5, 4, 14, 12, 20, 1, 9, 10, 8, 18, 11, 17, 15, 16, 19, 6, 13, 3], [7, 2, 5, 4, 14, 12, 20, 1, 9, 10, 8, 18, 11, 17, 15, 16, 13, 6, 19, 3], [7, 2, 5, 4, 14, 12, 20, 1, 9, 10, 8, 18, 13, 17, 15, 16, 11, 6, 19, 3], [7, 2, 5, 4, 14, 18, 20, 1, 9, 10, 8, 12, 13, 17, 15, 16, 11, 6, 19, 3], [7, 2, 5, 4, 14, 6, 20, 1, 9, 10, 8, 12, 13, 17, 15, 16, 11, 18, 19, 3], [20, 2, 5, 4, 14, 6, 7, 1, 9, 10, 8, 12, 13, 17, 15, 16, 11, 18, 19, 3], [1, 2, 5, 4, 14, 6, 7, 20, 9, 10, 8, 12, 13, 17, 15, 16, 11, 18, 19, 3], [1, 2, 14, 4, 5, 6, 7, 20, 9, 10, 8, 12, 13, 17, 15, 16, 11, 18, 19, 3], [1, 2, 14, 4, 5, 6, 7, 20, 9, 10, 11, 12, 13, 17, 15, 16, 8, 18, 19, 3], [1, 2, 14, 4, 5, 6, 7, 8, 9, 10, 11, 12, 13, 17, 15, 16, 20, 18, 19, 3], [1, 2, 17, 4, 5, 6, 7, 8, 9, 10, 11, 12, 13, 14, 15, 16, 20, 18, 19, 3], [1, 2, 3, 4, 5, 6, 7, 8, 9, 10, 11, 12, 13, 14, 15, 16, 20, 18, 19, 17], [1, 2, 3, 4, 5, 6, 7, 8, 9, 10, 11, 12, 13, 14, 15, 16, 17, 18, 19, 20]], idx1=[4, 10, 16, 2, 9, 11, 13, 11, 12, 6, 7, 1, 5, 8, 8, 14, 3, 17], idx2=[16, 19, 20, 20, 11, 15, 19, 13, 18, 18, 20, 20, 14, 11, 20, 17, 17, 20], _checker='')