============================================================
BENCHMARK ID: 58 | DIMENSIONE: 30 | STRATEGIA: domwdeg
============================================================

Input Vector: [26, 22, 6, 24, 2, 12, 9, 30, 13, 28, 18, 21, 7, 16, 19, 8, 4, 3, 5, 23, 25, 14, 10, 15, 11, 20, 17, 27, 29, 1]

STATO: RISOLTO
K: 26
TEMPO: 36.0570s
----------------------------------------
PIANO:
Solution(v=[[26, 22, 6, 24, 2, 12, 9, 30, 13, 28, 18, 21, 7, 16, 19, 8, 4, 3, 5, 23, 25, 14, 10, 15, 11, 20, 17, 27, 29, 1], [26, 22, 6, 24, 2, 12, 9, 30, 13, 28, 18, 21, 7, 16, 19, 8, 4, 3, 5, 23, 11, 14, 10, 15, 25, 20, 17, 27, 29, 1], [26, 22, 6, 24, 2, 12, 9, 30, 13, 28, 18, 21, 7, 16, 19, 8, 4, 3, 5, 23, 11, 14, 10, 15, 25, 20, 27, 17, 29, 1], [26, 22, 6, 24, 2, 12, 9, 30, 13, 17, 18, 21, 7, 16, 19, 8, 4, 3, 5, 23, 11, 14, 10, 15, 25, 20, 27, 28, 29, 1], [26, 22, 6, 24, 2, 12, 9, 30, 13, 17, 3, 21, 7, 16, 19, 8, 4, 18, 5, 23, 11, 14, 10, 15, 25, 20, 27, 28, 29, 1], [26, 22, 6, 24, 2, 12, 9, 30, 13, 17, 3, 11, 7, 16, 19, 8, 4, 18, 5, 23, 21, 14, 10, 15, 25, 20, 27, 28, 29, 1], [26, 22, 6, 24, 2, 12, 9, 30, 13, 17, 3, 11, 7, 14, 19, 8, 4, 18, 5, 23, 21, 16, 10, 15, 25, 20, 27, 28, 29, 1], [26, 22, 6, 24, 2, 12, 9, 30, 13, 17, 3, 11, 7, 14, 19, 8, 4, 18, 5, 10, 21, 16, 23, 15, 25, 20, 27, 28, 29, 1], [26, 22, 6, 24, 2, 12, 9, 30, 13, 10, 3, 11, 7, 14, 19, 8, 4, 18, 5, 17, 21, 16, 23, 15, 25, 20, 27, 28, 29, 1], [26, 22, 6, 24, 2, 12, 9, 30, 13, 10, 11, 3, 7, 14, 19, 8, 4, 18, 5, 17, 21, 16, 23, 15, 25, 20, 27, 28, 29, 1], [26, 22, 6, 24, 2, 3, 9, 30, 13, 10, 11, 12, 7, 14, 19, 8, 4, 18, 5, 17, 21, 16, 23, 15, 25, 20, 27, 28, 29, 1], [26, 22, 6, 24, 2, 3, 9, 1, 13, 10, 11, 12, 7, 14, 19, 8, 4, 18, 5, 17, 21, 16, 23, 15, 25, 20, 27, 28, 29, 30], [1, 22, 6, 24, 2, 3, 9, 26, 13, 10, 11, 12, 7, 14, 19, 8, 4, 18, 5, 17, 21, 16, 23, 15, 25, 20, 27, 28, 29, 30], [1, 22, 6, 24, 2, 3, 9, 26, 13, 10, 11, 12, 7, 14, 19, 8, 17, 18, 5, 4, 21, 16, 23, 15, 25, 20, 27, 28, 29, 30], [1, 22, 6, 24, 2, 3, 9, 26, 13, 10, 11, 12, 7, 14, 19, 8, 17, 18, 5, 20, 21, 16, 23, 15, 25, 4, 27, 28, 29, 30], [1, 22, 6, 4, 2, 3, 9, 26, 13, 10, 11, 12, 7, 14, 19, 8, 17, 18, 5, 20, 21, 16, 23, 15, 25, 24, 27, 28, 29, 30], [1, 22, 6, 4, 2, 3, 9, 26, 13, 10, 11, 12, 7, 14, 19, 16, 17, 18, 5, 20, 21, 8, 23, 15, 25, 24, 27, 28, 29, 30], [1, 8, 6, 4, 2, 3, 9, 26, 13, 10, 11, 12, 7, 14, 19, 16, 17, 18, 5, 20, 21, 22, 23, 15, 25, 24, 27, 28, 29, 30], [1, 8, 6, 4, 2, 3, 7, 26, 13, 10, 11, 12, 9, 14, 19, 16, 17, 18, 5, 20, 21, 22, 23, 15, 25, 24, 27, 28, 29, 30], [1, 8, 6, 4, 2, 3, 7, 24, 13, 10, 11, 12, 9, 14, 19, 16, 17, 18, 5, 20, 21, 22, 23, 15, 25, 26, 27, 28, 29, 30], [1, 24, 6, 4, 2, 3, 7, 8, 13, 10, 11, 12, 9, 14, 19, 16, 17, 18, 5, 20, 21, 22, 23, 15, 25, 26, 27, 28, 29, 30], [1, 24, 6, 4, 5, 3, 7, 8, 13, 10, 11, 12, 9, 14, 19, 16, 17, 18, 2, 20, 21, 22, 23, 15, 25, 26, 27, 28, 29, 30], [1, 24, 6, 4, 5, 3, 7, 8, 9, 10, 11, 12, 13, 14, 19, 16, 17, 18, 2, 20, 21, 22, 23, 15, 25, 26, 27, 28, 29, 30], [1, 24, 6, 4, 5, 3, 7, 8, 9, 10, 11, 12, 13, 14, 15, 16, 17, 18, 2, 20, 21, 22, 23, 19, 25, 26, 27, 28, 29, 30], [1, 24, 6, 4, 5, 3, 7, 8, 9, 10, 11, 12, 13, 14, 15, 16, 17, 18, 19, 20, 21, 22, 23, 2, 25, 26, 27, 28, 29, 30], [1, 2, 6, 4, 5, 3, 7, 8, 9, 10, 11, 12, 13, 14, 15, 16, 17, 18, 19, 20, 21, 22, 23, 24, 25, 26, 27, 28, 29, 30], [1, 2, 3, 4, 5, 6, 7, 8, 9, 10, 11, 12, 13, 14, 15, 16, 17, 18, 19, 20, 21, 22, 23, 24, 25, 26, 27, 28, 29, 30]], pos=[[30, 5, 18, 17, 19, 3, 13, 16, 7, 23, 25, 6, 9, 22, 24, 14, 27, 11, 15, 26, 12, 2, 20, 4, 21, 1, 28, 10, 29, 8], [30, 5, 18, 17, 19, 3, 13, 16, 7, 23, 21, 6, 9, 22, 24, 14, 27, 11, 15, 26, 12, 2, 20, 4, 25, 1, 28, 10, 29, 8], [30, 5, 18, 17, 19, 3, 13, 16, 7, 23, 21, 6, 9, 22, 24, 14, 28, 11, 15, 26, 12, 2, 20, 4, 25, 1, 27, 10, 29, 8], [30, 5, 18, 17, 19, 3, 13, 16, 7, 23, 21, 6, 9, 22, 24, 14, 10, 11, 15, 26, 12, 2, 20, 4, 25, 1, 27, 28, 29, 8], [30, 5, 11, 17, 19, 3, 13, 16, 7, 23, 21, 6, 9, 22, 24, 14, 10, 18, 15, 26, 12, 2, 20, 4, 25, 1, 27, 28, 29, 8], [30, 5, 11, 17, 19, 3, 13, 16, 7, 23, 12, 6, 9, 22, 24, 14, 10, 18, 15, 26, 21, 2, 20, 4, 25, 1, 27, 28, 29, 8], [30, 5, 11, 17, 19, 3, 13, 16, 7, 23, 12, 6, 9, 14, 24, 22, 10, 18, 15, 26, 21, 2, 20, 4, 25, 1, 27, 28, 29, 8], [30, 5, 11, 17, 19, 3, 13, 16, 7, 20, 12, 6, 9, 14, 24, 22, 10, 18, 15, 26, 21, 2, 23, 4, 25, 1, 27, 28, 29, 8], [30, 5, 11, 17, 19, 3, 13, 16, 7, 10, 12, 6, 9, 14, 24, 22, 20, 18, 15, 26, 21, 2, 23, 4, 25, 1, 27, 28, 29, 8], [30, 5, 12, 17, 19, 3, 13, 16, 7, 10, 11, 6, 9, 14, 24, 22, 20, 18, 15, 26, 21, 2, 23, 4, 25, 1, 27, 28, 29, 8], [30, 5, 6, 17, 19, 3, 13, 16, 7, 10, 11, 12, 9, 14, 24, 22, 20, 18, 15, 26, 21, 2, 23, 4, 25, 1, 27, 28, 29, 8], [8, 5, 6, 17, 19, 3, 13, 16, 7, 10, 11, 12, 9, 14, 24, 22, 20, 18, 15, 26, 21, 2, 23, 4, 25, 1, 27, 28, 29, 30], [1, 5, 6, 17, 19, 3, 13, 16, 7, 10, 11, 12, 9, 14, 24, 22, 20, 18, 15, 26, 21, 2, 23, 4, 25, 8, 27, 28, 29, 30], [1, 5, 6, 20, 19, 3, 13, 16, 7, 10, 11, 12, 9, 14, 24, 22, 17, 18, 15, 26, 21, 2, 23, 4, 25, 8, 27, 28, 29, 30], [1, 5, 6, 26, 19, 3, 13, 16, 7, 10, 11, 12, 9, 14, 24, 22, 17, 18, 15, 20, 21, 2, 23, 4, 25, 8, 27, 28, 29, 30], [1, 5, 6, 4, 19, 3, 13, 16, 7, 10, 11, 12, 9, 14, 24, 22, 17, 18, 15, 20, 21, 2, 23, 26, 25, 8, 27, 28, 29, 30], [1, 5, 6, 4, 19, 3, 13, 22, 7, 10, 11, 12, 9, 14, 24, 16, 17, 18, 15, 20, 21, 2, 23, 26, 25, 8, 27, 28, 29, 30], [1, 5, 6, 4, 19, 3, 13, 2, 7, 10, 11, 12, 9, 14, 24, 16, 17, 18, 15, 20, 21, 22, 23, 26, 25, 8, 27, 28, 29, 30], [1, 5, 6, 4, 19, 3, 7, 2, 13, 10, 11, 12, 9, 14, 24, 16, 17, 18, 15, 20, 21, 22, 23, 26, 25, 8, 27, 28, 29, 30], [1, 5, 6, 4, 19, 3, 7, 2, 13, 10, 11, 12, 9, 14, 24, 16, 17, 18, 15, 20, 21, 22, 23, 8, 25, 26, 27, 28, 29, 30], [1, 5, 6, 4, 19, 3, 7, 8, 13, 10, 11, 12, 9, 14, 24, 16, 17, 18, 15, 20, 21, 22, 23, 2, 25, 26, 27, 28, 29, 30], [1, 19, 6, 4, 5, 3, 7, 8, 13, 10, 11, 12, 9, 14, 24, 16, 17, 18, 15, 20, 21, 22, 23, 2, 25, 26, 27, 28, 29, 30], [1, 19, 6, 4, 5, 3, 7, 8, 9, 10, 11, 12, 13, 14, 24, 16, 17, 18, 15, 20, 21, 22, 23, 2, 25, 26, 27, 28, 29, 30], [1, 19, 6, 4, 5, 3, 7, 8, 9, 10, 11, 12, 13, 14, 15, 16, 17, 18, 24, 20, 21, 22, 23, 2, 25, 26, 27, 28, 29, 30], [1, 24, 6, 4, 5, 3, 7, 8, 9, 10, 11, 12, 13, 14, 15, 16, 17, 18, 19, 20, 21, 22, 23, 2, 25, 26, 27, 28, 29, 30], [1, 2, 6, 4, 5, 3, 7, 8, 9, 10, 11, 12, 13, 14, 15, 16, 17, 18, 19, 20, 21, 22, 23, 24, 25, 26, 27, 28, 29, 30], [1, 2, 3, 4, 5, 6, 7, 8, 9, 10, 11, 12, 13, 14, 15, 16, 17, 18, 19, 20, 21, 22, 23, 24, 25, 26, 27, 28, 29, 30]], idx1=[21, 27, 10, 11, 12, 14, 20, 10, 11, 6, 8, 1, 17, 20, 4, 16, 2, 7, 8, 2, 5, 9, 15, 19, 2, 3], idx2=[25, 28, 28, 18, 21, 22, 23, 20, 12, 12, 30, 8, 20, 26, 26, 22, 22, 13, 26, 8, 19, 13, 24, 24, 24, 6], _checker='')