============================================================
BENCHMARK ID: 52 | DIMENSIONE: 30 | STRATEGIA: domwdeg
============================================================

Input Vector: [4, 5, 11, 24, 9, 29, 10, 26, 13, 18, 23, 27, 20, 22, 8, 17, 7, 25, 12, 1, 28, 15, 3, 6, 19, 14, 30, 16, 21, 2]

STATO: RISOLTO
K: 27
TEMPO: 39.8890s
----------------------------------------
PIANO:
Solution(v=[[4, 5, 11, 24, 9, 29, 10, 26, 13, 18, 23, 27, 20, 22, 8, 17, 7, 25, 12, 1, 28, 15, 3, 6, 19, 14, 30, 16, 21, 2], [4, 5, 11, 24, 9, 29, 10, 26, 13, 18, 23, 27, 20, 22, 15, 17, 7, 25, 12, 1, 28, 8, 3, 6, 19, 14, 30, 16, 21, 2], [4, 5, 11, 24, 9, 29, 10, 26, 13, 18, 23, 27, 20, 22, 15, 17, 7, 25, 12, 1, 21, 8, 3, 6, 19, 14, 30, 16, 28, 2], [4, 5, 11, 24, 9, 29, 10, 26, 13, 18, 23, 27, 20, 22, 15, 17, 7, 25, 12, 1, 21, 8, 3, 6, 19, 14, 2, 16, 28, 30], [4, 5, 11, 24, 9, 29, 10, 26, 13, 18, 23, 27, 20, 22, 15, 17, 7, 25, 12, 1, 21, 8, 3, 6, 19, 14, 2, 28, 16, 30], [4, 5, 11, 24, 9, 29, 10, 26, 13, 18, 23, 27, 20, 22, 15, 16, 7, 25, 12, 1, 21, 8, 3, 6, 19, 14, 2, 28, 17, 30], [4, 5, 11, 24, 9, 29, 10, 26, 13, 18, 23, 27, 20, 22, 15, 16, 7, 19, 12, 1, 21, 8, 3, 6, 25, 14, 2, 28, 17, 30], [4, 5, 11, 24, 9, 29, 10, 26, 13, 18, 23, 27, 20, 22, 15, 16, 7, 12, 19, 1, 21, 8, 3, 6, 25, 14, 2, 28, 17, 30], [4, 5, 11, 24, 9, 29, 10, 26, 13, 12, 23, 27, 20, 22, 15, 16, 7, 18, 19, 1, 21, 8, 3, 6, 25, 14, 2, 28, 17, 30], [4, 5, 11, 24, 9, 29, 10, 26, 13, 12, 23, 27, 20, 8, 15, 16, 7, 18, 19, 1, 21, 22, 3, 6, 25, 14, 2, 28, 17, 30], [4, 5, 11, 24, 9, 29, 10, 8, 13, 12, 23, 27, 20, 26, 15, 16, 7, 18, 19, 1, 21, 22, 3, 6, 25, 14, 2, 28, 17, 30], [4, 5, 11, 24, 9, 29, 10, 8, 13, 27, 23, 12, 20, 26, 15, 16, 7, 18, 19, 1, 21, 22, 3, 6, 25, 14, 2, 28, 17, 30], [4, 5, 11, 24, 9, 29, 10, 8, 13, 27, 23, 12, 20, 14, 15, 16, 7, 18, 19, 1, 21, 22, 3, 6, 25, 26, 2, 28, 17, 30], [4, 5, 11, 24, 9, 29, 10, 8, 13, 27, 23, 12, 20, 14, 15, 16, 17, 18, 19, 1, 21, 22, 3, 6, 25, 26, 2, 28, 7, 30], [4, 5, 11, 24, 9, 29, 7, 8, 13, 27, 23, 12, 20, 14, 15, 16, 17, 18, 19, 1, 21, 22, 3, 6, 25, 26, 2, 28, 10, 30], [4, 5, 11, 24, 9, 29, 7, 8, 13, 10, 23, 12, 20, 14, 15, 16, 17, 18, 19, 1, 21, 22, 3, 6, 25, 26, 2, 28, 27, 30], [4, 5, 11, 24, 9, 29, 7, 8, 13, 10, 23, 12, 20, 14, 15, 16, 17, 18, 19, 1, 21, 22, 3, 6, 25, 26, 27, 28, 2, 30], [4, 5, 11, 24, 9, 2, 7, 8, 13, 10, 23, 12, 20, 14, 15, 16, 17, 18, 19, 1, 21, 22, 3, 6, 25, 26, 27, 28, 29, 30], [4, 5, 11, 24, 9, 6, 7, 8, 13, 10, 23, 12, 20, 14, 15, 16, 17, 18, 19, 1, 21, 22, 3, 2, 25, 26, 27, 28, 29, 30], [4, 5, 11, 2, 9, 6, 7, 8, 13, 10, 23, 12, 20, 14, 15, 16, 17, 18, 19, 1, 21, 22, 3, 24, 25, 26, 27, 28, 29, 30], [2, 5, 11, 4, 9, 6, 7, 8, 13, 10, 23, 12, 20, 14, 15, 16, 17, 18, 19, 1, 21, 22, 3, 24, 25, 26, 27, 28, 29, 30], [5, 2, 11, 4, 9, 6, 7, 8, 13, 10, 23, 12, 20, 14, 15, 16, 17, 18, 19, 1, 21, 22, 3, 24, 25, 26, 27, 28, 29, 30], [9, 2, 11, 4, 5, 6, 7, 8, 13, 10, 23, 12, 20, 14, 15, 16, 17, 18, 19, 1, 21, 22, 3, 24, 25, 26, 27, 28, 29, 30], [9, 2, 3, 4, 5, 6, 7, 8, 13, 10, 23, 12, 20, 14, 15, 16, 17, 18, 19, 1, 21, 22, 11, 24, 25, 26, 27, 28, 29, 30], [9, 2, 3, 4, 5, 6, 7, 8, 13, 10, 11, 12, 20, 14, 15, 16, 17, 18, 19, 1, 21, 22, 23, 24, 25, 26, 27, 28, 29, 30], [9, 2, 3, 4, 5, 6, 7, 8, 13, 10, 11, 12, 1, 14, 15, 16, 17, 18, 19, 20, 21, 22, 23, 24, 25, 26, 27, 28, 29, 30], [1, 2, 3, 4, 5, 6, 7, 8, 13, 10, 11, 12, 9, 14, 15, 16, 17, 18, 19, 20, 21, 22, 23, 24, 25, 26, 27, 28, 29, 30], [1, 2, 3, 4, 5, 6, 7, 8, 9, 10, 11, 12, 13, 14, 15, 16, 17, 18, 19, 20, 21, 22, 23, 24, 25, 26, 27, 28, 29, 30]], pos=[[20, 30, 23, 1, 2, 24, 17, 15, 5, 7, 3, 19, 9, 26, 22, 28, 16, 10, 25, 13, 29, 14, 11, 4, 18, 8, 12, 21, 6, 27], [20, 30, 23, 1, 2, 24, 17, 22, 5, 7, 3, 19, 9, 26, 15, 28, 16, 10, 25, 13, 29, 14, 11, 4, 18, 8, 12, 21, 6, 27], [20, 30, 23, 1, 2, 24, 17, 22, 5, 7, 3, 19, 9, 26, 15, 28, 16, 10, 25, 13, 21, 14, 11, 4, 18, 8, 12, 29, 6, 27], [20, 27, 23, 1, 2, 24, 17, 22, 5, 7, 3, 19, 9, 26, 15, 28, 16, 10, 25, 13, 21, 14, 11, 4, 18, 8, 12, 29, 6, 30], [20, 27, 23, 1, 2, 24, 17, 22, 5, 7, 3, 19, 9, 26, 15, 29, 16, 10, 25, 13, 21, 14, 11, 4, 18, 8, 12, 28, 6, 30], [20, 27, 23, 1, 2, 24, 17, 22, 5, 7, 3, 19, 9, 26, 15, 16, 29, 10, 25, 13, 21, 14, 11, 4, 18, 8, 12, 28, 6, 30], [20, 27, 23, 1, 2, 24, 17, 22, 5, 7, 3, 19, 9, 26, 15, 16, 29, 10, 18, 13, 21, 14, 11, 4, 25, 8, 12, 28, 6, 30], [20, 27, 23, 1, 2, 24, 17, 22, 5, 7, 3, 18, 9, 26, 15, 16, 29, 10, 19, 13, 21, 14, 11, 4, 25, 8, 12, 28, 6, 30], [20, 27, 23, 1, 2, 24, 17, 22, 5, 7, 3, 10, 9, 26, 15, 16, 29, 18, 19, 13, 21, 14, 11, 4, 25, 8, 12, 28, 6, 30], [20, 27, 23, 1, 2, 24, 17, 14, 5, 7, 3, 10, 9, 26, 15, 16, 29, 18, 19, 13, 21, 22, 11, 4, 25, 8, 12, 28, 6, 30], [20, 27, 23, 1, 2, 24, 17, 8, 5, 7, 3, 10, 9, 26, 15, 16, 29, 18, 19, 13, 21, 22, 11, 4, 25, 14, 12, 28, 6, 30], [20, 27, 23, 1, 2, 24, 17, 8, 5, 7, 3, 12, 9, 26, 15, 16, 29, 18, 19, 13, 21, 22, 11, 4, 25, 14, 10, 28, 6, 30], [20, 27, 23, 1, 2, 24, 17, 8, 5, 7, 3, 12, 9, 14, 15, 16, 29, 18, 19, 13, 21, 22, 11, 4, 25, 26, 10, 28, 6, 30], [20, 27, 23, 1, 2, 24, 29, 8, 5, 7, 3, 12, 9, 14, 15, 16, 17, 18, 19, 13, 21, 22, 11, 4, 25, 26, 10, 28, 6, 30], [20, 27, 23, 1, 2, 24, 7, 8, 5, 29, 3, 12, 9, 14, 15, 16, 17, 18, 19, 13, 21, 22, 11, 4, 25, 26, 10, 28, 6, 30], [20, 27, 23, 1, 2, 24, 7, 8, 5, 10, 3, 12, 9, 14, 15, 16, 17, 18, 19, 13, 21, 22, 11, 4, 25, 26, 29, 28, 6, 30], [20, 29, 23, 1, 2, 24, 7, 8, 5, 10, 3, 12, 9, 14, 15, 16, 17, 18, 19, 13, 21, 22, 11, 4, 25, 26, 27, 28, 6, 30], [20, 6, 23, 1, 2, 24, 7, 8, 5, 10, 3, 12, 9, 14, 15, 16, 17, 18, 19, 13, 21, 22, 11, 4, 25, 26, 27, 28, 29, 30], [20, 24, 23, 1, 2, 6, 7, 8, 5, 10, 3, 12, 9, 14, 15, 16, 17, 18, 19, 13, 21, 22, 11, 4, 25, 26, 27, 28, 29, 30], [20, 4, 23, 1, 2, 6, 7, 8, 5, 10, 3, 12, 9, 14, 15, 16, 17, 18, 19, 13, 21, 22, 11, 24, 25, 26, 27, 28, 29, 30], [20, 1, 23, 4, 2, 6, 7, 8, 5, 10, 3, 12, 9, 14, 15, 16, 17, 18, 19, 13, 21, 22, 11, 24, 25, 26, 27, 28, 29, 30], [20, 2, 23, 4, 1, 6, 7, 8, 5, 10, 3, 12, 9, 14, 15, 16, 17, 18, 19, 13, 21, 22, 11, 24, 25, 26, 27, 28, 29, 30], [20, 2, 23, 4, 5, 6, 7, 8, 1, 10, 3, 12, 9, 14, 15, 16, 17, 18, 19, 13, 21, 22, 11, 24, 25, 26, 27, 28, 29, 30], [20, 2, 3, 4, 5, 6, 7, 8, 1, 10, 23, 12, 9, 14, 15, 16, 17, 18, 19, 13, 21, 22, 11, 24, 25, 26, 27, 28, 29, 30], [20, 2, 3, 4, 5, 6, 7, 8, 1, 10, 11, 12, 9, 14, 15, 16, 17, 18, 19, 13, 21, 22, 23, 24, 25, 26, 27, 28, 29, 30], [13, 2, 3, 4, 5, 6, 7, 8, 1, 10, 11, 12, 9, 14, 15, 16, 17, 18, 19, 20, 21, 22, 23, 24, 25, 26, 27, 28, 29, 30], [1, 2, 3, 4, 5, 6, 7, 8, 13, 10, 11, 12, 9, 14, 15, 16, 17, 18, 19, 20, 21, 22, 23, 24, 25, 26, 27, 28, 29, 30], [1, 2, 3, 4, 5, 6, 7, 8, 9, 10, 11, 12, 13, 14, 15, 16, 17, 18, 19, 20, 21, 22, 23, 24, 25, 26, 27, 28, 29, 30]], idx1=[15, 21, 27, 28, 16, 18, 18, 10, 14, 8, 10, 14, 17, 7, 10, 27, 6, 6, 4, 1, 1, 1, 3, 11, 13, 1, 9], idx2=[22, 29, 30, 29, 29, 25, 19, 18, 22, 14, 12, 26, 29, 29, 29, 29, 29, 24, 24, 4, 2, 5, 23, 23, 20, 13, 13], _checker='')