============================================================
BENCHMARK ID: 12 | DIMENSIONE: 10 | STRATEGIA: domwdeg
============================================================

Input Vector: [1, 4, 8, 2, 6, 7, 9, 5, 3, 10]

STATO: RISOLTO
K: 6
TEMPO: 0.3550s
----------------------------------------
PIANO:
Solution(v=[[1, 4, 8, 2, 6, 7, 9, 5, 3, 10], [1, 2, 8, 4, 6, 7, 9, 5, 3, 10], [1, 2, 8, 4, 6, 9, 7, 5, 3, 10], [1, 2, 8, 4, 9, 6, 7, 5, 3, 10], [1, 2, 8, 4, 3, 6, 7, 5, 9, 10], [1, 2, 3, 4, 8, 6, 7, 5, 9, 10], [1, 2, 3, 4, 5, 6, 7, 8, 9, 10]], pos=[[1, 4, 9, 2, 8, 5, 6, 3, 7, 10], [1, 2, 9, 4, 8, 5, 6, 3, 7, 10], [1, 2, 9, 4, 8, 5, 7, 3, 6, 10], [1, 2, 9, 4, 8, 6, 7, 3, 5, 10], [1, 2, 5, 4, 8, 6, 7, 3, 9, 10], [1, 2, 3, 4, 8, 6, 7, 5, 9, 10], [1, 2, 3, 4, 5, 6, 7, 8, 9, 10]], idx1=[2, 6, 5, 5, 3, 5], idx2=[4, 7, 6, 9, 5, 8], _checker='')