============================================================
BENCHMARK ID: 40 | DIMENSIONE: 20 | STRATEGIA: domwdeg
============================================================

Input Vector: [15, 12, 11, 6, 10, 2, 17, 14, 19, 7, 16, 5, 4, 9, 13, 1, 18, 20, 8, 3]

STATO: RISOLTO
K: 18
TEMPO: 1.0680s
----------------------------------------
PIANO:
Solution(v=[[15, 12, 11, 6, 10, 2, 17, 14, 19, 7, 16, 5, 4, 9, 13, 1, 18, 20, 8, 3], [15, 12, 11, 6, 5, 2, 17, 14, 19, 7, 16, 10, 4, 9, 13, 1, 18, 20, 8, 3], [15, 12, 11, 6, 5, 2, 17, 14, 8, 7, 16, 10, 4, 9, 13, 1, 18, 20, 19, 3], [15, 12, 11, 6, 5, 2, 17, 14, 9, 7, 16, 10, 4, 8, 13, 1, 18, 20, 19, 3], [15, 12, 11, 6, 5, 2, 17, 8, 9, 7, 16, 10, 4, 14, 13, 1, 18, 20, 19, 3], [15, 12, 11, 6, 5, 2, 17, 8, 9, 10, 16, 7, 4, 14, 13, 1, 18, 20, 19, 3], [15, 12, 11, 6, 5, 2, 7, 8, 9, 10, 16, 17, 4, 14, 13, 1, 18, 20, 19, 3], [15, 12, 11, 6, 5, 2, 7, 8, 9, 10, 16, 18, 4, 14, 13, 1, 17, 20, 19, 3], [15, 12, 11, 6, 5, 2, 7, 8, 9, 10, 16, 20, 4, 14, 13, 1, 17, 18, 19, 3], [15, 12, 11, 6, 5, 2, 7, 8, 9, 10, 16, 20, 13, 14, 4, 1, 17, 18, 19, 3], [15, 12, 11, 4, 5, 2, 7, 8, 9, 10, 16, 20, 13, 14, 6, 1, 17, 18, 19, 3], [15, 12, 11, 4, 5, 2, 7, 8, 9, 10, 1, 20, 13, 14, 6, 16, 17, 18, 19, 3], [1, 12, 11, 4, 5, 2, 7, 8, 9, 10, 15, 20, 13, 14, 6, 16, 17, 18, 19, 3], [1, 12, 11, 4, 5, 2, 7, 8, 9, 10, 15, 3, 13, 14, 6, 16, 17, 18, 19, 20], [1, 3, 11, 4, 5, 2, 7, 8, 9, 10, 15, 12, 13, 14, 6, 16, 17, 18, 19, 20], [1, 3, 11, 4, 5, 2, 7, 8, 9, 10, 6, 12, 13, 14, 15, 16, 17, 18, 19, 20], [1, 3, 11, 4, 5, 6, 7, 8, 9, 10, 2, 12, 13, 14, 15, 16, 17, 18, 19, 20], [1, 2, 11, 4, 5, 6, 7, 8, 9, 10, 3, 12, 13, 14, 15, 16, 17, 18, 19, 20], [1, 2, 3, 4, 5, 6, 7, 8, 9, 10, 11, 12, 13, 14, 15, 16, 17, 18, 19, 20]], pos=[[16, 6, 20, 13, 12, 4, 10, 19, 14, 5, 3, 2, 15, 8, 1, 11, 7, 17, 9, 18], [16, 6, 20, 13, 5, 4, 10, 19, 14, 12, 3, 2, 15, 8, 1, 11, 7, 17, 9, 18], [16, 6, 20, 13, 5, 4, 10, 9, 14, 12, 3, 2, 15, 8, 1, 11, 7, 17, 19, 18], [16, 6, 20, 13, 5, 4, 10, 14, 9, 12, 3, 2, 15, 8, 1, 11, 7, 17, 19, 18], [16, 6, 20, 13, 5, 4, 10, 8, 9, 12, 3, 2, 15, 14, 1, 11, 7, 17, 19, 18], [16, 6, 20, 13, 5, 4, 12, 8, 9, 10, 3, 2, 15, 14, 1, 11, 7, 17, 19, 18], [16, 6, 20, 13, 5, 4, 7, 8, 9, 10, 3, 2, 15, 14, 1, 11, 12, 17, 19, 18], [16, 6, 20, 13, 5, 4, 7, 8, 9, 10, 3, 2, 15, 14, 1, 11, 17, 12, 19, 18], [16, 6, 20, 13, 5, 4, 7, 8, 9, 10, 3, 2, 15, 14, 1, 11, 17, 18, 19, 12], [16, 6, 20, 15, 5, 4, 7, 8, 9, 10, 3, 2, 13, 14, 1, 11, 17, 18, 19, 12], [16, 6, 20, 4, 5, 15, 7, 8, 9, 10, 3, 2, 13, 14, 1, 11, 17, 18, 19, 12], [11, 6, 20, 4, 5, 15, 7, 8, 9, 10, 3, 2, 13, 14, 1, 16, 17, 18, 19, 12], [1, 6, 20, 4, 5, 15, 7, 8, 9, 10, 3, 2, 13, 14, 11, 16, 17, 18, 19, 12], [1, 6, 12, 4, 5, 15, 7, 8, 9, 10, 3, 2, 13, 14, 11, 16, 17, 18, 19, 20], [1, 6, 2, 4, 5, 15, 7, 8, 9, 10, 3, 12, 13, 14, 11, 16, 17, 18, 19, 20], [1, 6, 2, 4, 5, 11, 7, 8, 9, 10, 3, 12, 13, 14, 15, 16, 17, 18, 19, 20], [1, 11, 2, 4, 5, 6, 7, 8, 9, 10, 3, 12, 13, 14, 15, 16, 17, 18, 19, 20], [1, 2, 11, 4, 5, 6, 7, 8, 9, 10, 3, 12, 13, 14, 15, 16, 17, 18, 19, 20], [1, 2, 3, 4, 5, 6, 7, 8, 9, 10, 11, 12, 13, 14, 15, 16, 17, 18, 19, 20]], idx1=[5, 9, 9, 8, 10, 7, 12, 12, 13, 4, 11, 1, 12, 2, 11, 6, 2, 3], idx2=[12, 19, 14, 14, 12, 12, 17, 18, 15, 15, 16, 11, 20, 12, 15, 11, 11, 11], _checker='')