============================================================
BENCHMARK ID: 46 | DIMENSIONE: 25 | STRATEGIA: domwdeg
============================================================

Input Vector: [7, 16, 24, 23, 5, 22, 15, 12, 14, 1, 10, 18, 8, 3, 13, 20, 9, 6, 2, 21, 17, 4, 19, 11, 25]

STATO: RISOLTO
K: 22
TEMPO: 4.2610s
----------------------------------------
PIANO:
Solution(v=[[7, 16, 24, 23, 5, 22, 15, 12, 14, 1, 10, 18, 8, 3, 13, 20, 9, 6, 2, 21, 17, 4, 19, 11, 25], [1, 16, 24, 23, 5, 22, 15, 12, 14, 7, 10, 18, 8, 3, 13, 20, 9, 6, 2, 21, 17, 4, 19, 11, 25], [1, 16, 24, 23, 5, 22, 15, 12, 14, 7, 10, 18, 8, 3, 13, 20, 9, 6, 19, 21, 17, 4, 2, 11, 25], [1, 16, 24, 2, 5, 22, 15, 12, 14, 7, 10, 18, 8, 3, 13, 20, 9, 6, 19, 21, 17, 4, 23, 11, 25], [1, 2, 24, 16, 5, 22, 15, 12, 14, 7, 10, 18, 8, 3, 13, 20, 9, 6, 19, 21, 17, 4, 23, 11, 25], [1, 2, 24, 4, 5, 22, 15, 12, 14, 7, 10, 18, 8, 3, 13, 20, 9, 6, 19, 21, 17, 16, 23, 11, 25], [1, 2, 24, 4, 5, 22, 15, 8, 14, 7, 10, 18, 12, 3, 13, 20, 9, 6, 19, 21, 17, 16, 23, 11, 25], [1, 2, 24, 4, 5, 22, 15, 8, 14, 7, 10, 12, 18, 3, 13, 20, 9, 6, 19, 21, 17, 16, 23, 11, 25], [1, 2, 24, 4, 5, 22, 15, 8, 14, 7, 10, 12, 6, 3, 13, 20, 9, 18, 19, 21, 17, 16, 23, 11, 25], [1, 2, 24, 4, 5, 22, 15, 8, 14, 7, 10, 12, 6, 3, 13, 20, 9, 18, 19, 17, 21, 16, 23, 11, 25], [1, 2, 24, 4, 5, 22, 15, 8, 14, 7, 10, 12, 6, 3, 13, 20, 17, 18, 19, 9, 21, 16, 23, 11, 25], [1, 2, 24, 4, 5, 22, 15, 8, 14, 7, 10, 12, 6, 3, 13, 9, 17, 18, 19, 20, 21, 16, 23, 11, 25], [1, 2, 24, 4, 5, 22, 15, 8, 9, 7, 10, 12, 6, 3, 13, 14, 17, 18, 19, 20, 21, 16, 23, 11, 25], [1, 2, 24, 4, 5, 22, 15, 8, 9, 7, 10, 12, 6, 14, 13, 3, 17, 18, 19, 20, 21, 16, 23, 11, 25], [1, 2, 24, 4, 5, 22, 15, 8, 9, 7, 10, 12, 6, 14, 13, 16, 17, 18, 19, 20, 21, 3, 23, 11, 25], [1, 2, 24, 4, 5, 3, 15, 8, 9, 7, 10, 12, 6, 14, 13, 16, 17, 18, 19, 20, 21, 22, 23, 11, 25], [1, 2, 24, 4, 5, 3, 15, 8, 9, 7, 11, 12, 6, 14, 13, 16, 17, 18, 19, 20, 21, 22, 23, 10, 25], [1, 2, 24, 4, 5, 3, 15, 8, 9, 10, 11, 12, 6, 14, 13, 16, 17, 18, 19, 20, 21, 22, 23, 7, 25], [1, 2, 24, 4, 5, 3, 7, 8, 9, 10, 11, 12, 6, 14, 13, 16, 17, 18, 19, 20, 21, 22, 23, 15, 25], [1, 2, 24, 4, 5, 3, 7, 8, 9, 10, 11, 12, 13, 14, 6, 16, 17, 18, 19, 20, 21, 22, 23, 15, 25], [1, 2, 24, 4, 5, 3, 7, 8, 9, 10, 11, 12, 13, 14, 15, 16, 17, 18, 19, 20, 21, 22, 23, 6, 25], [1, 2, 24, 4, 5, 6, 7, 8, 9, 10, 11, 12, 13, 14, 15, 16, 17, 18, 19, 20, 21, 22, 23, 3, 25], [1, 2, 3, 4, 5, 6, 7, 8, 9, 10, 11, 12, 13, 14, 15, 16, 17, 18, 19, 20, 21, 22, 23, 24, 25]], pos=[[10, 19, 14, 22, 5, 18, 1, 13, 17, 11, 24, 8, 15, 9, 7, 2, 21, 12, 23, 16, 20, 6, 4, 3, 25], [1, 19, 14, 22, 5, 18, 10, 13, 17, 11, 24, 8, 15, 9, 7, 2, 21, 12, 23, 16, 20, 6, 4, 3, 25], [1, 23, 14, 22, 5, 18, 10, 13, 17, 11, 24, 8, 15, 9, 7, 2, 21, 12, 19, 16, 20, 6, 4, 3, 25], [1, 4, 14, 22, 5, 18, 10, 13, 17, 11, 24, 8, 15, 9, 7, 2, 21, 12, 19, 16, 20, 6, 23, 3, 25], [1, 2, 14, 22, 5, 18, 10, 13, 17, 11, 24, 8, 15, 9, 7, 4, 21, 12, 19, 16, 20, 6, 23, 3, 25], [1, 2, 14, 4, 5, 18, 10, 13, 17, 11, 24, 8, 15, 9, 7, 22, 21, 12, 19, 16, 20, 6, 23, 3, 25], [1, 2, 14, 4, 5, 18, 10, 8, 17, 11, 24, 13, 15, 9, 7, 22, 21, 12, 19, 16, 20, 6, 23, 3, 25], [1, 2, 14, 4, 5, 18, 10, 8, 17, 11, 24, 12, 15, 9, 7, 22, 21, 13, 19, 16, 20, 6, 23, 3, 25], [1, 2, 14, 4, 5, 13, 10, 8, 17, 11, 24, 12, 15, 9, 7, 22, 21, 18, 19, 16, 20, 6, 23, 3, 25], [1, 2, 14, 4, 5, 13, 10, 8, 17, 11, 24, 12, 15, 9, 7, 22, 20, 18, 19, 16, 21, 6, 23, 3, 25], [1, 2, 14, 4, 5, 13, 10, 8, 20, 11, 24, 12, 15, 9, 7, 22, 17, 18, 19, 16, 21, 6, 23, 3, 25], [1, 2, 14, 4, 5, 13, 10, 8, 16, 11, 24, 12, 15, 9, 7, 22, 17, 18, 19, 20, 21, 6, 23, 3, 25], [1, 2, 14, 4, 5, 13, 10, 8, 9, 11, 24, 12, 15, 16, 7, 22, 17, 18, 19, 20, 21, 6, 23, 3, 25], [1, 2, 16, 4, 5, 13, 10, 8, 9, 11, 24, 12, 15, 14, 7, 22, 17, 18, 19, 20, 21, 6, 23, 3, 25], [1, 2, 22, 4, 5, 13, 10, 8, 9, 11, 24, 12, 15, 14, 7, 16, 17, 18, 19, 20, 21, 6, 23, 3, 25], [1, 2, 6, 4, 5, 13, 10, 8, 9, 11, 24, 12, 15, 14, 7, 16, 17, 18, 19, 20, 21, 22, 23, 3, 25], [1, 2, 6, 4, 5, 13, 10, 8, 9, 24, 11, 12, 15, 14, 7, 16, 17, 18, 19, 20, 21, 22, 23, 3, 25], [1, 2, 6, 4, 5, 13, 24, 8, 9, 10, 11, 12, 15, 14, 7, 16, 17, 18, 19, 20, 21, 22, 23, 3, 25], [1, 2, 6, 4, 5, 13, 7, 8, 9, 10, 11, 12, 15, 14, 24, 16, 17, 18, 19, 20, 21, 22, 23, 3, 25], [1, 2, 6, 4, 5, 15, 7, 8, 9, 10, 11, 12, 13, 14, 24, 16, 17, 18, 19, 20, 21, 22, 23, 3, 25], [1, 2, 6, 4, 5, 24, 7, 8, 9, 10, 11, 12, 13, 14, 15, 16, 17, 18, 19, 20, 21, 22, 23, 3, 25], [1, 2, 24, 4, 5, 6, 7, 8, 9, 10, 11, 12, 13, 14, 15, 16, 17, 18, 19, 20, 21, 22, 23, 3, 25], [1, 2, 3, 4, 5, 6, 7, 8, 9, 10, 11, 12, 13, 14, 15, 16, 17, 18, 19, 20, 21, 22, 23, 24, 25]], idx1=[1, 19, 4, 2, 4, 8, 12, 13, 20, 17, 16, 9, 14, 16, 6, 11, 10, 7, 13, 15, 6, 3], idx2=[10, 23, 23, 4, 22, 13, 13, 18, 21, 20, 20, 16, 16, 22, 22, 24, 24, 24, 15, 24, 24, 24], _checker='')