============================================================
BENCHMARK ID: 30 | DIMENSIONE: 15 | STRATEGIA: domwdeg
============================================================

Input Vector: [10, 11, 15, 4, 12, 3, 13, 2, 6, 8, 5, 1, 7, 14, 9]

STATO: RISOLTO
K: 10
TEMPO: 0.2510s
----------------------------------------
PIANO:
Solution(v=[[10, 11, 15, 4, 12, 3, 13, 2, 6, 8, 5, 1, 7, 14, 9], [10, 11, 15, 4, 12, 3, 13, 2, 9, 8, 5, 1, 7, 14, 6], [10, 11, 6, 4, 12, 3, 13, 2, 9, 8, 5, 1, 7, 14, 15], [10, 11, 6, 4, 1, 3, 13, 2, 9, 8, 5, 12, 7, 14, 15], [1, 11, 6, 4, 10, 3, 13, 2, 9, 8, 5, 12, 7, 14, 15], [1, 11, 6, 4, 10, 3, 13, 8, 9, 2, 5, 12, 7, 14, 15], [1, 2, 6, 4, 10, 3, 13, 8, 9, 11, 5, 12, 7, 14, 15], [1, 2, 3, 4, 10, 6, 13, 8, 9, 11, 5, 12, 7, 14, 15], [1, 2, 3, 4, 10, 6, 13, 8, 9, 5, 11, 12, 7, 14, 15], [1, 2, 3, 4, 5, 6, 13, 8, 9, 10, 11, 12, 7, 14, 15], [1, 2, 3, 4, 5, 6, 7, 8, 9, 10, 11, 12, 13, 14, 15]], pos=[[12, 8, 6, 4, 11, 9, 13, 10, 15, 1, 2, 5, 7, 14, 3], [12, 8, 6, 4, 11, 15, 13, 10, 9, 1, 2, 5, 7, 14, 3], [12, 8, 6, 4, 11, 3, 13, 10, 9, 1, 2, 5, 7, 14, 15], [5, 8, 6, 4, 11, 3, 13, 10, 9, 1, 2, 12, 7, 14, 15], [1, 8, 6, 4, 11, 3, 13, 10, 9, 5, 2, 12, 7, 14, 15], [1, 10, 6, 4, 11, 3, 13, 8, 9, 5, 2, 12, 7, 14, 15], [1, 2, 6, 4, 11, 3, 13, 8, 9, 5, 10, 12, 7, 14, 15], [1, 2, 3, 4, 11, 6, 13, 8, 9, 5, 10, 12, 7, 14, 15], [1, 2, 3, 4, 10, 6, 13, 8, 9, 5, 11, 12, 7, 14, 15], [1, 2, 3, 4, 5, 6, 13, 8, 9, 10, 11, 12, 7, 14, 15], [1, 2, 3, 4, 5, 6, 7, 8, 9, 10, 11, 12, 13, 14, 15]], idx1=[9, 3, 5, 1, 8, 2, 3, 10, 5, 7], idx2=[15, 15, 12, 5, 10, 10, 6, 11, 10, 13], _checker='')