============================================================
BENCHMARK ID: 27 | DIMENSIONE: 15 | STRATEGIA: domwdeg
============================================================

Input Vector: [14, 1, 8, 9, 4, 5, 15, 13, 12, 2, 3, 7, 6, 11, 10]

STATO: RISOLTO
K: 14
TEMPO: 1.0420s
----------------------------------------
PIANO:
Solution(v=[[14, 1, 8, 9, 4, 5, 15, 13, 12, 2, 3, 7, 6, 11, 10], [11, 1, 8, 9, 4, 5, 15, 13, 12, 2, 3, 7, 6, 14, 10], [3, 1, 8, 9, 4, 5, 15, 13, 12, 2, 11, 7, 6, 14, 10], [8, 1, 3, 9, 4, 5, 15, 13, 12, 2, 11, 7, 6, 14, 10], [1, 8, 3, 9, 4, 5, 15, 13, 12, 2, 11, 7, 6, 14, 10], [1, 8, 3, 9, 5, 4, 15, 13, 12, 2, 11, 7, 6, 14, 10], [1, 8, 3, 9, 5, 4, 7, 13, 12, 2, 11, 15, 6, 14, 10], [1, 8, 3, 9, 5, 4, 7, 13, 15, 2, 11, 12, 6, 14, 10], [1, 8, 3, 15, 5, 4, 7, 13, 9, 2, 11, 12, 6, 14, 10], [1, 8, 3, 4, 5, 15, 7, 13, 9, 2, 11, 12, 6, 14, 10], [1, 8, 3, 4, 5, 15, 7, 13, 9, 10, 11, 12, 6, 14, 2], [1, 2, 3, 4, 5, 15, 7, 13, 9, 10, 11, 12, 6, 14, 8], [1, 2, 3, 4, 5, 8, 7, 13, 9, 10, 11, 12, 6, 14, 15], [1, 2, 3, 4, 5, 8, 7, 6, 9, 10, 11, 12, 13, 14, 15], [1, 2, 3, 4, 5, 6, 7, 8, 9, 10, 11, 12, 13, 14, 15]], pos=[[2, 10, 11, 5, 6, 13, 12, 3, 4, 15, 14, 9, 8, 1, 7], [2, 10, 11, 5, 6, 13, 12, 3, 4, 15, 1, 9, 8, 14, 7], [2, 10, 1, 5, 6, 13, 12, 3, 4, 15, 11, 9, 8, 14, 7], [2, 10, 3, 5, 6, 13, 12, 1, 4, 15, 11, 9, 8, 14, 7], [1, 10, 3, 5, 6, 13, 12, 2, 4, 15, 11, 9, 8, 14, 7], [1, 10, 3, 6, 5, 13, 12, 2, 4, 15, 11, 9, 8, 14, 7], [1, 10, 3, 6, 5, 13, 7, 2, 4, 15, 11, 9, 8, 14, 12], [1, 10, 3, 6, 5, 13, 7, 2, 4, 15, 11, 12, 8, 14, 9], [1, 10, 3, 6, 5, 13, 7, 2, 9, 15, 11, 12, 8, 14, 4], [1, 10, 3, 4, 5, 13, 7, 2, 9, 15, 11, 12, 8, 14, 6], [1, 15, 3, 4, 5, 13, 7, 2, 9, 10, 11, 12, 8, 14, 6], [1, 2, 3, 4, 5, 13, 7, 15, 9, 10, 11, 12, 8, 14, 6], [1, 2, 3, 4, 5, 13, 7, 6, 9, 10, 11, 12, 8, 14, 15], [1, 2, 3, 4, 5, 8, 7, 6, 9, 10, 11, 12, 13, 14, 15], [1, 2, 3, 4, 5, 6, 7, 8, 9, 10, 11, 12, 13, 14, 15]], idx1=[1, 1, 1, 1, 5, 7, 9, 4, 4, 10, 2, 6, 8, 6], idx2=[14, 11, 3, 2, 6, 12, 12, 9, 6, 15, 15, 15, 13, 8], _checker='')