============================================================
BENCHMARK ID: 57 | DIMENSIONE: 30 | STRATEGIA: domwdeg
============================================================

Input Vector: [25, 1, 4, 26, 12, 22, 27, 8, 29, 13, 17, 10, 6, 11, 2, 21, 30, 5, 15, 18, 9, 7, 20, 23, 28, 24, 14, 19, 16, 3]

STATO: RISOLTO
K: 26
TEMPO: 70.1380s
----------------------------------------
PIANO:
Solution(v=[[25, 1, 4, 26, 12, 22, 27, 8, 29, 13, 17, 10, 6, 11, 2, 21, 30, 5, 15, 18, 9, 7, 20, 23, 28, 24, 14, 19, 16, 3], [25, 1, 4, 26, 12, 22, 27, 8, 29, 13, 17, 10, 6, 11, 15, 21, 30, 5, 2, 18, 9, 7, 20, 23, 28, 24, 14, 19, 16, 3], [25, 1, 4, 26, 12, 22, 27, 8, 29, 13, 17, 10, 6, 11, 15, 9, 30, 5, 2, 18, 21, 7, 20, 23, 28, 24, 14, 19, 16, 3], [25, 1, 4, 26, 12, 22, 27, 8, 29, 13, 17, 10, 6, 11, 15, 9, 3, 5, 2, 18, 21, 7, 20, 23, 28, 24, 14, 19, 16, 30], [25, 1, 4, 26, 12, 22, 27, 8, 29, 13, 3, 10, 6, 11, 15, 9, 17, 5, 2, 18, 21, 7, 20, 23, 28, 24, 14, 19, 16, 30], [25, 1, 4, 26, 12, 22, 27, 8, 29, 13, 11, 10, 6, 3, 15, 9, 17, 5, 2, 18, 21, 7, 20, 23, 28, 24, 14, 19, 16, 30], [25, 1, 4, 26, 12, 22, 27, 8, 29, 13, 11, 10, 6, 3, 15, 16, 17, 5, 2, 18, 21, 7, 20, 23, 28, 24, 14, 19, 9, 30], [25, 1, 4, 26, 12, 22, 27, 8, 29, 13, 11, 10, 6, 3, 15, 16, 17, 5, 19, 18, 21, 7, 20, 23, 28, 24, 14, 2, 9, 30], [25, 1, 4, 26, 12, 22, 27, 8, 29, 13, 11, 10, 6, 3, 15, 16, 17, 5, 19, 18, 21, 7, 23, 20, 28, 24, 14, 2, 9, 30], [25, 1, 4, 26, 12, 22, 27, 8, 29, 13, 11, 10, 6, 3, 15, 16, 17, 5, 19, 18, 21, 7, 23, 20, 2, 24, 14, 28, 9, 30], [2, 1, 4, 26, 12, 22, 27, 8, 29, 13, 11, 10, 6, 3, 15, 16, 17, 5, 19, 18, 21, 7, 23, 20, 25, 24, 14, 28, 9, 30], [1, 2, 4, 26, 12, 22, 27, 8, 29, 13, 11, 10, 6, 3, 15, 16, 17, 5, 19, 18, 21, 7, 23, 20, 25, 24, 14, 28, 9, 30], [1, 2, 4, 26, 12, 22, 27, 8, 29, 13, 11, 10, 6, 3, 15, 16, 17, 18, 19, 5, 21, 7, 23, 20, 25, 24, 14, 28, 9, 30], [1, 2, 4, 26, 5, 22, 27, 8, 29, 13, 11, 10, 6, 3, 15, 16, 17, 18, 19, 12, 21, 7, 23, 20, 25, 24, 14, 28, 9, 30], [1, 2, 4, 26, 5, 22, 27, 8, 9, 13, 11, 10, 6, 3, 15, 16, 17, 18, 19, 12, 21, 7, 23, 20, 25, 24, 14, 28, 29, 30], [1, 2, 4, 26, 5, 22, 27, 8, 9, 10, 11, 13, 6, 3, 15, 16, 17, 18, 19, 12, 21, 7, 23, 20, 25, 24, 14, 28, 29, 30], [1, 2, 4, 26, 5, 22, 27, 8, 9, 10, 11, 12, 6, 3, 15, 16, 17, 18, 19, 13, 21, 7, 23, 20, 25, 24, 14, 28, 29, 30], [1, 2, 4, 26, 5, 22, 27, 8, 9, 10, 11, 12, 6, 3, 15, 16, 17, 18, 19, 13, 21, 7, 23, 24, 25, 20, 14, 28, 29, 30], [1, 2, 4, 20, 5, 22, 27, 8, 9, 10, 11, 12, 6, 3, 15, 16, 17, 18, 19, 13, 21, 7, 23, 24, 25, 26, 14, 28, 29, 30], [1, 2, 4, 20, 5, 6, 27, 8, 9, 10, 11, 12, 22, 3, 15, 16, 17, 18, 19, 13, 21, 7, 23, 24, 25, 26, 14, 28, 29, 30], [1, 2, 4, 20, 5, 6, 14, 8, 9, 10, 11, 12, 22, 3, 15, 16, 17, 18, 19, 13, 21, 7, 23, 24, 25, 26, 27, 28, 29, 30], [1, 2, 4, 20, 5, 6, 14, 8, 9, 10, 11, 12, 13, 3, 15, 16, 17, 18, 19, 22, 21, 7, 23, 24, 25, 26, 27, 28, 29, 30], [1, 2, 4, 20, 5, 6, 14, 8, 9, 10, 11, 12, 13, 3, 15, 16, 17, 18, 19, 7, 21, 22, 23, 24, 25, 26, 27, 28, 29, 30], [1, 2, 4, 7, 5, 6, 14, 8, 9, 10, 11, 12, 13, 3, 15, 16, 17, 18, 19, 20, 21, 22, 23, 24, 25, 26, 27, 28, 29, 30], [1, 2, 4, 7, 5, 6, 3, 8, 9, 10, 11, 12, 13, 14, 15, 16, 17, 18, 19, 20, 21, 22, 23, 24, 25, 26, 27, 28, 29, 30], [1, 2, 3, 7, 5, 6, 4, 8, 9, 10, 11, 12, 13, 14, 15, 16, 17, 18, 19, 20, 21, 22, 23, 24, 25, 26, 27, 28, 29, 30], [1, 2, 3, 4, 5, 6, 7, 8, 9, 10, 11, 12, 13, 14, 15, 16, 17, 18, 19, 20, 21, 22, 23, 24, 25, 26, 27, 28, 29, 30]], pos=[[2, 15, 30, 3, 18, 13, 22, 8, 21, 12, 14, 5, 10, 27, 19, 29, 11, 20, 28, 23, 16, 6, 24, 26, 1, 4, 7, 25, 9, 17], [2, 19, 30, 3, 18, 13, 22, 8, 21, 12, 14, 5, 10, 27, 15, 29, 11, 20, 28, 23, 16, 6, 24, 26, 1, 4, 7, 25, 9, 17], [2, 19, 30, 3, 18, 13, 22, 8, 16, 12, 14, 5, 10, 27, 15, 29, 11, 20, 28, 23, 21, 6, 24, 26, 1, 4, 7, 25, 9, 17], [2, 19, 17, 3, 18, 13, 22, 8, 16, 12, 14, 5, 10, 27, 15, 29, 11, 20, 28, 23, 21, 6, 24, 26, 1, 4, 7, 25, 9, 30], [2, 19, 11, 3, 18, 13, 22, 8, 16, 12, 14, 5, 10, 27, 15, 29, 17, 20, 28, 23, 21, 6, 24, 26, 1, 4, 7, 25, 9, 30], [2, 19, 14, 3, 18, 13, 22, 8, 16, 12, 11, 5, 10, 27, 15, 29, 17, 20, 28, 23, 21, 6, 24, 26, 1, 4, 7, 25, 9, 30], [2, 19, 14, 3, 18, 13, 22, 8, 29, 12, 11, 5, 10, 27, 15, 16, 17, 20, 28, 23, 21, 6, 24, 26, 1, 4, 7, 25, 9, 30], [2, 28, 14, 3, 18, 13, 22, 8, 29, 12, 11, 5, 10, 27, 15, 16, 17, 20, 19, 23, 21, 6, 24, 26, 1, 4, 7, 25, 9, 30], [2, 28, 14, 3, 18, 13, 22, 8, 29, 12, 11, 5, 10, 27, 15, 16, 17, 20, 19, 24, 21, 6, 23, 26, 1, 4, 7, 25, 9, 30], [2, 25, 14, 3, 18, 13, 22, 8, 29, 12, 11, 5, 10, 27, 15, 16, 17, 20, 19, 24, 21, 6, 23, 26, 1, 4, 7, 28, 9, 30], [2, 1, 14, 3, 18, 13, 22, 8, 29, 12, 11, 5, 10, 27, 15, 16, 17, 20, 19, 24, 21, 6, 23, 26, 25, 4, 7, 28, 9, 30], [1, 2, 14, 3, 18, 13, 22, 8, 29, 12, 11, 5, 10, 27, 15, 16, 17, 20, 19, 24, 21, 6, 23, 26, 25, 4, 7, 28, 9, 30], [1, 2, 14, 3, 20, 13, 22, 8, 29, 12, 11, 5, 10, 27, 15, 16, 17, 18, 19, 24, 21, 6, 23, 26, 25, 4, 7, 28, 9, 30], [1, 2, 14, 3, 5, 13, 22, 8, 29, 12, 11, 20, 10, 27, 15, 16, 17, 18, 19, 24, 21, 6, 23, 26, 25, 4, 7, 28, 9, 30], [1, 2, 14, 3, 5, 13, 22, 8, 9, 12, 11, 20, 10, 27, 15, 16, 17, 18, 19, 24, 21, 6, 23, 26, 25, 4, 7, 28, 29, 30], [1, 2, 14, 3, 5, 13, 22, 8, 9, 10, 11, 20, 12, 27, 15, 16, 17, 18, 19, 24, 21, 6, 23, 26, 25, 4, 7, 28, 29, 30], [1, 2, 14, 3, 5, 13, 22, 8, 9, 10, 11, 12, 20, 27, 15, 16, 17, 18, 19, 24, 21, 6, 23, 26, 25, 4, 7, 28, 29, 30], [1, 2, 14, 3, 5, 13, 22, 8, 9, 10, 11, 12, 20, 27, 15, 16, 17, 18, 19, 26, 21, 6, 23, 24, 25, 4, 7, 28, 29, 30], [1, 2, 14, 3, 5, 13, 22, 8, 9, 10, 11, 12, 20, 27, 15, 16, 17, 18, 19, 4, 21, 6, 23, 24, 25, 26, 7, 28, 29, 30], [1, 2, 14, 3, 5, 6, 22, 8, 9, 10, 11, 12, 20, 27, 15, 16, 17, 18, 19, 4, 21, 13, 23, 24, 25, 26, 7, 28, 29, 30], [1, 2, 14, 3, 5, 6, 22, 8, 9, 10, 11, 12, 20, 7, 15, 16, 17, 18, 19, 4, 21, 13, 23, 24, 25, 26, 27, 28, 29, 30], [1, 2, 14, 3, 5, 6, 22, 8, 9, 10, 11, 12, 13, 7, 15, 16, 17, 18, 19, 4, 21, 20, 23, 24, 25, 26, 27, 28, 29, 30], [1, 2, 14, 3, 5, 6, 20, 8, 9, 10, 11, 12, 13, 7, 15, 16, 17, 18, 19, 4, 21, 22, 23, 24, 25, 26, 27, 28, 29, 30], [1, 2, 14, 3, 5, 6, 4, 8, 9, 10, 11, 12, 13, 7, 15, 16, 17, 18, 19, 20, 21, 22, 23, 24, 25, 26, 27, 28, 29, 30], [1, 2, 7, 3, 5, 6, 4, 8, 9, 10, 11, 12, 13, 14, 15, 16, 17, 18, 19, 20, 21, 22, 23, 24, 25, 26, 27, 28, 29, 30], [1, 2, 3, 7, 5, 6, 4, 8, 9, 10, 11, 12, 13, 14, 15, 16, 17, 18, 19, 20, 21, 22, 23, 24, 25, 26, 27, 28, 29, 30], [1, 2, 3, 4, 5, 6, 7, 8, 9, 10, 11, 12, 13, 14, 15, 16, 17, 18, 19, 20, 21, 22, 23, 24, 25, 26, 27, 28, 29, 30]], idx1=[15, 16, 17, 11, 11, 16, 19, 23, 25, 1, 1, 18, 5, 9, 10, 12, 24, 4, 6, 7, 13, 20, 4, 7, 3, 4], idx2=[19, 21, 30, 17, 14, 29, 28, 24, 28, 25, 2, 20, 20, 29, 12, 20, 26, 26, 13, 27, 20, 22, 20, 14, 7, 7], _checker='')