============================================================
BENCHMARK ID: 41 | DIMENSIONE: 25 | STRATEGIA: domwdeg
============================================================

Input Vector: [4, 5, 14, 20, 18, 12, 9, 6, 3, 10, 21, 23, 15, 16, 1, 8, 11, 17, 2, 24, 7, 22, 19, 13, 25]

STATO: RISOLTO
K: 20
TEMPO: 3.9090s
----------------------------------------
PIANO:
Solution(v=[[4, 5, 14, 20, 18, 12, 9, 6, 3, 10, 21, 23, 15, 16, 1, 8, 11, 17, 2, 24, 7, 22, 19, 13, 25], [1, 5, 14, 20, 18, 12, 9, 6, 3, 10, 21, 23, 15, 16, 4, 8, 11, 17, 2, 24, 7, 22, 19, 13, 25], [1, 5, 14, 20, 18, 12, 9, 8, 3, 10, 21, 23, 15, 16, 4, 6, 11, 17, 2, 24, 7, 22, 19, 13, 25], [1, 5, 14, 20, 18, 6, 9, 8, 3, 10, 21, 23, 15, 16, 4, 12, 11, 17, 2, 24, 7, 22, 19, 13, 25], [1, 5, 14, 20, 18, 6, 9, 8, 3, 10, 21, 23, 15, 16, 4, 12, 11, 17, 19, 24, 7, 22, 2, 13, 25], [1, 5, 14, 20, 18, 6, 9, 8, 3, 10, 21, 23, 15, 16, 4, 12, 11, 17, 19, 13, 7, 22, 2, 24, 25], [1, 5, 14, 13, 18, 6, 9, 8, 3, 10, 21, 23, 15, 16, 4, 12, 11, 17, 19, 20, 7, 22, 2, 24, 25], [1, 5, 14, 13, 18, 6, 9, 8, 3, 10, 21, 23, 15, 16, 4, 12, 17, 11, 19, 20, 7, 22, 2, 24, 25], [1, 5, 14, 13, 18, 6, 9, 8, 3, 10, 11, 23, 15, 16, 4, 12, 17, 21, 19, 20, 7, 22, 2, 24, 25], [1, 5, 14, 13, 18, 6, 9, 8, 3, 10, 11, 12, 15, 16, 4, 23, 17, 21, 19, 20, 7, 22, 2, 24, 25], [1, 5, 14, 13, 18, 6, 9, 8, 3, 10, 11, 12, 15, 16, 4, 23, 17, 7, 19, 20, 21, 22, 2, 24, 25], [1, 5, 14, 13, 7, 6, 9, 8, 3, 10, 11, 12, 15, 16, 4, 23, 17, 18, 19, 20, 21, 22, 2, 24, 25], [1, 5, 14, 13, 7, 6, 9, 8, 3, 10, 11, 12, 15, 23, 4, 16, 17, 18, 19, 20, 21, 22, 2, 24, 25], [1, 5, 23, 13, 7, 6, 9, 8, 3, 10, 11, 12, 15, 14, 4, 16, 17, 18, 19, 20, 21, 22, 2, 24, 25], [1, 5, 2, 13, 7, 6, 9, 8, 3, 10, 11, 12, 15, 14, 4, 16, 17, 18, 19, 20, 21, 22, 23, 24, 25], [1, 2, 5, 13, 7, 6, 9, 8, 3, 10, 11, 12, 15, 14, 4, 16, 17, 18, 19, 20, 21, 22, 23, 24, 25], [1, 2, 5, 15, 7, 6, 9, 8, 3, 10, 11, 12, 13, 14, 4, 16, 17, 18, 19, 20, 21, 22, 23, 24, 25], [1, 2, 5, 15, 9, 6, 7, 8, 3, 10, 11, 12, 13, 14, 4, 16, 17, 18, 19, 20, 21, 22, 23, 24, 25], [1, 2, 9, 15, 5, 6, 7, 8, 3, 10, 11, 12, 13, 14, 4, 16, 17, 18, 19, 20, 21, 22, 23, 24, 25], [1, 2, 3, 15, 5, 6, 7, 8, 9, 10, 11, 12, 13, 14, 4, 16, 17, 18, 19, 20, 21, 22, 23, 24, 25], [1, 2, 3, 4, 5, 6, 7, 8, 9, 10, 11, 12, 13, 14, 15, 16, 17, 18, 19, 20, 21, 22, 23, 24, 25]], pos=[[15, 19, 9, 1, 2, 8, 21, 16, 7, 10, 17, 6, 24, 3, 13, 14, 18, 5, 23, 4, 11, 22, 12, 20, 25], [1, 19, 9, 15, 2, 8, 21, 16, 7, 10, 17, 6, 24, 3, 13, 14, 18, 5, 23, 4, 11, 22, 12, 20, 25], [1, 19, 9, 15, 2, 16, 21, 8, 7, 10, 17, 6, 24, 3, 13, 14, 18, 5, 23, 4, 11, 22, 12, 20, 25], [1, 19, 9, 15, 2, 6, 21, 8, 7, 10, 17, 16, 24, 3, 13, 14, 18, 5, 23, 4, 11, 22, 12, 20, 25], [1, 23, 9, 15, 2, 6, 21, 8, 7, 10, 17, 16, 24, 3, 13, 14, 18, 5, 19, 4, 11, 22, 12, 20, 25], [1, 23, 9, 15, 2, 6, 21, 8, 7, 10, 17, 16, 20, 3, 13, 14, 18, 5, 19, 4, 11, 22, 12, 24, 25], [1, 23, 9, 15, 2, 6, 21, 8, 7, 10, 17, 16, 4, 3, 13, 14, 18, 5, 19, 20, 11, 22, 12, 24, 25], [1, 23, 9, 15, 2, 6, 21, 8, 7, 10, 18, 16, 4, 3, 13, 14, 17, 5, 19, 20, 11, 22, 12, 24, 25], [1, 23, 9, 15, 2, 6, 21, 8, 7, 10, 11, 16, 4, 3, 13, 14, 17, 5, 19, 20, 18, 22, 12, 24, 25], [1, 23, 9, 15, 2, 6, 21, 8, 7, 10, 11, 12, 4, 3, 13, 14, 17, 5, 19, 20, 18, 22, 16, 24, 25], [1, 23, 9, 15, 2, 6, 18, 8, 7, 10, 11, 12, 4, 3, 13, 14, 17, 5, 19, 20, 21, 22, 16, 24, 25], [1, 23, 9, 15, 2, 6, 5, 8, 7, 10, 11, 12, 4, 3, 13, 14, 17, 18, 19, 20, 21, 22, 16, 24, 25], [1, 23, 9, 15, 2, 6, 5, 8, 7, 10, 11, 12, 4, 3, 13, 16, 17, 18, 19, 20, 21, 22, 14, 24, 25], [1, 23, 9, 15, 2, 6, 5, 8, 7, 10, 11, 12, 4, 14, 13, 16, 17, 18, 19, 20, 21, 22, 3, 24, 25], [1, 3, 9, 15, 2, 6, 5, 8, 7, 10, 11, 12, 4, 14, 13, 16, 17, 18, 19, 20, 21, 22, 23, 24, 25], [1, 2, 9, 15, 3, 6, 5, 8, 7, 10, 11, 12, 4, 14, 13, 16, 17, 18, 19, 20, 21, 22, 23, 24, 25], [1, 2, 9, 15, 3, 6, 5, 8, 7, 10, 11, 12, 13, 14, 4, 16, 17, 18, 19, 20, 21, 22, 23, 24, 25], [1, 2, 9, 15, 3, 6, 7, 8, 5, 10, 11, 12, 13, 14, 4, 16, 17, 18, 19, 20, 21, 22, 23, 24, 25], [1, 2, 9, 15, 5, 6, 7, 8, 3, 10, 11, 12, 13, 14, 4, 16, 17, 18, 19, 20, 21, 22, 23, 24, 25], [1, 2, 3, 15, 5, 6, 7, 8, 9, 10, 11, 12, 13, 14, 4, 16, 17, 18, 19, 20, 21, 22, 23, 24, 25], [1, 2, 3, 4, 5, 6, 7, 8, 9, 10, 11, 12, 13, 14, 15, 16, 17, 18, 19, 20, 21, 22, 23, 24, 25]], idx1=[1, 8, 6, 19, 20, 4, 17, 11, 12, 18, 5, 14, 3, 3, 2, 4, 5, 3, 3, 4], idx2=[15, 16, 16, 23, 24, 20, 18, 18, 16, 21, 18, 16, 14, 23, 3, 13, 7, 5, 9, 15], _checker='')