============================================================
BENCHMARK ID: 28 | DIMENSIONE: 15 | STRATEGIA: domwdeg
============================================================

Input Vector: [3, 7, 13, 11, 6, 10, 12, 15, 9, 8, 4, 14, 1, 2, 5]

STATO: RISOLTO
K: 10
TEMPO: 0.7800s
----------------------------------------
PIANO:
Solution(v=[[3, 7, 13, 11, 6, 10, 12, 15, 9, 8, 4, 14, 1, 2, 5], [3, 7, 13, 11, 6, 10, 12, 8, 9, 15, 4, 14, 1, 2, 5], [3, 7, 13, 11, 6, 10, 12, 8, 9, 5, 4, 14, 1, 2, 15], [3, 7, 13, 11, 6, 10, 12, 8, 9, 5, 4, 2, 1, 14, 15], [3, 7, 13, 11, 6, 10, 2, 8, 9, 5, 4, 12, 1, 14, 15], [3, 2, 13, 11, 6, 10, 7, 8, 9, 5, 4, 12, 1, 14, 15], [3, 2, 1, 11, 6, 10, 7, 8, 9, 5, 4, 12, 13, 14, 15], [1, 2, 3, 11, 6, 10, 7, 8, 9, 5, 4, 12, 13, 14, 15], [1, 2, 3, 4, 6, 10, 7, 8, 9, 5, 11, 12, 13, 14, 15], [1, 2, 3, 4, 6, 5, 7, 8, 9, 10, 11, 12, 13, 14, 15], [1, 2, 3, 4, 5, 6, 7, 8, 9, 10, 11, 12, 13, 14, 15]], pos=[[13, 14, 1, 11, 15, 5, 2, 10, 9, 6, 4, 7, 3, 12, 8], [13, 14, 1, 11, 15, 5, 2, 8, 9, 6, 4, 7, 3, 12, 10], [13, 14, 1, 11, 10, 5, 2, 8, 9, 6, 4, 7, 3, 12, 15], [13, 12, 1, 11, 10, 5, 2, 8, 9, 6, 4, 7, 3, 14, 15], [13, 7, 1, 11, 10, 5, 2, 8, 9, 6, 4, 12, 3, 14, 15], [13, 2, 1, 11, 10, 5, 7, 8, 9, 6, 4, 12, 3, 14, 15], [3, 2, 1, 11, 10, 5, 7, 8, 9, 6, 4, 12, 13, 14, 15], [1, 2, 3, 11, 10, 5, 7, 8, 9, 6, 4, 12, 13, 14, 15], [1, 2, 3, 4, 10, 5, 7, 8, 9, 6, 11, 12, 13, 14, 15], [1, 2, 3, 4, 6, 5, 7, 8, 9, 10, 11, 12, 13, 14, 15], [1, 2, 3, 4, 5, 6, 7, 8, 9, 10, 11, 12, 13, 14, 15]], idx1=[8, 10, 12, 7, 2, 3, 1, 4, 6, 5], idx2=[10, 15, 14, 12, 7, 13, 3, 11, 10, 6], _checker='')