============================================================
BENCHMARK ID: 34 | DIMENSIONE: 20 | STRATEGIA: domwdeg
============================================================

Input Vector: [20, 18, 5, 11, 1, 14, 16, 2, 8, 7, 13, 6, 10, 19, 12, 9, 4, 17, 15, 3]

STATO: RISOLTO
K: 17
TEMPO: 1.6450s
----------------------------------------
PIANO:
Solution(v=[[20, 18, 5, 11, 1, 14, 16, 2, 8, 7, 13, 6, 10, 19, 12, 9, 4, 17, 15, 3], [20, 18, 5, 4, 1, 14, 16, 2, 8, 7, 13, 6, 10, 19, 12, 9, 11, 17, 15, 3], [20, 18, 5, 4, 1, 14, 16, 2, 9, 7, 13, 6, 10, 19, 12, 8, 11, 17, 15, 3], [20, 18, 5, 4, 1, 14, 16, 2, 9, 7, 13, 6, 10, 19, 12, 8, 17, 11, 15, 3], [20, 18, 5, 4, 1, 14, 16, 2, 9, 7, 11, 6, 10, 19, 12, 8, 17, 13, 15, 3], [20, 18, 5, 4, 1, 14, 16, 2, 9, 7, 11, 6, 10, 15, 12, 8, 17, 13, 19, 3], [20, 18, 5, 4, 1, 15, 16, 2, 9, 7, 11, 6, 10, 14, 12, 8, 17, 13, 19, 3], [20, 18, 5, 4, 1, 15, 16, 2, 9, 10, 11, 6, 7, 14, 12, 8, 17, 13, 19, 3], [20, 18, 5, 4, 1, 15, 7, 2, 9, 10, 11, 6, 16, 14, 12, 8, 17, 13, 19, 3], [20, 18, 5, 4, 1, 15, 7, 2, 9, 10, 11, 6, 8, 14, 12, 16, 17, 13, 19, 3], [20, 18, 5, 4, 1, 15, 7, 8, 9, 10, 11, 6, 2, 14, 12, 16, 17, 13, 19, 3], [20, 18, 5, 4, 1, 15, 7, 8, 9, 10, 11, 6, 13, 14, 12, 16, 17, 2, 19, 3], [20, 2, 5, 4, 1, 15, 7, 8, 9, 10, 11, 6, 13, 14, 12, 16, 17, 18, 19, 3], [20, 2, 1, 4, 5, 15, 7, 8, 9, 10, 11, 6, 13, 14, 12, 16, 17, 18, 19, 3], [20, 2, 3, 4, 5, 15, 7, 8, 9, 10, 11, 6, 13, 14, 12, 16, 17, 18, 19, 1], [1, 2, 3, 4, 5, 15, 7, 8, 9, 10, 11, 6, 13, 14, 12, 16, 17, 18, 19, 20], [1, 2, 3, 4, 5, 6, 7, 8, 9, 10, 11, 15, 13, 14, 12, 16, 17, 18, 19, 20], [1, 2, 3, 4, 5, 6, 7, 8, 9, 10, 11, 12, 13, 14, 15, 16, 17, 18, 19, 20]], pos=[[5, 8, 20, 17, 3, 12, 10, 9, 16, 13, 4, 15, 11, 6, 19, 7, 18, 2, 14, 1], [5, 8, 20, 4, 3, 12, 10, 9, 16, 13, 17, 15, 11, 6, 19, 7, 18, 2, 14, 1], [5, 8, 20, 4, 3, 12, 10, 16, 9, 13, 17, 15, 11, 6, 19, 7, 18, 2, 14, 1], [5, 8, 20, 4, 3, 12, 10, 16, 9, 13, 18, 15, 11, 6, 19, 7, 17, 2, 14, 1], [5, 8, 20, 4, 3, 12, 10, 16, 9, 13, 11, 15, 18, 6, 19, 7, 17, 2, 14, 1], [5, 8, 20, 4, 3, 12, 10, 16, 9, 13, 11, 15, 18, 6, 14, 7, 17, 2, 19, 1], [5, 8, 20, 4, 3, 12, 10, 16, 9, 13, 11, 15, 18, 14, 6, 7, 17, 2, 19, 1], [5, 8, 20, 4, 3, 12, 13, 16, 9, 10, 11, 15, 18, 14, 6, 7, 17, 2, 19, 1], [5, 8, 20, 4, 3, 12, 7, 16, 9, 10, 11, 15, 18, 14, 6, 13, 17, 2, 19, 1], [5, 8, 20, 4, 3, 12, 7, 13, 9, 10, 11, 15, 18, 14, 6, 16, 17, 2, 19, 1], [5, 13, 20, 4, 3, 12, 7, 8, 9, 10, 11, 15, 18, 14, 6, 16, 17, 2, 19, 1], [5, 18, 20, 4, 3, 12, 7, 8, 9, 10, 11, 15, 13, 14, 6, 16, 17, 2, 19, 1], [5, 2, 20, 4, 3, 12, 7, 8, 9, 10, 11, 15, 13, 14, 6, 16, 17, 18, 19, 1], [3, 2, 20, 4, 5, 12, 7, 8, 9, 10, 11, 15, 13, 14, 6, 16, 17, 18, 19, 1], [20, 2, 3, 4, 5, 12, 7, 8, 9, 10, 11, 15, 13, 14, 6, 16, 17, 18, 19, 1], [1, 2, 3, 4, 5, 12, 7, 8, 9, 10, 11, 15, 13, 14, 6, 16, 17, 18, 19, 20], [1, 2, 3, 4, 5, 6, 7, 8, 9, 10, 11, 15, 13, 14, 12, 16, 17, 18, 19, 20], [1, 2, 3, 4, 5, 6, 7, 8, 9, 10, 11, 12, 13, 14, 15, 16, 17, 18, 19, 20]], idx1=[4, 9, 17, 11, 14, 6, 10, 7, 13, 8, 13, 2, 3, 3, 1, 6, 12], idx2=[17, 16, 18, 18, 19, 14, 13, 13, 16, 13, 18, 18, 5, 20, 20, 12, 15], _checker='')