============================================================
BENCHMARK ID: 23 | DIMENSIONE: 15 | STRATEGIA: domwdeg
============================================================

Input Vector: [4, 15, 10, 6, 14, 11, 12, 13, 8, 2, 1, 7, 5, 3, 9]

STATO: RISOLTO
K: 12
TEMPO: 0.3430s
----------------------------------------
PIANO:
Solution(v=[[4, 15, 10, 6, 14, 11, 12, 13, 8, 2, 1, 7, 5, 3, 9], [4, 15, 10, 6, 3, 11, 12, 13, 8, 2, 1, 7, 5, 14, 9], [4, 15, 10, 6, 3, 11, 12, 8, 13, 2, 1, 7, 5, 14, 9], [4, 15, 10, 6, 3, 11, 12, 8, 9, 2, 1, 7, 5, 14, 13], [4, 15, 10, 6, 3, 11, 12, 8, 9, 2, 1, 7, 13, 14, 5], [4, 5, 10, 6, 3, 11, 12, 8, 9, 2, 1, 7, 13, 14, 15], [4, 2, 10, 6, 3, 11, 12, 8, 9, 5, 1, 7, 13, 14, 15], [4, 2, 3, 6, 10, 11, 12, 8, 9, 5, 1, 7, 13, 14, 15], [4, 2, 3, 6, 5, 11, 12, 8, 9, 10, 1, 7, 13, 14, 15], [4, 2, 3, 6, 5, 1, 12, 8, 9, 10, 11, 7, 13, 14, 15], [1, 2, 3, 6, 5, 4, 12, 8, 9, 10, 11, 7, 13, 14, 15], [1, 2, 3, 4, 5, 6, 12, 8, 9, 10, 11, 7, 13, 14, 15], [1, 2, 3, 4, 5, 6, 7, 8, 9, 10, 11, 12, 13, 14, 15]], pos=[[11, 10, 14, 1, 13, 4, 12, 9, 15, 3, 6, 7, 8, 5, 2], [11, 10, 5, 1, 13, 4, 12, 9, 15, 3, 6, 7, 8, 14, 2], [11, 10, 5, 1, 13, 4, 12, 8, 15, 3, 6, 7, 9, 14, 2], [11, 10, 5, 1, 13, 4, 12, 8, 9, 3, 6, 7, 15, 14, 2], [11, 10, 5, 1, 15, 4, 12, 8, 9, 3, 6, 7, 13, 14, 2], [11, 10, 5, 1, 2, 4, 12, 8, 9, 3, 6, 7, 13, 14, 15], [11, 2, 5, 1, 10, 4, 12, 8, 9, 3, 6, 7, 13, 14, 15], [11, 2, 3, 1, 10, 4, 12, 8, 9, 5, 6, 7, 13, 14, 15], [11, 2, 3, 1, 5, 4, 12, 8, 9, 10, 6, 7, 13, 14, 15], [6, 2, 3, 1, 5, 4, 12, 8, 9, 10, 11, 7, 13, 14, 15], [1, 2, 3, 6, 5, 4, 12, 8, 9, 10, 11, 7, 13, 14, 15], [1, 2, 3, 4, 5, 6, 12, 8, 9, 10, 11, 7, 13, 14, 15], [1, 2, 3, 4, 5, 6, 7, 8, 9, 10, 11, 12, 13, 14, 15]], idx1=[5, 8, 9, 13, 2, 2, 3, 5, 6, 1, 4, 7], idx2=[14, 9, 15, 15, 15, 10, 5, 10, 11, 6, 6, 12], _checker='')