============================================================
BENCHMARK ID: 35 | DIMENSIONE: 20 | STRATEGIA: domwdeg
============================================================

Input Vector: [15, 13, 19, 2, 6, 17, 4, 8, 14, 16, 7, 11, 1, 3, 10, 12, 5, 20, 18, 9]

STATO: RISOLTO
K: 16
TEMPO: 0.7890s
----------------------------------------
PIANO:
Solution(v=[[15, 13, 19, 2, 6, 17, 4, 8, 14, 16, 7, 11, 1, 3, 10, 12, 5, 20, 18, 9], [10, 13, 19, 2, 6, 17, 4, 8, 14, 16, 7, 11, 1, 3, 15, 12, 5, 20, 18, 9], [10, 13, 19, 2, 6, 17, 4, 8, 14, 16, 11, 7, 1, 3, 15, 12, 5, 20, 18, 9], [10, 13, 19, 2, 6, 17, 4, 8, 14, 16, 11, 12, 1, 3, 15, 7, 5, 20, 18, 9], [10, 13, 19, 2, 6, 17, 4, 8, 14, 7, 11, 12, 1, 3, 15, 16, 5, 20, 18, 9], [7, 13, 19, 2, 6, 17, 4, 8, 14, 10, 11, 12, 1, 3, 15, 16, 5, 20, 18, 9], [7, 13, 19, 2, 6, 17, 4, 8, 9, 10, 11, 12, 1, 3, 15, 16, 5, 20, 18, 14], [7, 13, 19, 2, 6, 17, 4, 8, 9, 10, 11, 12, 1, 3, 15, 16, 5, 18, 20, 14], [7, 13, 19, 2, 6, 17, 4, 8, 9, 10, 11, 12, 1, 3, 15, 16, 5, 18, 14, 20], [7, 13, 19, 2, 6, 17, 4, 8, 9, 10, 11, 12, 1, 14, 15, 16, 5, 18, 3, 20], [7, 13, 3, 2, 6, 17, 4, 8, 9, 10, 11, 12, 1, 14, 15, 16, 5, 18, 19, 20], [7, 13, 3, 4, 6, 17, 2, 8, 9, 10, 11, 12, 1, 14, 15, 16, 5, 18, 19, 20], [7, 2, 3, 4, 6, 17, 13, 8, 9, 10, 11, 12, 1, 14, 15, 16, 5, 18, 19, 20], [7, 2, 3, 4, 17, 6, 13, 8, 9, 10, 11, 12, 1, 14, 15, 16, 5, 18, 19, 20], [7, 2, 3, 4, 17, 6, 1, 8, 9, 10, 11, 12, 13, 14, 15, 16, 5, 18, 19, 20], [1, 2, 3, 4, 17, 6, 7, 8, 9, 10, 11, 12, 13, 14, 15, 16, 5, 18, 19, 20], [1, 2, 3, 4, 5, 6, 7, 8, 9, 10, 11, 12, 13, 14, 15, 16, 17, 18, 19, 20]], pos=[[13, 4, 14, 7, 17, 5, 11, 8, 20, 15, 12, 16, 2, 9, 1, 10, 6, 19, 3, 18], [13, 4, 14, 7, 17, 5, 11, 8, 20, 1, 12, 16, 2, 9, 15, 10, 6, 19, 3, 18], [13, 4, 14, 7, 17, 5, 12, 8, 20, 1, 11, 16, 2, 9, 15, 10, 6, 19, 3, 18], [13, 4, 14, 7, 17, 5, 16, 8, 20, 1, 11, 12, 2, 9, 15, 10, 6, 19, 3, 18], [13, 4, 14, 7, 17, 5, 10, 8, 20, 1, 11, 12, 2, 9, 15, 16, 6, 19, 3, 18], [13, 4, 14, 7, 17, 5, 1, 8, 20, 10, 11, 12, 2, 9, 15, 16, 6, 19, 3, 18], [13, 4, 14, 7, 17, 5, 1, 8, 9, 10, 11, 12, 2, 20, 15, 16, 6, 19, 3, 18], [13, 4, 14, 7, 17, 5, 1, 8, 9, 10, 11, 12, 2, 20, 15, 16, 6, 18, 3, 19], [13, 4, 14, 7, 17, 5, 1, 8, 9, 10, 11, 12, 2, 19, 15, 16, 6, 18, 3, 20], [13, 4, 19, 7, 17, 5, 1, 8, 9, 10, 11, 12, 2, 14, 15, 16, 6, 18, 3, 20], [13, 4, 3, 7, 17, 5, 1, 8, 9, 10, 11, 12, 2, 14, 15, 16, 6, 18, 19, 20], [13, 7, 3, 4, 17, 5, 1, 8, 9, 10, 11, 12, 2, 14, 15, 16, 6, 18, 19, 20], [13, 2, 3, 4, 17, 5, 1, 8, 9, 10, 11, 12, 7, 14, 15, 16, 6, 18, 19, 20], [13, 2, 3, 4, 17, 6, 1, 8, 9, 10, 11, 12, 7, 14, 15, 16, 5, 18, 19, 20], [7, 2, 3, 4, 17, 6, 1, 8, 9, 10, 11, 12, 13, 14, 15, 16, 5, 18, 19, 20], [1, 2, 3, 4, 17, 6, 7, 8, 9, 10, 11, 12, 13, 14, 15, 16, 5, 18, 19, 20], [1, 2, 3, 4, 5, 6, 7, 8, 9, 10, 11, 12, 13, 14, 15, 16, 17, 18, 19, 20]], idx1=[1, 11, 12, 10, 1, 9, 18, 19, 14, 3, 4, 2, 5, 7, 1, 5], idx2=[15, 12, 16, 16, 10, 20, 19, 20, 19, 19, 7, 7, 6, 13, 7, 17], _checker='')