============================================================
BENCHMARK ID: 55 | DIMENSIONE: 30 | STRATEGIA: domwdeg
============================================================

Input Vector: [10, 13, 26, 20, 21, 6, 16, 4, 22, 17, 3, 12, 27, 25, 24, 8, 2, 15, 5, 18, 1, 9, 7, 14, 29, 19, 11, 23, 30, 28]

STATO: RISOLTO
K: 25
TEMPO: 17.2120s
----------------------------------------
PIANO:
Solution(v=[[10, 13, 26, 20, 21, 6, 16, 4, 22, 17, 3, 12, 27, 25, 24, 8, 2, 15, 5, 18, 1, 9, 7, 14, 29, 19, 11, 23, 30, 28], [10, 13, 26, 20, 21, 6, 16, 4, 22, 17, 3, 12, 27, 25, 15, 8, 2, 24, 5, 18, 1, 9, 7, 14, 29, 19, 11, 23, 30, 28], [10, 13, 26, 20, 21, 6, 16, 4, 22, 17, 3, 12, 27, 25, 15, 8, 2, 24, 19, 18, 1, 9, 7, 14, 29, 5, 11, 23, 30, 28], [10, 13, 26, 20, 21, 6, 16, 4, 22, 17, 3, 12, 27, 25, 15, 8, 2, 24, 19, 18, 1, 9, 7, 14, 29, 5, 11, 23, 28, 30], [10, 13, 26, 20, 21, 6, 16, 4, 22, 17, 3, 12, 27, 25, 15, 8, 2, 24, 19, 18, 1, 9, 7, 14, 29, 5, 11, 28, 23, 30], [10, 13, 26, 20, 21, 6, 16, 4, 22, 17, 3, 12, 27, 25, 15, 8, 2, 24, 19, 18, 1, 9, 23, 14, 29, 5, 11, 28, 7, 30], [10, 13, 26, 20, 21, 6, 7, 4, 22, 17, 3, 12, 27, 25, 15, 8, 2, 24, 19, 18, 1, 9, 23, 14, 29, 5, 11, 28, 16, 30], [10, 13, 26, 20, 21, 6, 7, 4, 22, 17, 3, 12, 11, 25, 15, 8, 2, 24, 19, 18, 1, 9, 23, 14, 29, 5, 27, 28, 16, 30], [10, 13, 26, 20, 21, 6, 7, 4, 22, 17, 11, 12, 3, 25, 15, 8, 2, 24, 19, 18, 1, 9, 23, 14, 29, 5, 27, 28, 16, 30], [10, 13, 3, 20, 21, 6, 7, 4, 22, 17, 11, 12, 26, 25, 15, 8, 2, 24, 19, 18, 1, 9, 23, 14, 29, 5, 27, 28, 16, 30], [10, 13, 3, 20, 21, 6, 7, 4, 22, 2, 11, 12, 26, 25, 15, 8, 17, 24, 19, 18, 1, 9, 23, 14, 29, 5, 27, 28, 16, 30], [10, 13, 3, 20, 21, 6, 7, 4, 22, 2, 11, 12, 5, 25, 15, 8, 17, 24, 19, 18, 1, 9, 23, 14, 29, 26, 27, 28, 16, 30], [10, 13, 3, 20, 21, 6, 7, 4, 22, 2, 11, 12, 5, 14, 15, 8, 17, 24, 19, 18, 1, 9, 23, 25, 29, 26, 27, 28, 16, 30], [10, 13, 3, 20, 21, 6, 7, 4, 22, 2, 11, 12, 5, 14, 15, 8, 17, 25, 19, 18, 1, 9, 23, 24, 29, 26, 27, 28, 16, 30], [10, 13, 3, 20, 21, 6, 7, 4, 22, 2, 11, 12, 5, 14, 15, 8, 17, 25, 19, 18, 1, 9, 23, 24, 16, 26, 27, 28, 29, 30], [10, 13, 3, 20, 21, 6, 7, 4, 22, 2, 11, 12, 5, 14, 15, 16, 17, 25, 19, 18, 1, 9, 23, 24, 8, 26, 27, 28, 29, 30], [10, 13, 3, 20, 21, 6, 7, 4, 22, 2, 11, 12, 5, 14, 15, 16, 17, 8, 19, 18, 1, 9, 23, 24, 25, 26, 27, 28, 29, 30], [10, 13, 3, 20, 21, 6, 7, 8, 22, 2, 11, 12, 5, 14, 15, 16, 17, 4, 19, 18, 1, 9, 23, 24, 25, 26, 27, 28, 29, 30], [10, 13, 3, 4, 21, 6, 7, 8, 22, 2, 11, 12, 5, 14, 15, 16, 17, 20, 19, 18, 1, 9, 23, 24, 25, 26, 27, 28, 29, 30], [10, 13, 3, 4, 1, 6, 7, 8, 22, 2, 11, 12, 5, 14, 15, 16, 17, 20, 19, 18, 21, 9, 23, 24, 25, 26, 27, 28, 29, 30], [10, 13, 3, 4, 5, 6, 7, 8, 22, 2, 11, 12, 1, 14, 15, 16, 17, 20, 19, 18, 21, 9, 23, 24, 25, 26, 27, 28, 29, 30], [10, 1, 3, 4, 5, 6, 7, 8, 22, 2, 11, 12, 13, 14, 15, 16, 17, 20, 19, 18, 21, 9, 23, 24, 25, 26, 27, 28, 29, 30], [1, 10, 3, 4, 5, 6, 7, 8, 22, 2, 11, 12, 13, 14, 15, 16, 17, 20, 19, 18, 21, 9, 23, 24, 25, 26, 27, 28, 29, 30], [1, 2, 3, 4, 5, 6, 7, 8, 22, 10, 11, 12, 13, 14, 15, 16, 17, 20, 19, 18, 21, 9, 23, 24, 25, 26, 27, 28, 29, 30], [1, 2, 3, 4, 5, 6, 7, 8, 9, 10, 11, 12, 13, 14, 15, 16, 17, 20, 19, 18, 21, 22, 23, 24, 25, 26, 27, 28, 29, 30], [1, 2, 3, 4, 5, 6, 7, 8, 9, 10, 11, 12, 13, 14, 15, 16, 17, 18, 19, 20, 21, 22, 23, 24, 25, 26, 27, 28, 29, 30]], pos=[[21, 17, 11, 8, 19, 6, 23, 16, 22, 1, 27, 12, 2, 24, 18, 7, 10, 20, 26, 4, 5, 9, 28, 15, 14, 3, 13, 30, 25, 29], [21, 17, 11, 8, 19, 6, 23, 16, 22, 1, 27, 12, 2, 24, 15, 7, 10, 20, 26, 4, 5, 9, 28, 18, 14, 3, 13, 30, 25, 29], [21, 17, 11, 8, 26, 6, 23, 16, 22, 1, 27, 12, 2, 24, 15, 7, 10, 20, 19, 4, 5, 9, 28, 18, 14, 3, 13, 30, 25, 29], [21, 17, 11, 8, 26, 6, 23, 16, 22, 1, 27, 12, 2, 24, 15, 7, 10, 20, 19, 4, 5, 9, 28, 18, 14, 3, 13, 29, 25, 30], [21, 17, 11, 8, 26, 6, 23, 16, 22, 1, 27, 12, 2, 24, 15, 7, 10, 20, 19, 4, 5, 9, 29, 18, 14, 3, 13, 28, 25, 30], [21, 17, 11, 8, 26, 6, 29, 16, 22, 1, 27, 12, 2, 24, 15, 7, 10, 20, 19, 4, 5, 9, 23, 18, 14, 3, 13, 28, 25, 30], [21, 17, 11, 8, 26, 6, 7, 16, 22, 1, 27, 12, 2, 24, 15, 29, 10, 20, 19, 4, 5, 9, 23, 18, 14, 3, 13, 28, 25, 30], [21, 17, 11, 8, 26, 6, 7, 16, 22, 1, 13, 12, 2, 24, 15, 29, 10, 20, 19, 4, 5, 9, 23, 18, 14, 3, 27, 28, 25, 30], [21, 17, 13, 8, 26, 6, 7, 16, 22, 1, 11, 12, 2, 24, 15, 29, 10, 20, 19, 4, 5, 9, 23, 18, 14, 3, 27, 28, 25, 30], [21, 17, 3, 8, 26, 6, 7, 16, 22, 1, 11, 12, 2, 24, 15, 29, 10, 20, 19, 4, 5, 9, 23, 18, 14, 13, 27, 28, 25, 30], [21, 10, 3, 8, 26, 6, 7, 16, 22, 1, 11, 12, 2, 24, 15, 29, 17, 20, 19, 4, 5, 9, 23, 18, 14, 13, 27, 28, 25, 30], [21, 10, 3, 8, 13, 6, 7, 16, 22, 1, 11, 12, 2, 24, 15, 29, 17, 20, 19, 4, 5, 9, 23, 18, 14, 26, 27, 28, 25, 30], [21, 10, 3, 8, 13, 6, 7, 16, 22, 1, 11, 12, 2, 14, 15, 29, 17, 20, 19, 4, 5, 9, 23, 18, 24, 26, 27, 28, 25, 30], [21, 10, 3, 8, 13, 6, 7, 16, 22, 1, 11, 12, 2, 14, 15, 29, 17, 20, 19, 4, 5, 9, 23, 24, 18, 26, 27, 28, 25, 30], [21, 10, 3, 8, 13, 6, 7, 16, 22, 1, 11, 12, 2, 14, 15, 25, 17, 20, 19, 4, 5, 9, 23, 24, 18, 26, 27, 28, 29, 30], [21, 10, 3, 8, 13, 6, 7, 25, 22, 1, 11, 12, 2, 14, 15, 16, 17, 20, 19, 4, 5, 9, 23, 24, 18, 26, 27, 28, 29, 30], [21, 10, 3, 8, 13, 6, 7, 18, 22, 1, 11, 12, 2, 14, 15, 16, 17, 20, 19, 4, 5, 9, 23, 24, 25, 26, 27, 28, 29, 30], [21, 10, 3, 18, 13, 6, 7, 8, 22, 1, 11, 12, 2, 14, 15, 16, 17, 20, 19, 4, 5, 9, 23, 24, 25, 26, 27, 28, 29, 30], [21, 10, 3, 4, 13, 6, 7, 8, 22, 1, 11, 12, 2, 14, 15, 16, 17, 20, 19, 18, 5, 9, 23, 24, 25, 26, 27, 28, 29, 30], [5, 10, 3, 4, 13, 6, 7, 8, 22, 1, 11, 12, 2, 14, 15, 16, 17, 20, 19, 18, 21, 9, 23, 24, 25, 26, 27, 28, 29, 30], [13, 10, 3, 4, 5, 6, 7, 8, 22, 1, 11, 12, 2, 14, 15, 16, 17, 20, 19, 18, 21, 9, 23, 24, 25, 26, 27, 28, 29, 30], [2, 10, 3, 4, 5, 6, 7, 8, 22, 1, 11, 12, 13, 14, 15, 16, 17, 20, 19, 18, 21, 9, 23, 24, 25, 26, 27, 28, 29, 30], [1, 10, 3, 4, 5, 6, 7, 8, 22, 2, 11, 12, 13, 14, 15, 16, 17, 20, 19, 18, 21, 9, 23, 24, 25, 26, 27, 28, 29, 30], [1, 2, 3, 4, 5, 6, 7, 8, 22, 10, 11, 12, 13, 14, 15, 16, 17, 20, 19, 18, 21, 9, 23, 24, 25, 26, 27, 28, 29, 30], [1, 2, 3, 4, 5, 6, 7, 8, 9, 10, 11, 12, 13, 14, 15, 16, 17, 20, 19, 18, 21, 22, 23, 24, 25, 26, 27, 28, 29, 30], [1, 2, 3, 4, 5, 6, 7, 8, 9, 10, 11, 12, 13, 14, 15, 16, 17, 18, 19, 20, 21, 22, 23, 24, 25, 26, 27, 28, 29, 30]], idx1=[15, 19, 29, 28, 23, 7, 13, 11, 3, 10, 13, 14, 18, 25, 16, 18, 8, 4, 5, 5, 2, 1, 2, 9, 18], idx2=[18, 26, 30, 29, 29, 29, 27, 13, 13, 17, 26, 24, 24, 29, 25, 25, 18, 18, 21, 13, 13, 2, 10, 22, 20], _checker='')