============================================================
BENCHMARK ID: 36 | DIMENSIONE: 20 | STRATEGIA: domwdeg
============================================================

Input Vector: [13, 20, 1, 15, 5, 19, 6, 18, 3, 14, 16, 12, 10, 7, 4, 9, 2, 11, 8, 17]

STATO: RISOLTO
K: 15
TEMPO: 0.6160s
----------------------------------------
PIANO:
Solution(v=[[13, 20, 1, 15, 5, 19, 6, 18, 3, 14, 16, 12, 10, 7, 4, 9, 2, 11, 8, 17], [10, 20, 1, 15, 5, 19, 6, 18, 3, 14, 16, 12, 13, 7, 4, 9, 2, 11, 8, 17], [10, 2, 1, 15, 5, 19, 6, 18, 3, 14, 16, 12, 13, 7, 4, 9, 20, 11, 8, 17], [10, 2, 1, 15, 5, 19, 6, 8, 3, 14, 16, 12, 13, 7, 4, 9, 20, 11, 18, 17], [10, 2, 1, 15, 5, 19, 6, 8, 3, 14, 16, 12, 13, 7, 4, 9, 17, 11, 18, 20], [10, 2, 1, 15, 5, 19, 6, 8, 3, 14, 16, 12, 13, 7, 4, 9, 17, 18, 11, 20], [10, 2, 1, 15, 5, 11, 6, 8, 3, 14, 16, 12, 13, 7, 4, 9, 17, 18, 19, 20], [10, 2, 1, 15, 5, 16, 6, 8, 3, 14, 11, 12, 13, 7, 4, 9, 17, 18, 19, 20], [10, 2, 1, 15, 5, 6, 16, 8, 3, 14, 11, 12, 13, 7, 4, 9, 17, 18, 19, 20], [10, 2, 1, 15, 5, 6, 16, 8, 9, 14, 11, 12, 13, 7, 4, 3, 17, 18, 19, 20], [10, 2, 3, 15, 5, 6, 16, 8, 9, 14, 11, 12, 13, 7, 4, 1, 17, 18, 19, 20], [10, 2, 3, 4, 5, 6, 16, 8, 9, 14, 11, 12, 13, 7, 15, 1, 17, 18, 19, 20], [10, 2, 3, 4, 5, 6, 1, 8, 9, 14, 11, 12, 13, 7, 15, 16, 17, 18, 19, 20], [1, 2, 3, 4, 5, 6, 10, 8, 9, 14, 11, 12, 13, 7, 15, 16, 17, 18, 19, 20], [1, 2, 3, 4, 5, 6, 10, 8, 9, 7, 11, 12, 13, 14, 15, 16, 17, 18, 19, 20], [1, 2, 3, 4, 5, 6, 7, 8, 9, 10, 11, 12, 13, 14, 15, 16, 17, 18, 19, 20]], pos=[[3, 17, 9, 15, 5, 7, 14, 19, 16, 13, 18, 12, 1, 10, 4, 11, 20, 8, 6, 2], [3, 17, 9, 15, 5, 7, 14, 19, 16, 1, 18, 12, 13, 10, 4, 11, 20, 8, 6, 2], [3, 2, 9, 15, 5, 7, 14, 19, 16, 1, 18, 12, 13, 10, 4, 11, 20, 8, 6, 17], [3, 2, 9, 15, 5, 7, 14, 8, 16, 1, 18, 12, 13, 10, 4, 11, 20, 19, 6, 17], [3, 2, 9, 15, 5, 7, 14, 8, 16, 1, 18, 12, 13, 10, 4, 11, 17, 19, 6, 20], [3, 2, 9, 15, 5, 7, 14, 8, 16, 1, 19, 12, 13, 10, 4, 11, 17, 18, 6, 20], [3, 2, 9, 15, 5, 7, 14, 8, 16, 1, 6, 12, 13, 10, 4, 11, 17, 18, 19, 20], [3, 2, 9, 15, 5, 7, 14, 8, 16, 1, 11, 12, 13, 10, 4, 6, 17, 18, 19, 20], [3, 2, 9, 15, 5, 6, 14, 8, 16, 1, 11, 12, 13, 10, 4, 7, 17, 18, 19, 20], [3, 2, 16, 15, 5, 6, 14, 8, 9, 1, 11, 12, 13, 10, 4, 7, 17, 18, 19, 20], [16, 2, 3, 15, 5, 6, 14, 8, 9, 1, 11, 12, 13, 10, 4, 7, 17, 18, 19, 20], [16, 2, 3, 4, 5, 6, 14, 8, 9, 1, 11, 12, 13, 10, 15, 7, 17, 18, 19, 20], [7, 2, 3, 4, 5, 6, 14, 8, 9, 1, 11, 12, 13, 10, 15, 16, 17, 18, 19, 20], [1, 2, 3, 4, 5, 6, 14, 8, 9, 7, 11, 12, 13, 10, 15, 16, 17, 18, 19, 20], [1, 2, 3, 4, 5, 6, 10, 8, 9, 7, 11, 12, 13, 14, 15, 16, 17, 18, 19, 20], [1, 2, 3, 4, 5, 6, 7, 8, 9, 10, 11, 12, 13, 14, 15, 16, 17, 18, 19, 20]], idx1=[1, 2, 8, 17, 18, 6, 6, 6, 9, 3, 4, 7, 1, 10, 7], idx2=[13, 17, 19, 20, 19, 19, 11, 7, 16, 16, 15, 16, 7, 14, 10], _checker='')