============================================================
BENCHMARK ID: 26 | DIMENSIONE: 15 | STRATEGIA: domwdeg
============================================================

Input Vector: [10, 15, 1, 7, 11, 8, 4, 13, 5, 6, 3, 14, 9, 2, 12]

STATO: RISOLTO
K: 12
TEMPO: 0.3120s
----------------------------------------
PIANO:
Solution(v=[[10, 15, 1, 7, 11, 8, 4, 13, 5, 6, 3, 14, 9, 2, 12], [10, 15, 1, 7, 11, 8, 4, 9, 5, 6, 3, 14, 13, 2, 12], [10, 15, 1, 7, 11, 9, 4, 8, 5, 6, 3, 14, 13, 2, 12], [10, 15, 1, 7, 11, 6, 4, 8, 5, 9, 3, 14, 13, 2, 12], [10, 15, 1, 7, 11, 6, 4, 8, 5, 9, 3, 12, 13, 2, 14], [10, 14, 1, 7, 11, 6, 4, 8, 5, 9, 3, 12, 13, 2, 15], [10, 14, 1, 7, 5, 6, 4, 8, 11, 9, 3, 12, 13, 2, 15], [10, 14, 1, 7, 5, 6, 4, 8, 9, 11, 3, 12, 13, 2, 15], [11, 14, 1, 7, 5, 6, 4, 8, 9, 10, 3, 12, 13, 2, 15], [11, 14, 3, 7, 5, 6, 4, 8, 9, 10, 1, 12, 13, 2, 15], [1, 14, 3, 7, 5, 6, 4, 8, 9, 10, 11, 12, 13, 2, 15], [1, 2, 3, 7, 5, 6, 4, 8, 9, 10, 11, 12, 13, 14, 15], [1, 2, 3, 4, 5, 6, 7, 8, 9, 10, 11, 12, 13, 14, 15]], pos=[[3, 14, 11, 7, 9, 10, 4, 6, 13, 1, 5, 15, 8, 12, 2], [3, 14, 11, 7, 9, 10, 4, 6, 8, 1, 5, 15, 13, 12, 2], [3, 14, 11, 7, 9, 10, 4, 8, 6, 1, 5, 15, 13, 12, 2], [3, 14, 11, 7, 9, 6, 4, 8, 10, 1, 5, 15, 13, 12, 2], [3, 14, 11, 7, 9, 6, 4, 8, 10, 1, 5, 12, 13, 15, 2], [3, 14, 11, 7, 9, 6, 4, 8, 10, 1, 5, 12, 13, 2, 15], [3, 14, 11, 7, 5, 6, 4, 8, 10, 1, 9, 12, 13, 2, 15], [3, 14, 11, 7, 5, 6, 4, 8, 9, 1, 10, 12, 13, 2, 15], [3, 14, 11, 7, 5, 6, 4, 8, 9, 10, 1, 12, 13, 2, 15], [11, 14, 3, 7, 5, 6, 4, 8, 9, 10, 1, 12, 13, 2, 15], [1, 14, 3, 7, 5, 6, 4, 8, 9, 10, 11, 12, 13, 2, 15], [1, 2, 3, 7, 5, 6, 4, 8, 9, 10, 11, 12, 13, 14, 15], [1, 2, 3, 4, 5, 6, 7, 8, 9, 10, 11, 12, 13, 14, 15]], idx1=[8, 6, 6, 12, 2, 5, 9, 1, 3, 1, 2, 4], idx2=[13, 8, 10, 15, 15, 9, 10, 10, 11, 11, 14, 7], _checker='')