============================================================
BENCHMARK ID: 25 | DIMENSIONE: 15 | STRATEGIA: domwdeg
============================================================

Input Vector: [10, 4, 15, 7, 6, 13, 9, 5, 14, 3, 1, 11, 12, 8, 2]

STATO: RISOLTO
K: 14
TEMPO: 0.5000s
----------------------------------------
PIANO:
Solution(v=[[10, 4, 15, 7, 6, 13, 9, 5, 14, 3, 1, 11, 12, 8, 2], [10, 4, 15, 7, 5, 13, 9, 6, 14, 3, 1, 11, 12, 8, 2], [10, 4, 15, 7, 5, 13, 14, 6, 9, 3, 1, 11, 12, 8, 2], [10, 4, 15, 7, 5, 13, 8, 6, 9, 3, 1, 11, 12, 14, 2], [10, 4, 15, 7, 5, 13, 6, 8, 9, 3, 1, 11, 12, 14, 2], [10, 4, 15, 6, 5, 13, 7, 8, 9, 3, 1, 11, 12, 14, 2], [10, 4, 15, 6, 5, 13, 7, 8, 9, 3, 1, 12, 11, 14, 2], [10, 4, 15, 6, 5, 13, 7, 8, 9, 3, 11, 12, 1, 14, 2], [1, 4, 15, 6, 5, 13, 7, 8, 9, 3, 11, 12, 10, 14, 2], [1, 4, 2, 6, 5, 13, 7, 8, 9, 3, 11, 12, 10, 14, 15], [1, 4, 2, 6, 5, 13, 7, 8, 9, 10, 11, 12, 3, 14, 15], [1, 4, 2, 6, 5, 3, 7, 8, 9, 10, 11, 12, 13, 14, 15], [1, 4, 2, 3, 5, 6, 7, 8, 9, 10, 11, 12, 13, 14, 15], [1, 4, 3, 2, 5, 6, 7, 8, 9, 10, 11, 12, 13, 14, 15], [1, 2, 3, 4, 5, 6, 7, 8, 9, 10, 11, 12, 13, 14, 15]], pos=[[11, 15, 10, 2, 8, 5, 4, 14, 7, 1, 12, 13, 6, 9, 3], [11, 15, 10, 2, 5, 8, 4, 14, 7, 1, 12, 13, 6, 9, 3], [11, 15, 10, 2, 5, 8, 4, 14, 9, 1, 12, 13, 6, 7, 3], [11, 15, 10, 2, 5, 8, 4, 7, 9, 1, 12, 13, 6, 14, 3], [11, 15, 10, 2, 5, 7, 4, 8, 9, 1, 12, 13, 6, 14, 3], [11, 15, 10, 2, 5, 4, 7, 8, 9, 1, 12, 13, 6, 14, 3], [11, 15, 10, 2, 5, 4, 7, 8, 9, 1, 13, 12, 6, 14, 3], [13, 15, 10, 2, 5, 4, 7, 8, 9, 1, 11, 12, 6, 14, 3], [1, 15, 10, 2, 5, 4, 7, 8, 9, 13, 11, 12, 6, 14, 3], [1, 3, 10, 2, 5, 4, 7, 8, 9, 13, 11, 12, 6, 14, 15], [1, 3, 13, 2, 5, 4, 7, 8, 9, 10, 11, 12, 6, 14, 15], [1, 3, 6, 2, 5, 4, 7, 8, 9, 10, 11, 12, 13, 14, 15], [1, 3, 4, 2, 5, 6, 7, 8, 9, 10, 11, 12, 13, 14, 15], [1, 4, 3, 2, 5, 6, 7, 8, 9, 10, 11, 12, 13, 14, 15], [1, 2, 3, 4, 5, 6, 7, 8, 9, 10, 11, 12, 13, 14, 15]], idx1=[5, 7, 7, 7, 4, 12, 11, 1, 3, 10, 6, 4, 3, 2], idx2=[8, 9, 14, 8, 7, 13, 13, 13, 15, 13, 13, 6, 4, 4], _checker='')