============================================================
BENCHMARK ID: 22 | DIMENSIONE: 15 | STRATEGIA: domwdeg
============================================================

Input Vector: [11, 8, 15, 10, 5, 14, 4, 7, 3, 1, 9, 13, 6, 12, 2]

STATO: RISOLTO
K: 12
TEMPO: 0.4630s
----------------------------------------
PIANO:
Solution(v=[[11, 8, 15, 10, 5, 14, 4, 7, 3, 1, 9, 13, 6, 12, 2], [11, 8, 3, 10, 5, 14, 4, 7, 15, 1, 9, 13, 6, 12, 2], [11, 8, 3, 4, 5, 14, 10, 7, 15, 1, 9, 13, 6, 12, 2], [11, 8, 3, 4, 5, 14, 10, 7, 2, 1, 9, 13, 6, 12, 15], [11, 8, 3, 4, 5, 14, 10, 7, 2, 1, 9, 6, 13, 12, 15], [11, 8, 3, 4, 5, 14, 10, 7, 2, 1, 9, 12, 13, 6, 15], [11, 8, 3, 4, 5, 6, 10, 7, 2, 1, 9, 12, 13, 14, 15], [11, 8, 3, 4, 5, 6, 7, 10, 2, 1, 9, 12, 13, 14, 15], [11, 8, 3, 4, 5, 6, 7, 10, 9, 1, 2, 12, 13, 14, 15], [11, 2, 3, 4, 5, 6, 7, 10, 9, 1, 8, 12, 13, 14, 15], [8, 2, 3, 4, 5, 6, 7, 10, 9, 1, 11, 12, 13, 14, 15], [8, 2, 3, 4, 5, 6, 7, 1, 9, 10, 11, 12, 13, 14, 15], [1, 2, 3, 4, 5, 6, 7, 8, 9, 10, 11, 12, 13, 14, 15]], pos=[[10, 15, 9, 7, 5, 13, 8, 2, 11, 4, 1, 14, 12, 6, 3], [10, 15, 3, 7, 5, 13, 8, 2, 11, 4, 1, 14, 12, 6, 9], [10, 15, 3, 4, 5, 13, 8, 2, 11, 7, 1, 14, 12, 6, 9], [10, 9, 3, 4, 5, 13, 8, 2, 11, 7, 1, 14, 12, 6, 15], [10, 9, 3, 4, 5, 12, 8, 2, 11, 7, 1, 14, 13, 6, 15], [10, 9, 3, 4, 5, 14, 8, 2, 11, 7, 1, 12, 13, 6, 15], [10, 9, 3, 4, 5, 6, 8, 2, 11, 7, 1, 12, 13, 14, 15], [10, 9, 3, 4, 5, 6, 7, 2, 11, 8, 1, 12, 13, 14, 15], [10, 11, 3, 4, 5, 6, 7, 2, 9, 8, 1, 12, 13, 14, 15], [10, 2, 3, 4, 5, 6, 7, 11, 9, 8, 1, 12, 13, 14, 15], [10, 2, 3, 4, 5, 6, 7, 1, 9, 8, 11, 12, 13, 14, 15], [8, 2, 3, 4, 5, 6, 7, 1, 9, 10, 11, 12, 13, 14, 15], [1, 2, 3, 4, 5, 6, 7, 8, 9, 10, 11, 12, 13, 14, 15]], idx1=[3, 4, 9, 12, 12, 6, 7, 9, 2, 1, 8, 1], idx2=[9, 7, 15, 13, 14, 14, 8, 11, 11, 11, 10, 8], _checker='')