============================================================
BENCHMARK ID: 21 | DIMENSIONE: 15 | STRATEGIA: domwdeg
============================================================

Input Vector: [1, 6, 13, 4, 5, 15, 12, 14, 9, 11, 3, 7, 2, 10, 8]

STATO: RISOLTO
K: 9
TEMPO: 0.3060s
----------------------------------------
PIANO:
Solution(v=[[1, 6, 13, 4, 5, 15, 12, 14, 9, 11, 3, 7, 2, 10, 8], [1, 2, 13, 4, 5, 15, 12, 14, 9, 11, 3, 7, 6, 10, 8], [1, 2, 13, 4, 5, 6, 12, 14, 9, 11, 3, 7, 15, 10, 8], [1, 2, 13, 4, 5, 6, 12, 14, 9, 10, 3, 7, 15, 11, 8], [1, 2, 13, 4, 5, 6, 12, 14, 9, 10, 11, 7, 15, 3, 8], [1, 2, 13, 4, 5, 6, 12, 14, 9, 10, 11, 7, 8, 3, 15], [1, 2, 8, 4, 5, 6, 12, 14, 9, 10, 11, 7, 13, 3, 15], [1, 2, 8, 4, 5, 6, 12, 3, 9, 10, 11, 7, 13, 14, 15], [1, 2, 3, 4, 5, 6, 12, 8, 9, 10, 11, 7, 13, 14, 15], [1, 2, 3, 4, 5, 6, 7, 8, 9, 10, 11, 12, 13, 14, 15]], pos=[[1, 13, 11, 4, 5, 2, 12, 15, 9, 14, 10, 7, 3, 8, 6], [1, 2, 11, 4, 5, 13, 12, 15, 9, 14, 10, 7, 3, 8, 6], [1, 2, 11, 4, 5, 6, 12, 15, 9, 14, 10, 7, 3, 8, 13], [1, 2, 11, 4, 5, 6, 12, 15, 9, 10, 14, 7, 3, 8, 13], [1, 2, 14, 4, 5, 6, 12, 15, 9, 10, 11, 7, 3, 8, 13], [1, 2, 14, 4, 5, 6, 12, 13, 9, 10, 11, 7, 3, 8, 15], [1, 2, 14, 4, 5, 6, 12, 3, 9, 10, 11, 7, 13, 8, 15], [1, 2, 8, 4, 5, 6, 12, 3, 9, 10, 11, 7, 13, 14, 15], [1, 2, 3, 4, 5, 6, 12, 8, 9, 10, 11, 7, 13, 14, 15], [1, 2, 3, 4, 5, 6, 7, 8, 9, 10, 11, 12, 13, 14, 15]], idx1=[2, 6, 10, 11, 13, 3, 8, 3, 7], idx2=[13, 13, 14, 14, 15, 13, 14, 8, 12], _checker='')