============================================================
BENCHMARK ID: 51 | DIMENSIONE: 30 | STRATEGIA: domwdeg
============================================================

Input Vector: [18, 23, 6, 4, 30, 14, 21, 29, 20, 7, 2, 5, 1, 28, 11, 15, 8, 27, 16, 25, 10, 19, 26, 24, 3, 12, 13, 9, 17, 22]

STATO: RISOLTO
K: 23
TEMPO: 15.8170s
----------------------------------------
PIANO:
Solution(v=[[18, 23, 6, 4, 30, 14, 21, 29, 20, 7, 2, 5, 1, 28, 11, 15, 8, 27, 16, 25, 10, 19, 26, 24, 3, 12, 13, 9, 17, 22], [18, 23, 6, 4, 30, 14, 21, 29, 20, 7, 2, 5, 1, 28, 11, 15, 17, 27, 16, 25, 10, 19, 26, 24, 3, 12, 13, 9, 8, 22], [18, 23, 6, 4, 30, 14, 21, 8, 20, 7, 2, 5, 1, 28, 11, 15, 17, 27, 16, 25, 10, 19, 26, 24, 3, 12, 13, 9, 29, 22], [18, 23, 6, 4, 30, 14, 21, 8, 20, 7, 11, 5, 1, 28, 2, 15, 17, 27, 16, 25, 10, 19, 26, 24, 3, 12, 13, 9, 29, 22], [18, 23, 6, 4, 30, 14, 21, 8, 20, 7, 11, 5, 1, 28, 2, 15, 17, 27, 19, 25, 10, 16, 26, 24, 3, 12, 13, 9, 29, 22], [18, 23, 6, 4, 30, 14, 21, 8, 20, 7, 11, 5, 1, 28, 2, 15, 17, 27, 19, 25, 10, 16, 12, 24, 3, 26, 13, 9, 29, 22], [18, 12, 6, 4, 30, 14, 21, 8, 20, 7, 11, 5, 1, 28, 2, 15, 17, 27, 19, 25, 10, 16, 23, 24, 3, 26, 13, 9, 29, 22], [18, 12, 6, 4, 30, 14, 7, 8, 20, 21, 11, 5, 1, 28, 2, 15, 17, 27, 19, 25, 10, 16, 23, 24, 3, 26, 13, 9, 29, 22], [18, 12, 6, 4, 30, 14, 7, 8, 20, 21, 11, 5, 13, 28, 2, 15, 17, 27, 19, 25, 10, 16, 23, 24, 3, 26, 1, 9, 29, 22], [18, 12, 6, 4, 30, 14, 7, 8, 20, 21, 11, 5, 13, 28, 2, 15, 17, 27, 19, 25, 10, 22, 23, 24, 3, 26, 1, 9, 29, 16], [18, 12, 6, 4, 16, 14, 7, 8, 20, 21, 11, 5, 13, 28, 2, 15, 17, 27, 19, 25, 10, 22, 23, 24, 3, 26, 1, 9, 29, 30], [18, 12, 6, 4, 16, 14, 7, 8, 20, 10, 11, 5, 13, 28, 2, 15, 17, 27, 19, 25, 21, 22, 23, 24, 3, 26, 1, 9, 29, 30], [18, 12, 6, 4, 16, 14, 7, 8, 20, 10, 11, 5, 13, 28, 15, 2, 17, 27, 19, 25, 21, 22, 23, 24, 3, 26, 1, 9, 29, 30], [18, 12, 6, 4, 2, 14, 7, 8, 20, 10, 11, 5, 13, 28, 15, 16, 17, 27, 19, 25, 21, 22, 23, 24, 3, 26, 1, 9, 29, 30], [18, 2, 6, 4, 12, 14, 7, 8, 20, 10, 11, 5, 13, 28, 15, 16, 17, 27, 19, 25, 21, 22, 23, 24, 3, 26, 1, 9, 29, 30], [18, 2, 6, 4, 12, 14, 7, 8, 20, 10, 11, 5, 13, 28, 15, 16, 17, 27, 19, 3, 21, 22, 23, 24, 25, 26, 1, 9, 29, 30], [18, 2, 6, 4, 12, 14, 7, 8, 3, 10, 11, 5, 13, 28, 15, 16, 17, 27, 19, 20, 21, 22, 23, 24, 25, 26, 1, 9, 29, 30], [18, 2, 6, 4, 12, 14, 7, 8, 3, 10, 11, 5, 13, 9, 15, 16, 17, 27, 19, 20, 21, 22, 23, 24, 25, 26, 1, 28, 29, 30], [18, 2, 6, 4, 12, 9, 7, 8, 3, 10, 11, 5, 13, 14, 15, 16, 17, 27, 19, 20, 21, 22, 23, 24, 25, 26, 1, 28, 29, 30], [18, 2, 9, 4, 12, 6, 7, 8, 3, 10, 11, 5, 13, 14, 15, 16, 17, 27, 19, 20, 21, 22, 23, 24, 25, 26, 1, 28, 29, 30], [18, 2, 9, 4, 5, 6, 7, 8, 3, 10, 11, 12, 13, 14, 15, 16, 17, 27, 19, 20, 21, 22, 23, 24, 25, 26, 1, 28, 29, 30], [18, 2, 9, 4, 5, 6, 7, 8, 3, 10, 11, 12, 13, 14, 15, 16, 17, 1, 19, 20, 21, 22, 23, 24, 25, 26, 27, 28, 29, 30], [1, 2, 9, 4, 5, 6, 7, 8, 3, 10, 11, 12, 13, 14, 15, 16, 17, 18, 19, 20, 21, 22, 23, 24, 25, 26, 27, 28, 29, 30], [1, 2, 3, 4, 5, 6, 7, 8, 9, 10, 11, 12, 13, 14, 15, 16, 17, 18, 19, 20, 21, 22, 23, 24, 25, 26, 27, 28, 29, 30]], pos=[[13, 11, 25, 4, 12, 3, 10, 17, 28, 21, 15, 26, 27, 6, 16, 19, 29, 1, 22, 9, 7, 30, 2, 24, 20, 23, 18, 14, 8, 5], [13, 11, 25, 4, 12, 3, 10, 29, 28, 21, 15, 26, 27, 6, 16, 19, 17, 1, 22, 9, 7, 30, 2, 24, 20, 23, 18, 14, 8, 5], [13, 11, 25, 4, 12, 3, 10, 8, 28, 21, 15, 26, 27, 6, 16, 19, 17, 1, 22, 9, 7, 30, 2, 24, 20, 23, 18, 14, 29, 5], [13, 15, 25, 4, 12, 3, 10, 8, 28, 21, 11, 26, 27, 6, 16, 19, 17, 1, 22, 9, 7, 30, 2, 24, 20, 23, 18, 14, 29, 5], [13, 15, 25, 4, 12, 3, 10, 8, 28, 21, 11, 26, 27, 6, 16, 22, 17, 1, 19, 9, 7, 30, 2, 24, 20, 23, 18, 14, 29, 5], [13, 15, 25, 4, 12, 3, 10, 8, 28, 21, 11, 23, 27, 6, 16, 22, 17, 1, 19, 9, 7, 30, 2, 24, 20, 26, 18, 14, 29, 5], [13, 15, 25, 4, 12, 3, 10, 8, 28, 21, 11, 2, 27, 6, 16, 22, 17, 1, 19, 9, 7, 30, 23, 24, 20, 26, 18, 14, 29, 5], [13, 15, 25, 4, 12, 3, 7, 8, 28, 21, 11, 2, 27, 6, 16, 22, 17, 1, 19, 9, 10, 30, 23, 24, 20, 26, 18, 14, 29, 5], [27, 15, 25, 4, 12, 3, 7, 8, 28, 21, 11, 2, 13, 6, 16, 22, 17, 1, 19, 9, 10, 30, 23, 24, 20, 26, 18, 14, 29, 5], [27, 15, 25, 4, 12, 3, 7, 8, 28, 21, 11, 2, 13, 6, 16, 30, 17, 1, 19, 9, 10, 22, 23, 24, 20, 26, 18, 14, 29, 5], [27, 15, 25, 4, 12, 3, 7, 8, 28, 21, 11, 2, 13, 6, 16, 5, 17, 1, 19, 9, 10, 22, 23, 24, 20, 26, 18, 14, 29, 30], [27, 15, 25, 4, 12, 3, 7, 8, 28, 10, 11, 2, 13, 6, 16, 5, 17, 1, 19, 9, 21, 22, 23, 24, 20, 26, 18, 14, 29, 30], [27, 16, 25, 4, 12, 3, 7, 8, 28, 10, 11, 2, 13, 6, 15, 5, 17, 1, 19, 9, 21, 22, 23, 24, 20, 26, 18, 14, 29, 30], [27, 5, 25, 4, 12, 3, 7, 8, 28, 10, 11, 2, 13, 6, 15, 16, 17, 1, 19, 9, 21, 22, 23, 24, 20, 26, 18, 14, 29, 30], [27, 2, 25, 4, 12, 3, 7, 8, 28, 10, 11, 5, 13, 6, 15, 16, 17, 1, 19, 9, 21, 22, 23, 24, 20, 26, 18, 14, 29, 30], [27, 2, 20, 4, 12, 3, 7, 8, 28, 10, 11, 5, 13, 6, 15, 16, 17, 1, 19, 9, 21, 22, 23, 24, 25, 26, 18, 14, 29, 30], [27, 2, 9, 4, 12, 3, 7, 8, 28, 10, 11, 5, 13, 6, 15, 16, 17, 1, 19, 20, 21, 22, 23, 24, 25, 26, 18, 14, 29, 30], [27, 2, 9, 4, 12, 3, 7, 8, 14, 10, 11, 5, 13, 6, 15, 16, 17, 1, 19, 20, 21, 22, 23, 24, 25, 26, 18, 28, 29, 30], [27, 2, 9, 4, 12, 3, 7, 8, 6, 10, 11, 5, 13, 14, 15, 16, 17, 1, 19, 20, 21, 22, 23, 24, 25, 26, 18, 28, 29, 30], [27, 2, 9, 4, 12, 6, 7, 8, 3, 10, 11, 5, 13, 14, 15, 16, 17, 1, 19, 20, 21, 22, 23, 24, 25, 26, 18, 28, 29, 30], [27, 2, 9, 4, 5, 6, 7, 8, 3, 10, 11, 12, 13, 14, 15, 16, 17, 1, 19, 20, 21, 22, 23, 24, 25, 26, 18, 28, 29, 30], [18, 2, 9, 4, 5, 6, 7, 8, 3, 10, 11, 12, 13, 14, 15, 16, 17, 1, 19, 20, 21, 22, 23, 24, 25, 26, 27, 28, 29, 30], [1, 2, 9, 4, 5, 6, 7, 8, 3, 10, 11, 12, 13, 14, 15, 16, 17, 18, 19, 20, 21, 22, 23, 24, 25, 26, 27, 28, 29, 30], [1, 2, 3, 4, 5, 6, 7, 8, 9, 10, 11, 12, 13, 14, 15, 16, 17, 18, 19, 20, 21, 22, 23, 24, 25, 26, 27, 28, 29, 30]], idx1=[17, 8, 11, 19, 23, 2, 7, 13, 22, 5, 10, 15, 5, 2, 20, 9, 14, 6, 3, 5, 18, 1, 3], idx2=[29, 29, 15, 22, 26, 23, 10, 27, 30, 30, 21, 16, 16, 5, 25, 20, 28, 14, 6, 12, 27, 18, 9], _checker='')