============================================================
BENCHMARK ID: 59 | DIMENSIONE: 30 | STRATEGIA: domwdeg
============================================================

Input Vector: [2, 11, 3, 19, 24, 12, 9, 30, 29, 4, 5, 13, 25, 23, 14, 17, 28, 16, 21, 26, 27, 7, 6, 10, 18, 1, 15, 22, 8, 20]

STATO: RISOLTO
K: 28
TEMPO: 30.1920s
----------------------------------------
PIANO:
Solution(v=[[2, 11, 3, 19, 24, 12, 9, 30, 29, 4, 5, 13, 25, 23, 14, 17, 28, 16, 21, 26, 27, 7, 6, 10, 18, 1, 15, 22, 8, 20], [2, 11, 3, 19, 24, 12, 9, 30, 29, 4, 5, 13, 25, 23, 14, 17, 22, 16, 21, 26, 27, 7, 6, 10, 18, 1, 15, 28, 8, 20], [2, 11, 3, 19, 24, 12, 9, 30, 29, 4, 5, 13, 25, 23, 14, 17, 22, 18, 21, 26, 27, 7, 6, 10, 16, 1, 15, 28, 8, 20], [2, 11, 3, 19, 24, 12, 9, 30, 29, 4, 5, 13, 16, 23, 14, 17, 22, 18, 21, 26, 27, 7, 6, 10, 25, 1, 15, 28, 8, 20], [2, 11, 3, 19, 24, 12, 9, 30, 29, 4, 5, 16, 13, 23, 14, 17, 22, 18, 21, 26, 27, 7, 6, 10, 25, 1, 15, 28, 8, 20], [2, 11, 3, 19, 24, 12, 9, 30, 29, 4, 5, 16, 13, 23, 14, 17, 22, 18, 27, 26, 21, 7, 6, 10, 25, 1, 15, 28, 8, 20], [2, 11, 3, 19, 24, 12, 9, 30, 29, 4, 5, 16, 13, 23, 14, 17, 22, 18, 15, 26, 21, 7, 6, 10, 25, 1, 27, 28, 8, 20], [2, 11, 3, 15, 24, 12, 9, 30, 29, 4, 5, 16, 13, 23, 14, 17, 22, 18, 19, 26, 21, 7, 6, 10, 25, 1, 27, 28, 8, 20], [2, 11, 3, 15, 24, 12, 9, 30, 29, 4, 5, 16, 13, 23, 14, 17, 22, 18, 19, 1, 21, 7, 6, 10, 25, 26, 27, 28, 8, 20], [2, 11, 3, 15, 24, 12, 9, 30, 29, 4, 5, 16, 13, 23, 14, 17, 22, 18, 19, 20, 21, 7, 6, 10, 25, 26, 27, 28, 8, 1], [2, 11, 3, 15, 24, 12, 9, 1, 29, 4, 5, 16, 13, 23, 14, 17, 22, 18, 19, 20, 21, 7, 6, 10, 25, 26, 27, 28, 8, 30], [2, 11, 3, 15, 24, 12, 9, 1, 29, 4, 5, 16, 13, 6, 14, 17, 22, 18, 19, 20, 21, 7, 23, 10, 25, 26, 27, 28, 8, 30], [2, 11, 3, 15, 24, 6, 9, 1, 29, 4, 5, 16, 13, 12, 14, 17, 22, 18, 19, 20, 21, 7, 23, 10, 25, 26, 27, 28, 8, 30], [2, 11, 3, 15, 24, 6, 9, 1, 8, 4, 5, 16, 13, 12, 14, 17, 22, 18, 19, 20, 21, 7, 23, 10, 25, 26, 27, 28, 29, 30], [2, 11, 3, 15, 24, 6, 9, 1, 8, 4, 5, 16, 13, 14, 12, 17, 22, 18, 19, 20, 21, 7, 23, 10, 25, 26, 27, 28, 29, 30], [2, 11, 3, 12, 24, 6, 9, 1, 8, 4, 5, 16, 13, 14, 15, 17, 22, 18, 19, 20, 21, 7, 23, 10, 25, 26, 27, 28, 29, 30], [2, 11, 3, 12, 24, 6, 9, 1, 8, 4, 5, 16, 13, 14, 15, 17, 7, 18, 19, 20, 21, 22, 23, 10, 25, 26, 27, 28, 29, 30], [2, 11, 3, 12, 24, 6, 7, 1, 8, 4, 5, 16, 13, 14, 15, 17, 9, 18, 19, 20, 21, 22, 23, 10, 25, 26, 27, 28, 29, 30], [2, 11, 3, 12, 24, 6, 7, 8, 1, 4, 5, 16, 13, 14, 15, 17, 9, 18, 19, 20, 21, 22, 23, 10, 25, 26, 27, 28, 29, 30], [1, 11, 3, 12, 24, 6, 7, 8, 2, 4, 5, 16, 13, 14, 15, 17, 9, 18, 19, 20, 21, 22, 23, 10, 25, 26, 27, 28, 29, 30], [1, 11, 3, 12, 24, 6, 7, 8, 9, 4, 5, 16, 13, 14, 15, 17, 2, 18, 19, 20, 21, 22, 23, 10, 25, 26, 27, 28, 29, 30], [1, 11, 3, 12, 24, 6, 7, 8, 9, 10, 5, 16, 13, 14, 15, 17, 2, 18, 19, 20, 21, 22, 23, 4, 25, 26, 27, 28, 29, 30], [1, 11, 3, 12, 4, 6, 7, 8, 9, 10, 5, 16, 13, 14, 15, 17, 2, 18, 19, 20, 21, 22, 23, 24, 25, 26, 27, 28, 29, 30], [1, 11, 3, 4, 12, 6, 7, 8, 9, 10, 5, 16, 13, 14, 15, 17, 2, 18, 19, 20, 21, 22, 23, 24, 25, 26, 27, 28, 29, 30], [1, 11, 3, 4, 5, 6, 7, 8, 9, 10, 12, 16, 13, 14, 15, 17, 2, 18, 19, 20, 21, 22, 23, 24, 25, 26, 27, 28, 29, 30], [1, 12, 3, 4, 5, 6, 7, 8, 9, 10, 11, 16, 13, 14, 15, 17, 2, 18, 19, 20, 21, 22, 23, 24, 25, 26, 27, 28, 29, 30], [1, 12, 3, 4, 5, 6, 7, 8, 9, 10, 11, 16, 13, 14, 15, 2, 17, 18, 19, 20, 21, 22, 23, 24, 25, 26, 27, 28, 29, 30], [1, 2, 3, 4, 5, 6, 7, 8, 9, 10, 11, 16, 13, 14, 15, 12, 17, 18, 19, 20, 21, 22, 23, 24, 25, 26, 27, 28, 29, 30], [1, 2, 3, 4, 5, 6, 7, 8, 9, 10, 11, 12, 13, 14, 15, 16, 17, 18, 19, 20, 21, 22, 23, 24, 25, 26, 27, 28, 29, 30]], pos=[[26, 1, 3, 10, 11, 23, 22, 29, 7, 24, 2, 6, 12, 15, 27, 18, 16, 25, 4, 30, 19, 28, 14, 5, 13, 20, 21, 17, 9, 8], [26, 1, 3, 10, 11, 23, 22, 29, 7, 24, 2, 6, 12, 15, 27, 18, 16, 25, 4, 30, 19, 17, 14, 5, 13, 20, 21, 28, 9, 8], [26, 1, 3, 10, 11, 23, 22, 29, 7, 24, 2, 6, 12, 15, 27, 25, 16, 18, 4, 30, 19, 17, 14, 5, 13, 20, 21, 28, 9, 8], [26, 1, 3, 10, 11, 23, 22, 29, 7, 24, 2, 6, 12, 15, 27, 13, 16, 18, 4, 30, 19, 17, 14, 5, 25, 20, 21, 28, 9, 8], [26, 1, 3, 10, 11, 23, 22, 29, 7, 24, 2, 6, 13, 15, 27, 12, 16, 18, 4, 30, 19, 17, 14, 5, 25, 20, 21, 28, 9, 8], [26, 1, 3, 10, 11, 23, 22, 29, 7, 24, 2, 6, 13, 15, 27, 12, 16, 18, 4, 30, 21, 17, 14, 5, 25, 20, 19, 28, 9, 8], [26, 1, 3, 10, 11, 23, 22, 29, 7, 24, 2, 6, 13, 15, 19, 12, 16, 18, 4, 30, 21, 17, 14, 5, 25, 20, 27, 28, 9, 8], [26, 1, 3, 10, 11, 23, 22, 29, 7, 24, 2, 6, 13, 15, 4, 12, 16, 18, 19, 30, 21, 17, 14, 5, 25, 20, 27, 28, 9, 8], [20, 1, 3, 10, 11, 23, 22, 29, 7, 24, 2, 6, 13, 15, 4, 12, 16, 18, 19, 30, 21, 17, 14, 5, 25, 26, 27, 28, 9, 8], [30, 1, 3, 10, 11, 23, 22, 29, 7, 24, 2, 6, 13, 15, 4, 12, 16, 18, 19, 20, 21, 17, 14, 5, 25, 26, 27, 28, 9, 8], [8, 1, 3, 10, 11, 23, 22, 29, 7, 24, 2, 6, 13, 15, 4, 12, 16, 18, 19, 20, 21, 17, 14, 5, 25, 26, 27, 28, 9, 30], [8, 1, 3, 10, 11, 14, 22, 29, 7, 24, 2, 6, 13, 15, 4, 12, 16, 18, 19, 20, 21, 17, 23, 5, 25, 26, 27, 28, 9, 30], [8, 1, 3, 10, 11, 6, 22, 29, 7, 24, 2, 14, 13, 15, 4, 12, 16, 18, 19, 20, 21, 17, 23, 5, 25, 26, 27, 28, 9, 30], [8, 1, 3, 10, 11, 6, 22, 9, 7, 24, 2, 14, 13, 15, 4, 12, 16, 18, 19, 20, 21, 17, 23, 5, 25, 26, 27, 28, 29, 30], [8, 1, 3, 10, 11, 6, 22, 9, 7, 24, 2, 15, 13, 14, 4, 12, 16, 18, 19, 20, 21, 17, 23, 5, 25, 26, 27, 28, 29, 30], [8, 1, 3, 10, 11, 6, 22, 9, 7, 24, 2, 4, 13, 14, 15, 12, 16, 18, 19, 20, 21, 17, 23, 5, 25, 26, 27, 28, 29, 30], [8, 1, 3, 10, 11, 6, 17, 9, 7, 24, 2, 4, 13, 14, 15, 12, 16, 18, 19, 20, 21, 22, 23, 5, 25, 26, 27, 28, 29, 30], [8, 1, 3, 10, 11, 6, 7, 9, 17, 24, 2, 4, 13, 14, 15, 12, 16, 18, 19, 20, 21, 22, 23, 5, 25, 26, 27, 28, 29, 30], [9, 1, 3, 10, 11, 6, 7, 8, 17, 24, 2, 4, 13, 14, 15, 12, 16, 18, 19, 20, 21, 22, 23, 5, 25, 26, 27, 28, 29, 30], [1, 9, 3, 10, 11, 6, 7, 8, 17, 24, 2, 4, 13, 14, 15, 12, 16, 18, 19, 20, 21, 22, 23, 5, 25, 26, 27, 28, 29, 30], [1, 17, 3, 10, 11, 6, 7, 8, 9, 24, 2, 4, 13, 14, 15, 12, 16, 18, 19, 20, 21, 22, 23, 5, 25, 26, 27, 28, 29, 30], [1, 17, 3, 24, 11, 6, 7, 8, 9, 10, 2, 4, 13, 14, 15, 12, 16, 18, 19, 20, 21, 22, 23, 5, 25, 26, 27, 28, 29, 30], [1, 17, 3, 5, 11, 6, 7, 8, 9, 10, 2, 4, 13, 14, 15, 12, 16, 18, 19, 20, 21, 22, 23, 24, 25, 26, 27, 28, 29, 30], [1, 17, 3, 4, 11, 6, 7, 8, 9, 10, 2, 5, 13, 14, 15, 12, 16, 18, 19, 20, 21, 22, 23, 24, 25, 26, 27, 28, 29, 30], [1, 17, 3, 4, 5, 6, 7, 8, 9, 10, 2, 11, 13, 14, 15, 12, 16, 18, 19, 20, 21, 22, 23, 24, 25, 26, 27, 28, 29, 30], [1, 17, 3, 4, 5, 6, 7, 8, 9, 10, 11, 2, 13, 14, 15, 12, 16, 18, 19, 20, 21, 22, 23, 24, 25, 26, 27, 28, 29, 30], [1, 16, 3, 4, 5, 6, 7, 8, 9, 10, 11, 2, 13, 14, 15, 12, 17, 18, 19, 20, 21, 22, 23, 24, 25, 26, 27, 28, 29, 30], [1, 2, 3, 4, 5, 6, 7, 8, 9, 10, 11, 16, 13, 14, 15, 12, 17, 18, 19, 20, 21, 22, 23, 24, 25, 26, 27, 28, 29, 30], [1, 2, 3, 4, 5, 6, 7, 8, 9, 10, 11, 12, 13, 14, 15, 16, 17, 18, 19, 20, 21, 22, 23, 24, 25, 26, 27, 28, 29, 30]], idx1=[17, 18, 13, 12, 19, 19, 4, 20, 20, 8, 14, 6, 9, 14, 4, 17, 7, 8, 1, 9, 10, 5, 4, 5, 2, 16, 2, 12], idx2=[28, 25, 25, 13, 21, 27, 19, 26, 30, 30, 23, 14, 29, 15, 15, 22, 17, 9, 9, 17, 24, 24, 5, 11, 11, 17, 16, 16], _checker='')