============================================================
BENCHMARK ID: 53 | DIMENSIONE: 30 | STRATEGIA: domwdeg
============================================================

Input Vector: [2, 17, 23, 5, 19, 29, 6, 14, 4, 15, 28, 9, 25, 27, 26, 10, 18, 13, 16, 30, 7, 24, 3, 1, 21, 12, 11, 22, 8, 20]

STATO: RISOLTO
K: 26
TEMPO: 31.0750s
----------------------------------------
PIANO:
Solution(v=[[2, 17, 23, 5, 19, 29, 6, 14, 4, 15, 28, 9, 25, 27, 26, 10, 18, 13, 16, 30, 7, 24, 3, 1, 21, 12, 11, 22, 8, 20], [2, 17, 23, 5, 19, 29, 7, 14, 4, 15, 28, 9, 25, 27, 26, 10, 18, 13, 16, 30, 6, 24, 3, 1, 21, 12, 11, 22, 8, 20], [2, 17, 23, 5, 19, 29, 7, 14, 4, 15, 28, 9, 25, 27, 26, 10, 18, 13, 16, 30, 6, 1, 3, 24, 21, 12, 11, 22, 8, 20], [1, 17, 23, 5, 19, 29, 7, 14, 4, 15, 28, 9, 25, 27, 26, 10, 18, 13, 16, 30, 6, 2, 3, 24, 21, 12, 11, 22, 8, 20], [1, 17, 3, 5, 19, 29, 7, 14, 4, 15, 28, 9, 25, 27, 26, 10, 18, 13, 16, 30, 6, 2, 23, 24, 21, 12, 11, 22, 8, 20], [1, 17, 3, 5, 19, 29, 7, 14, 4, 15, 28, 9, 25, 27, 12, 10, 18, 13, 16, 30, 6, 2, 23, 24, 21, 26, 11, 22, 8, 20], [1, 17, 3, 5, 19, 29, 7, 14, 4, 15, 28, 12, 25, 27, 9, 10, 18, 13, 16, 30, 6, 2, 23, 24, 21, 26, 11, 22, 8, 20], [1, 17, 3, 5, 19, 29, 7, 14, 4, 15, 28, 12, 25, 11, 9, 10, 18, 13, 16, 30, 6, 2, 23, 24, 21, 26, 27, 22, 8, 20], [1, 17, 3, 5, 19, 29, 7, 11, 4, 15, 28, 12, 25, 14, 9, 10, 18, 13, 16, 30, 6, 2, 23, 24, 21, 26, 27, 22, 8, 20], [1, 17, 3, 5, 19, 29, 7, 11, 4, 15, 28, 12, 25, 14, 9, 10, 18, 13, 16, 20, 6, 2, 23, 24, 21, 26, 27, 22, 8, 30], [1, 17, 3, 5, 19, 29, 7, 11, 4, 15, 28, 12, 25, 14, 9, 10, 18, 13, 16, 20, 21, 2, 23, 24, 6, 26, 27, 22, 8, 30], [1, 17, 3, 5, 19, 6, 7, 11, 4, 15, 28, 12, 25, 14, 9, 10, 18, 13, 16, 20, 21, 2, 23, 24, 29, 26, 27, 22, 8, 30], [1, 17, 3, 5, 19, 6, 7, 11, 4, 15, 28, 12, 25, 14, 9, 10, 18, 13, 16, 20, 21, 2, 23, 24, 8, 26, 27, 22, 29, 30], [1, 17, 3, 5, 19, 6, 7, 11, 4, 15, 28, 12, 8, 14, 9, 10, 18, 13, 16, 20, 21, 2, 23, 24, 25, 26, 27, 22, 29, 30], [1, 17, 3, 5, 19, 6, 7, 11, 4, 15, 28, 12, 8, 14, 9, 10, 18, 13, 16, 20, 21, 22, 23, 24, 25, 26, 27, 2, 29, 30], [1, 2, 3, 5, 19, 6, 7, 11, 4, 15, 28, 12, 8, 14, 9, 10, 18, 13, 16, 20, 21, 22, 23, 24, 25, 26, 27, 17, 29, 30], [1, 2, 3, 5, 19, 6, 7, 11, 4, 15, 17, 12, 8, 14, 9, 10, 18, 13, 16, 20, 21, 22, 23, 24, 25, 26, 27, 28, 29, 30], [1, 2, 3, 5, 19, 6, 7, 11, 4, 15, 18, 12, 8, 14, 9, 10, 17, 13, 16, 20, 21, 22, 23, 24, 25, 26, 27, 28, 29, 30], [1, 2, 3, 5, 19, 6, 7, 11, 4, 15, 18, 12, 8, 14, 9, 16, 17, 13, 10, 20, 21, 22, 23, 24, 25, 26, 27, 28, 29, 30], [1, 2, 3, 5, 19, 6, 7, 11, 4, 10, 18, 12, 8, 14, 9, 16, 17, 13, 15, 20, 21, 22, 23, 24, 25, 26, 27, 28, 29, 30], [1, 2, 3, 5, 19, 6, 7, 11, 4, 10, 18, 12, 13, 14, 9, 16, 17, 8, 15, 20, 21, 22, 23, 24, 25, 26, 27, 28, 29, 30], [1, 2, 3, 5, 19, 6, 7, 8, 4, 10, 18, 12, 13, 14, 9, 16, 17, 11, 15, 20, 21, 22, 23, 24, 25, 26, 27, 28, 29, 30], [1, 2, 3, 5, 19, 6, 7, 8, 9, 10, 18, 12, 13, 14, 4, 16, 17, 11, 15, 20, 21, 22, 23, 24, 25, 26, 27, 28, 29, 30], [1, 2, 3, 5, 19, 6, 7, 8, 9, 10, 18, 12, 13, 14, 15, 16, 17, 11, 4, 20, 21, 22, 23, 24, 25, 26, 27, 28, 29, 30], [1, 2, 3, 5, 4, 6, 7, 8, 9, 10, 18, 12, 13, 14, 15, 16, 17, 11, 19, 20, 21, 22, 23, 24, 25, 26, 27, 28, 29, 30], [1, 2, 3, 4, 5, 6, 7, 8, 9, 10, 18, 12, 13, 14, 15, 16, 17, 11, 19, 20, 21, 22, 23, 24, 25, 26, 27, 28, 29, 30], [1, 2, 3, 4, 5, 6, 7, 8, 9, 10, 11, 12, 13, 14, 15, 16, 17, 18, 19, 20, 21, 22, 23, 24, 25, 26, 27, 28, 29, 30]], pos=[[24, 1, 23, 9, 4, 7, 21, 29, 12, 16, 27, 26, 18, 8, 10, 19, 2, 17, 5, 30, 25, 28, 3, 22, 13, 15, 14, 11, 6, 20], [24, 1, 23, 9, 4, 21, 7, 29, 12, 16, 27, 26, 18, 8, 10, 19, 2, 17, 5, 30, 25, 28, 3, 22, 13, 15, 14, 11, 6, 20], [22, 1, 23, 9, 4, 21, 7, 29, 12, 16, 27, 26, 18, 8, 10, 19, 2, 17, 5, 30, 25, 28, 3, 24, 13, 15, 14, 11, 6, 20], [1, 22, 23, 9, 4, 21, 7, 29, 12, 16, 27, 26, 18, 8, 10, 19, 2, 17, 5, 30, 25, 28, 3, 24, 13, 15, 14, 11, 6, 20], [1, 22, 3, 9, 4, 21, 7, 29, 12, 16, 27, 26, 18, 8, 10, 19, 2, 17, 5, 30, 25, 28, 23, 24, 13, 15, 14, 11, 6, 20], [1, 22, 3, 9, 4, 21, 7, 29, 12, 16, 27, 15, 18, 8, 10, 19, 2, 17, 5, 30, 25, 28, 23, 24, 13, 26, 14, 11, 6, 20], [1, 22, 3, 9, 4, 21, 7, 29, 15, 16, 27, 12, 18, 8, 10, 19, 2, 17, 5, 30, 25, 28, 23, 24, 13, 26, 14, 11, 6, 20], [1, 22, 3, 9, 4, 21, 7, 29, 15, 16, 14, 12, 18, 8, 10, 19, 2, 17, 5, 30, 25, 28, 23, 24, 13, 26, 27, 11, 6, 20], [1, 22, 3, 9, 4, 21, 7, 29, 15, 16, 8, 12, 18, 14, 10, 19, 2, 17, 5, 30, 25, 28, 23, 24, 13, 26, 27, 11, 6, 20], [1, 22, 3, 9, 4, 21, 7, 29, 15, 16, 8, 12, 18, 14, 10, 19, 2, 17, 5, 20, 25, 28, 23, 24, 13, 26, 27, 11, 6, 30], [1, 22, 3, 9, 4, 25, 7, 29, 15, 16, 8, 12, 18, 14, 10, 19, 2, 17, 5, 20, 21, 28, 23, 24, 13, 26, 27, 11, 6, 30], [1, 22, 3, 9, 4, 6, 7, 29, 15, 16, 8, 12, 18, 14, 10, 19, 2, 17, 5, 20, 21, 28, 23, 24, 13, 26, 27, 11, 25, 30], [1, 22, 3, 9, 4, 6, 7, 25, 15, 16, 8, 12, 18, 14, 10, 19, 2, 17, 5, 20, 21, 28, 23, 24, 13, 26, 27, 11, 29, 30], [1, 22, 3, 9, 4, 6, 7, 13, 15, 16, 8, 12, 18, 14, 10, 19, 2, 17, 5, 20, 21, 28, 23, 24, 25, 26, 27, 11, 29, 30], [1, 28, 3, 9, 4, 6, 7, 13, 15, 16, 8, 12, 18, 14, 10, 19, 2, 17, 5, 20, 21, 22, 23, 24, 25, 26, 27, 11, 29, 30], [1, 2, 3, 9, 4, 6, 7, 13, 15, 16, 8, 12, 18, 14, 10, 19, 28, 17, 5, 20, 21, 22, 23, 24, 25, 26, 27, 11, 29, 30], [1, 2, 3, 9, 4, 6, 7, 13, 15, 16, 8, 12, 18, 14, 10, 19, 11, 17, 5, 20, 21, 22, 23, 24, 25, 26, 27, 28, 29, 30], [1, 2, 3, 9, 4, 6, 7, 13, 15, 16, 8, 12, 18, 14, 10, 19, 17, 11, 5, 20, 21, 22, 23, 24, 25, 26, 27, 28, 29, 30], [1, 2, 3, 9, 4, 6, 7, 13, 15, 19, 8, 12, 18, 14, 10, 16, 17, 11, 5, 20, 21, 22, 23, 24, 25, 26, 27, 28, 29, 30], [1, 2, 3, 9, 4, 6, 7, 13, 15, 10, 8, 12, 18, 14, 19, 16, 17, 11, 5, 20, 21, 22, 23, 24, 25, 26, 27, 28, 29, 30], [1, 2, 3, 9, 4, 6, 7, 18, 15, 10, 8, 12, 13, 14, 19, 16, 17, 11, 5, 20, 21, 22, 23, 24, 25, 26, 27, 28, 29, 30], [1, 2, 3, 9, 4, 6, 7, 8, 15, 10, 18, 12, 13, 14, 19, 16, 17, 11, 5, 20, 21, 22, 23, 24, 25, 26, 27, 28, 29, 30], [1, 2, 3, 15, 4, 6, 7, 8, 9, 10, 18, 12, 13, 14, 19, 16, 17, 11, 5, 20, 21, 22, 23, 24, 25, 26, 27, 28, 29, 30], [1, 2, 3, 19, 4, 6, 7, 8, 9, 10, 18, 12, 13, 14, 15, 16, 17, 11, 5, 20, 21, 22, 23, 24, 25, 26, 27, 28, 29, 30], [1, 2, 3, 5, 4, 6, 7, 8, 9, 10, 18, 12, 13, 14, 15, 16, 17, 11, 19, 20, 21, 22, 23, 24, 25, 26, 27, 28, 29, 30], [1, 2, 3, 4, 5, 6, 7, 8, 9, 10, 18, 12, 13, 14, 15, 16, 17, 11, 19, 20, 21, 22, 23, 24, 25, 26, 27, 28, 29, 30], [1, 2, 3, 4, 5, 6, 7, 8, 9, 10, 11, 12, 13, 14, 15, 16, 17, 18, 19, 20, 21, 22, 23, 24, 25, 26, 27, 28, 29, 30]], idx1=[7, 22, 1, 3, 15, 12, 14, 8, 20, 21, 6, 25, 13, 22, 2, 11, 11, 16, 10, 13, 8, 9, 15, 5, 4, 11], idx2=[21, 24, 22, 23, 26, 15, 27, 14, 30, 25, 25, 29, 25, 28, 28, 28, 17, 19, 19, 18, 18, 15, 19, 19, 5, 18], _checker='')