============================================================
BENCHMARK ID: 56 | DIMENSIONE: 30 | STRATEGIA: domwdeg
============================================================

Input Vector: [23, 11, 6, 5, 28, 8, 1, 19, 2, 25, 9, 26, 12, 30, 22, 4, 13, 10, 21, 7, 15, 24, 27, 17, 20, 16, 29, 14, 18, 3]

STATO: RISOLTO
K: 27
TEMPO: 49.8670s
----------------------------------------
PIANO:
Solution(v=[[23, 11, 6, 5, 28, 8, 1, 19, 2, 25, 9, 26, 12, 30, 22, 4, 13, 10, 21, 7, 15, 24, 27, 17, 20, 16, 29, 14, 18, 3], [23, 11, 6, 5, 28, 8, 1, 21, 2, 25, 9, 26, 12, 30, 22, 4, 13, 10, 19, 7, 15, 24, 27, 17, 20, 16, 29, 14, 18, 3], [23, 11, 6, 5, 28, 8, 1, 21, 2, 25, 9, 26, 12, 30, 22, 4, 17, 10, 19, 7, 15, 24, 27, 13, 20, 16, 29, 14, 18, 3], [23, 11, 6, 5, 28, 8, 1, 21, 2, 25, 9, 26, 13, 30, 22, 4, 17, 10, 19, 7, 15, 24, 27, 12, 20, 16, 29, 14, 18, 3], [23, 11, 6, 5, 28, 8, 1, 21, 2, 25, 9, 26, 13, 30, 22, 16, 17, 10, 19, 7, 15, 24, 27, 12, 20, 4, 29, 14, 18, 3], [23, 11, 6, 5, 28, 8, 1, 21, 2, 25, 9, 26, 13, 30, 22, 16, 17, 10, 19, 7, 15, 24, 29, 12, 20, 4, 27, 14, 18, 3], [29, 11, 6, 5, 28, 8, 1, 21, 2, 25, 9, 26, 13, 30, 22, 16, 17, 10, 19, 7, 15, 24, 23, 12, 20, 4, 27, 14, 18, 3], [1, 11, 6, 5, 28, 8, 29, 21, 2, 25, 9, 26, 13, 30, 22, 16, 17, 10, 19, 7, 15, 24, 23, 12, 20, 4, 27, 14, 18, 3], [1, 11, 6, 5, 28, 8, 29, 21, 2, 25, 9, 12, 13, 30, 22, 16, 17, 10, 19, 7, 15, 24, 23, 26, 20, 4, 27, 14, 18, 3], [1, 11, 6, 5, 28, 8, 29, 21, 2, 25, 9, 12, 13, 30, 22, 16, 17, 10, 19, 7, 15, 24, 23, 4, 20, 26, 27, 14, 18, 3], [1, 11, 6, 5, 28, 8, 29, 21, 2, 25, 9, 12, 13, 30, 22, 16, 17, 10, 19, 7, 15, 4, 23, 24, 20, 26, 27, 14, 18, 3], [1, 11, 6, 4, 28, 8, 29, 21, 2, 25, 9, 12, 13, 30, 22, 16, 17, 10, 19, 7, 15, 5, 23, 24, 20, 26, 27, 14, 18, 3], [1, 11, 6, 4, 28, 8, 29, 21, 2, 25, 9, 12, 13, 3, 22, 16, 17, 10, 19, 7, 15, 5, 23, 24, 20, 26, 27, 14, 18, 30], [1, 11, 3, 4, 28, 8, 29, 21, 2, 25, 9, 12, 13, 6, 22, 16, 17, 10, 19, 7, 15, 5, 23, 24, 20, 26, 27, 14, 18, 30], [1, 11, 3, 4, 5, 8, 29, 21, 2, 25, 9, 12, 13, 6, 22, 16, 17, 10, 19, 7, 15, 28, 23, 24, 20, 26, 27, 14, 18, 30], [1, 11, 3, 4, 5, 8, 29, 21, 2, 10, 9, 12, 13, 6, 22, 16, 17, 25, 19, 7, 15, 28, 23, 24, 20, 26, 27, 14, 18, 30], [1, 11, 3, 4, 5, 8, 29, 21, 2, 10, 9, 12, 13, 14, 22, 16, 17, 25, 19, 7, 15, 28, 23, 24, 20, 26, 27, 6, 18, 30], [1, 11, 3, 4, 5, 8, 29, 21, 2, 10, 9, 12, 13, 14, 15, 16, 17, 25, 19, 7, 22, 28, 23, 24, 20, 26, 27, 6, 18, 30], [1, 11, 3, 4, 5, 8, 29, 21, 2, 10, 9, 12, 13, 14, 15, 16, 17, 18, 19, 7, 22, 28, 23, 24, 20, 26, 27, 6, 25, 30], [1, 11, 3, 4, 5, 8, 25, 21, 2, 10, 9, 12, 13, 14, 15, 16, 17, 18, 19, 7, 22, 28, 23, 24, 20, 26, 27, 6, 29, 30], [1, 11, 3, 4, 5, 8, 20, 21, 2, 10, 9, 12, 13, 14, 15, 16, 17, 18, 19, 7, 22, 28, 23, 24, 25, 26, 27, 6, 29, 30], [1, 11, 3, 4, 5, 8, 20, 21, 2, 10, 9, 12, 13, 14, 15, 16, 17, 18, 19, 7, 22, 6, 23, 24, 25, 26, 27, 28, 29, 30], [1, 11, 3, 4, 5, 6, 20, 21, 2, 10, 9, 12, 13, 14, 15, 16, 17, 18, 19, 7, 22, 8, 23, 24, 25, 26, 27, 28, 29, 30], [1, 11, 3, 4, 5, 6, 20, 21, 9, 10, 2, 12, 13, 14, 15, 16, 17, 18, 19, 7, 22, 8, 23, 24, 25, 26, 27, 28, 29, 30], [1, 2, 3, 4, 5, 6, 20, 21, 9, 10, 11, 12, 13, 14, 15, 16, 17, 18, 19, 7, 22, 8, 23, 24, 25, 26, 27, 28, 29, 30], [1, 2, 3, 4, 5, 6, 7, 21, 9, 10, 11, 12, 13, 14, 15, 16, 17, 18, 19, 20, 22, 8, 23, 24, 25, 26, 27, 28, 29, 30], [1, 2, 3, 4, 5, 6, 7, 21, 9, 10, 11, 12, 13, 14, 15, 16, 17, 18, 19, 20, 8, 22, 23, 24, 25, 26, 27, 28, 29, 30], [1, 2, 3, 4, 5, 6, 7, 8, 9, 10, 11, 12, 13, 14, 15, 16, 17, 18, 19, 20, 21, 22, 23, 24, 25, 26, 27, 28, 29, 30]], pos=[[7, 9, 30, 16, 4, 3, 20, 6, 11, 18, 2, 13, 17, 28, 21, 26, 24, 29, 8, 25, 19, 15, 1, 22, 10, 12, 23, 5, 27, 14], [7, 9, 30, 16, 4, 3, 20, 6, 11, 18, 2, 13, 17, 28, 21, 26, 24, 29, 19, 25, 8, 15, 1, 22, 10, 12, 23, 5, 27, 14], [7, 9, 30, 16, 4, 3, 20, 6, 11, 18, 2, 13, 24, 28, 21, 26, 17, 29, 19, 25, 8, 15, 1, 22, 10, 12, 23, 5, 27, 14], [7, 9, 30, 16, 4, 3, 20, 6, 11, 18, 2, 24, 13, 28, 21, 26, 17, 29, 19, 25, 8, 15, 1, 22, 10, 12, 23, 5, 27, 14], [7, 9, 30, 26, 4, 3, 20, 6, 11, 18, 2, 24, 13, 28, 21, 16, 17, 29, 19, 25, 8, 15, 1, 22, 10, 12, 23, 5, 27, 14], [7, 9, 30, 26, 4, 3, 20, 6, 11, 18, 2, 24, 13, 28, 21, 16, 17, 29, 19, 25, 8, 15, 1, 22, 10, 12, 27, 5, 23, 14], [7, 9, 30, 26, 4, 3, 20, 6, 11, 18, 2, 24, 13, 28, 21, 16, 17, 29, 19, 25, 8, 15, 23, 22, 10, 12, 27, 5, 1, 14], [1, 9, 30, 26, 4, 3, 20, 6, 11, 18, 2, 24, 13, 28, 21, 16, 17, 29, 19, 25, 8, 15, 23, 22, 10, 12, 27, 5, 7, 14], [1, 9, 30, 26, 4, 3, 20, 6, 11, 18, 2, 12, 13, 28, 21, 16, 17, 29, 19, 25, 8, 15, 23, 22, 10, 24, 27, 5, 7, 14], [1, 9, 30, 24, 4, 3, 20, 6, 11, 18, 2, 12, 13, 28, 21, 16, 17, 29, 19, 25, 8, 15, 23, 22, 10, 26, 27, 5, 7, 14], [1, 9, 30, 22, 4, 3, 20, 6, 11, 18, 2, 12, 13, 28, 21, 16, 17, 29, 19, 25, 8, 15, 23, 24, 10, 26, 27, 5, 7, 14], [1, 9, 30, 4, 22, 3, 20, 6, 11, 18, 2, 12, 13, 28, 21, 16, 17, 29, 19, 25, 8, 15, 23, 24, 10, 26, 27, 5, 7, 14], [1, 9, 14, 4, 22, 3, 20, 6, 11, 18, 2, 12, 13, 28, 21, 16, 17, 29, 19, 25, 8, 15, 23, 24, 10, 26, 27, 5, 7, 30], [1, 9, 3, 4, 22, 14, 20, 6, 11, 18, 2, 12, 13, 28, 21, 16, 17, 29, 19, 25, 8, 15, 23, 24, 10, 26, 27, 5, 7, 30], [1, 9, 3, 4, 5, 14, 20, 6, 11, 18, 2, 12, 13, 28, 21, 16, 17, 29, 19, 25, 8, 15, 23, 24, 10, 26, 27, 22, 7, 30], [1, 9, 3, 4, 5, 14, 20, 6, 11, 10, 2, 12, 13, 28, 21, 16, 17, 29, 19, 25, 8, 15, 23, 24, 18, 26, 27, 22, 7, 30], [1, 9, 3, 4, 5, 28, 20, 6, 11, 10, 2, 12, 13, 14, 21, 16, 17, 29, 19, 25, 8, 15, 23, 24, 18, 26, 27, 22, 7, 30], [1, 9, 3, 4, 5, 28, 20, 6, 11, 10, 2, 12, 13, 14, 15, 16, 17, 29, 19, 25, 8, 21, 23, 24, 18, 26, 27, 22, 7, 30], [1, 9, 3, 4, 5, 28, 20, 6, 11, 10, 2, 12, 13, 14, 15, 16, 17, 18, 19, 25, 8, 21, 23, 24, 29, 26, 27, 22, 7, 30], [1, 9, 3, 4, 5, 28, 20, 6, 11, 10, 2, 12, 13, 14, 15, 16, 17, 18, 19, 25, 8, 21, 23, 24, 7, 26, 27, 22, 29, 30], [1, 9, 3, 4, 5, 28, 20, 6, 11, 10, 2, 12, 13, 14, 15, 16, 17, 18, 19, 7, 8, 21, 23, 24, 25, 26, 27, 22, 29, 30], [1, 9, 3, 4, 5, 22, 20, 6, 11, 10, 2, 12, 13, 14, 15, 16, 17, 18, 19, 7, 8, 21, 23, 24, 25, 26, 27, 28, 29, 30], [1, 9, 3, 4, 5, 6, 20, 22, 11, 10, 2, 12, 13, 14, 15, 16, 17, 18, 19, 7, 8, 21, 23, 24, 25, 26, 27, 28, 29, 30], [1, 11, 3, 4, 5, 6, 20, 22, 9, 10, 2, 12, 13, 14, 15, 16, 17, 18, 19, 7, 8, 21, 23, 24, 25, 26, 27, 28, 29, 30], [1, 2, 3, 4, 5, 6, 20, 22, 9, 10, 11, 12, 13, 14, 15, 16, 17, 18, 19, 7, 8, 21, 23, 24, 25, 26, 27, 28, 29, 30], [1, 2, 3, 4, 5, 6, 7, 22, 9, 10, 11, 12, 13, 14, 15, 16, 17, 18, 19, 20, 8, 21, 23, 24, 25, 26, 27, 28, 29, 30], [1, 2, 3, 4, 5, 6, 7, 21, 9, 10, 11, 12, 13, 14, 15, 16, 17, 18, 19, 20, 8, 22, 23, 24, 25, 26, 27, 28, 29, 30], [1, 2, 3, 4, 5, 6, 7, 8, 9, 10, 11, 12, 13, 14, 15, 16, 17, 18, 19, 20, 21, 22, 23, 24, 25, 26, 27, 28, 29, 30]], idx1=[8, 17, 13, 16, 23, 1, 1, 12, 24, 22, 4, 14, 3, 5, 10, 14, 15, 18, 7, 7, 22, 6, 9, 2, 7, 21, 8], idx2=[19, 24, 24, 26, 27, 23, 7, 24, 26, 24, 22, 30, 14, 22, 18, 28, 21, 29, 29, 25, 28, 22, 11, 11, 20, 22, 21], _checker='')