============================================================
BENCHMARK ID: 42 | DIMENSIONE: 25 | STRATEGIA: domwdeg
============================================================

Input Vector: [25, 3, 20, 2, 9, 7, 16, 5, 18, 13, 1, 22, 8, 11, 21, 19, 24, 14, 15, 4, 12, 10, 17, 6, 23]

STATO: RISOLTO
K: 23
TEMPO: 20.1260s
----------------------------------------
PIANO:
Solution(v=[[25, 3, 20, 2, 9, 7, 16, 5, 18, 13, 1, 22, 8, 11, 21, 19, 24, 14, 15, 4, 12, 10, 17, 6, 23], [25, 3, 20, 2, 9, 7, 16, 8, 18, 13, 1, 22, 5, 11, 21, 19, 24, 14, 15, 4, 12, 10, 17, 6, 23], [25, 3, 20, 2, 9, 7, 16, 8, 18, 13, 1, 22, 5, 11, 21, 15, 24, 14, 19, 4, 12, 10, 17, 6, 23], [25, 3, 20, 2, 9, 7, 15, 8, 18, 13, 1, 22, 5, 11, 21, 16, 24, 14, 19, 4, 12, 10, 17, 6, 23], [25, 3, 20, 2, 9, 7, 15, 8, 18, 13, 11, 22, 5, 1, 21, 16, 24, 14, 19, 4, 12, 10, 17, 6, 23], [25, 3, 20, 2, 9, 7, 15, 8, 18, 13, 11, 12, 5, 1, 21, 16, 24, 14, 19, 4, 22, 10, 17, 6, 23], [25, 3, 20, 2, 9, 7, 15, 8, 18, 13, 11, 12, 5, 1, 21, 16, 6, 14, 19, 4, 22, 10, 17, 24, 23], [25, 3, 20, 2, 9, 7, 15, 8, 18, 13, 11, 12, 5, 1, 21, 16, 17, 14, 19, 4, 22, 10, 6, 24, 23], [25, 3, 20, 2, 9, 7, 15, 8, 18, 13, 11, 12, 5, 1, 21, 16, 17, 14, 19, 4, 10, 22, 6, 24, 23], [25, 3, 20, 2, 9, 7, 15, 8, 18, 13, 11, 12, 5, 1, 21, 16, 17, 14, 19, 4, 10, 22, 23, 24, 6], [6, 3, 20, 2, 9, 7, 15, 8, 18, 13, 11, 12, 5, 1, 21, 16, 17, 14, 19, 4, 10, 22, 23, 24, 25], [6, 3, 4, 2, 9, 7, 15, 8, 18, 13, 11, 12, 5, 1, 21, 16, 17, 14, 19, 20, 10, 22, 23, 24, 25], [6, 3, 4, 2, 9, 7, 21, 8, 18, 13, 11, 12, 5, 1, 15, 16, 17, 14, 19, 20, 10, 22, 23, 24, 25], [6, 3, 4, 2, 9, 7, 10, 8, 18, 13, 11, 12, 5, 1, 15, 16, 17, 14, 19, 20, 21, 22, 23, 24, 25], [6, 3, 4, 2, 9, 7, 10, 8, 18, 13, 11, 12, 5, 14, 15, 16, 17, 1, 19, 20, 21, 22, 23, 24, 25], [1, 3, 4, 2, 9, 7, 10, 8, 18, 13, 11, 12, 5, 14, 15, 16, 17, 6, 19, 20, 21, 22, 23, 24, 25], [1, 3, 2, 4, 9, 7, 10, 8, 18, 13, 11, 12, 5, 14, 15, 16, 17, 6, 19, 20, 21, 22, 23, 24, 25], [1, 2, 3, 4, 9, 7, 10, 8, 18, 13, 11, 12, 5, 14, 15, 16, 17, 6, 19, 20, 21, 22, 23, 24, 25], [1, 2, 3, 4, 18, 7, 10, 8, 9, 13, 11, 12, 5, 14, 15, 16, 17, 6, 19, 20, 21, 22, 23, 24, 25], [1, 2, 3, 4, 18, 7, 10, 8, 9, 5, 11, 12, 13, 14, 15, 16, 17, 6, 19, 20, 21, 22, 23, 24, 25], [1, 2, 3, 4, 18, 7, 5, 8, 9, 10, 11, 12, 13, 14, 15, 16, 17, 6, 19, 20, 21, 22, 23, 24, 25], [1, 2, 3, 4, 5, 7, 18, 8, 9, 10, 11, 12, 13, 14, 15, 16, 17, 6, 19, 20, 21, 22, 23, 24, 25], [1, 2, 3, 4, 5, 18, 7, 8, 9, 10, 11, 12, 13, 14, 15, 16, 17, 6, 19, 20, 21, 22, 23, 24, 25], [1, 2, 3, 4, 5, 6, 7, 8, 9, 10, 11, 12, 13, 14, 15, 16, 17, 18, 19, 20, 21, 22, 23, 24, 25]], pos=[[11, 4, 2, 20, 8, 24, 6, 13, 5, 22, 14, 21, 10, 18, 19, 7, 23, 9, 16, 3, 15, 12, 25, 17, 1], [11, 4, 2, 20, 13, 24, 6, 8, 5, 22, 14, 21, 10, 18, 19, 7, 23, 9, 16, 3, 15, 12, 25, 17, 1], [11, 4, 2, 20, 13, 24, 6, 8, 5, 22, 14, 21, 10, 18, 16, 7, 23, 9, 19, 3, 15, 12, 25, 17, 1], [11, 4, 2, 20, 13, 24, 6, 8, 5, 22, 14, 21, 10, 18, 7, 16, 23, 9, 19, 3, 15, 12, 25, 17, 1], [14, 4, 2, 20, 13, 24, 6, 8, 5, 22, 11, 21, 10, 18, 7, 16, 23, 9, 19, 3, 15, 12, 25, 17, 1], [14, 4, 2, 20, 13, 24, 6, 8, 5, 22, 11, 12, 10, 18, 7, 16, 23, 9, 19, 3, 15, 21, 25, 17, 1], [14, 4, 2, 20, 13, 17, 6, 8, 5, 22, 11, 12, 10, 18, 7, 16, 23, 9, 19, 3, 15, 21, 25, 24, 1], [14, 4, 2, 20, 13, 23, 6, 8, 5, 22, 11, 12, 10, 18, 7, 16, 17, 9, 19, 3, 15, 21, 25, 24, 1], [14, 4, 2, 20, 13, 23, 6, 8, 5, 21, 11, 12, 10, 18, 7, 16, 17, 9, 19, 3, 15, 22, 25, 24, 1], [14, 4, 2, 20, 13, 25, 6, 8, 5, 21, 11, 12, 10, 18, 7, 16, 17, 9, 19, 3, 15, 22, 23, 24, 1], [14, 4, 2, 20, 13, 1, 6, 8, 5, 21, 11, 12, 10, 18, 7, 16, 17, 9, 19, 3, 15, 22, 23, 24, 25], [14, 4, 2, 3, 13, 1, 6, 8, 5, 21, 11, 12, 10, 18, 7, 16, 17, 9, 19, 20, 15, 22, 23, 24, 25], [14, 4, 2, 3, 13, 1, 6, 8, 5, 21, 11, 12, 10, 18, 15, 16, 17, 9, 19, 20, 7, 22, 23, 24, 25], [14, 4, 2, 3, 13, 1, 6, 8, 5, 7, 11, 12, 10, 18, 15, 16, 17, 9, 19, 20, 21, 22, 23, 24, 25], [18, 4, 2, 3, 13, 1, 6, 8, 5, 7, 11, 12, 10, 14, 15, 16, 17, 9, 19, 20, 21, 22, 23, 24, 25], [1, 4, 2, 3, 13, 18, 6, 8, 5, 7, 11, 12, 10, 14, 15, 16, 17, 9, 19, 20, 21, 22, 23, 24, 25], [1, 3, 2, 4, 13, 18, 6, 8, 5, 7, 11, 12, 10, 14, 15, 16, 17, 9, 19, 20, 21, 22, 23, 24, 25], [1, 2, 3, 4, 13, 18, 6, 8, 5, 7, 11, 12, 10, 14, 15, 16, 17, 9, 19, 20, 21, 22, 23, 24, 25], [1, 2, 3, 4, 13, 18, 6, 8, 9, 7, 11, 12, 10, 14, 15, 16, 17, 5, 19, 20, 21, 22, 23, 24, 25], [1, 2, 3, 4, 10, 18, 6, 8, 9, 7, 11, 12, 13, 14, 15, 16, 17, 5, 19, 20, 21, 22, 23, 24, 25], [1, 2, 3, 4, 7, 18, 6, 8, 9, 10, 11, 12, 13, 14, 15, 16, 17, 5, 19, 20, 21, 22, 23, 24, 25], [1, 2, 3, 4, 5, 18, 6, 8, 9, 10, 11, 12, 13, 14, 15, 16, 17, 7, 19, 20, 21, 22, 23, 24, 25], [1, 2, 3, 4, 5, 18, 7, 8, 9, 10, 11, 12, 13, 14, 15, 16, 17, 6, 19, 20, 21, 22, 23, 24, 25], [1, 2, 3, 4, 5, 6, 7, 8, 9, 10, 11, 12, 13, 14, 15, 16, 17, 18, 19, 20, 21, 22, 23, 24, 25]], idx1=[8, 16, 7, 11, 12, 17, 17, 21, 23, 1, 3, 7, 7, 14, 1, 3, 2, 5, 10, 7, 5, 6, 6], idx2=[13, 19, 16, 14, 21, 24, 23, 22, 25, 25, 20, 15, 21, 18, 18, 4, 3, 9, 13, 10, 7, 7, 18], _checker='')