============================================================
BENCHMARK ID: 18 | DIMENSIONE: 10 | STRATEGIA: domwdeg
============================================================

Input Vector: [3, 9, 10, 6, 4, 7, 1, 2, 5, 8]

STATO: RISOLTO
K: 9
TEMPO: 0.2980s
----------------------------------------
PIANO:
Solution(v=[[3, 9, 10, 6, 4, 7, 1, 2, 5, 8], [3, 2, 10, 6, 4, 7, 1, 9, 5, 8], [3, 2, 10, 6, 4, 7, 1, 8, 5, 9], [3, 2, 9, 6, 4, 7, 1, 8, 5, 10], [9, 2, 3, 6, 4, 7, 1, 8, 5, 10], [9, 2, 3, 6, 5, 7, 1, 8, 4, 10], [9, 2, 3, 4, 5, 7, 1, 8, 6, 10], [9, 2, 3, 4, 5, 1, 7, 8, 6, 10], [9, 2, 3, 4, 5, 6, 7, 8, 1, 10], [1, 2, 3, 4, 5, 6, 7, 8, 9, 10]], pos=[[7, 8, 1, 5, 9, 4, 6, 10, 2, 3], [7, 2, 1, 5, 9, 4, 6, 10, 8, 3], [7, 2, 1, 5, 9, 4, 6, 8, 10, 3], [7, 2, 1, 5, 9, 4, 6, 8, 3, 10], [7, 2, 3, 5, 9, 4, 6, 8, 1, 10], [7, 2, 3, 9, 5, 4, 6, 8, 1, 10], [7, 2, 3, 4, 5, 9, 6, 8, 1, 10], [6, 2, 3, 4, 5, 9, 7, 8, 1, 10], [9, 2, 3, 4, 5, 6, 7, 8, 1, 10], [1, 2, 3, 4, 5, 6, 7, 8, 9, 10]], idx1=[2, 8, 3, 1, 5, 4, 6, 6, 1], idx2=[8, 10, 10, 3, 9, 9, 7, 9, 9], _checker='')