============================================================
BENCHMARK ID: 20 | DIMENSIONE: 10 | STRATEGIA: domwdeg
============================================================

Input Vector: [1, 6, 7, 9, 8, 4, 10, 3, 5, 2]

STATO: RISOLTO
K: 8
TEMPO: 0.3360s
----------------------------------------
PIANO:
Solution(v=[[1, 6, 7, 9, 8, 4, 10, 3, 5, 2], [1, 2, 7, 9, 8, 4, 10, 3, 5, 6], [1, 2, 7, 4, 8, 9, 10, 3, 5, 6], [1, 2, 7, 4, 8, 6, 10, 3, 5, 9], [1, 2, 7, 4, 8, 6, 9, 3, 5, 10], [1, 2, 9, 4, 8, 6, 7, 3, 5, 10], [1, 2, 3, 4, 8, 6, 7, 9, 5, 10], [1, 2, 3, 4, 8, 6, 7, 5, 9, 10], [1, 2, 3, 4, 5, 6, 7, 8, 9, 10]], pos=[[1, 10, 8, 6, 9, 2, 3, 5, 4, 7], [1, 2, 8, 6, 9, 10, 3, 5, 4, 7], [1, 2, 8, 4, 9, 10, 3, 5, 6, 7], [1, 2, 8, 4, 9, 6, 3, 5, 10, 7], [1, 2, 8, 4, 9, 6, 3, 5, 7, 10], [1, 2, 8, 4, 9, 6, 7, 5, 3, 10], [1, 2, 3, 4, 9, 6, 7, 5, 8, 10], [1, 2, 3, 4, 8, 6, 7, 5, 9, 10], [1, 2, 3, 4, 5, 6, 7, 8, 9, 10]], idx1=[2, 4, 6, 7, 3, 3, 8, 5], idx2=[10, 6, 10, 10, 7, 8, 9, 8], _checker='')