============================================================
BENCHMARK ID: 38 | DIMENSIONE: 20 | STRATEGIA: domwdeg
============================================================

Input Vector: [10, 4, 17, 15, 7, 19, 14, 8, 1, 2, 9, 5, 12, 18, 20, 16, 13, 6, 3, 11]

STATO: RISOLTO
K: 16
TEMPO: 0.9350s
----------------------------------------
PIANO:
Solution(v=[[10, 4, 17, 15, 7, 19, 14, 8, 1, 2, 9, 5, 12, 18, 20, 16, 13, 6, 3, 11], [10, 4, 13, 15, 7, 19, 14, 8, 1, 2, 9, 5, 12, 18, 20, 16, 17, 6, 3, 11], [10, 4, 13, 15, 7, 19, 18, 8, 1, 2, 9, 5, 12, 14, 20, 16, 17, 6, 3, 11], [10, 4, 13, 15, 18, 19, 7, 8, 1, 2, 9, 5, 12, 14, 20, 16, 17, 6, 3, 11], [10, 4, 13, 15, 18, 19, 7, 8, 1, 2, 9, 12, 5, 14, 20, 16, 17, 6, 3, 11], [10, 4, 13, 15, 5, 19, 7, 8, 1, 2, 9, 12, 18, 14, 20, 16, 17, 6, 3, 11], [10, 4, 13, 15, 5, 19, 7, 8, 9, 2, 1, 12, 18, 14, 20, 16, 17, 6, 3, 11], [1, 4, 13, 15, 5, 19, 7, 8, 9, 2, 10, 12, 18, 14, 20, 16, 17, 6, 3, 11], [1, 4, 13, 15, 5, 19, 7, 8, 9, 10, 2, 12, 18, 14, 20, 16, 17, 6, 3, 11], [1, 4, 13, 15, 5, 19, 7, 8, 9, 10, 2, 12, 6, 14, 20, 16, 17, 18, 3, 11], [1, 4, 13, 15, 5, 6, 7, 8, 9, 10, 2, 12, 19, 14, 20, 16, 17, 18, 3, 11], [1, 4, 13, 15, 5, 6, 7, 8, 9, 10, 2, 12, 3, 14, 20, 16, 17, 18, 19, 11], [1, 4, 13, 15, 5, 6, 7, 8, 9, 10, 2, 12, 3, 14, 11, 16, 17, 18, 19, 20], [1, 4, 13, 11, 5, 6, 7, 8, 9, 10, 2, 12, 3, 14, 15, 16, 17, 18, 19, 20], [1, 4, 13, 2, 5, 6, 7, 8, 9, 10, 11, 12, 3, 14, 15, 16, 17, 18, 19, 20], [1, 2, 13, 4, 5, 6, 7, 8, 9, 10, 11, 12, 3, 14, 15, 16, 17, 18, 19, 20], [1, 2, 3, 4, 5, 6, 7, 8, 9, 10, 11, 12, 13, 14, 15, 16, 17, 18, 19, 20]], pos=[[9, 10, 19, 2, 12, 18, 5, 8, 11, 1, 20, 13, 17, 7, 4, 16, 3, 14, 6, 15], [9, 10, 19, 2, 12, 18, 5, 8, 11, 1, 20, 13, 3, 7, 4, 16, 17, 14, 6, 15], [9, 10, 19, 2, 12, 18, 5, 8, 11, 1, 20, 13, 3, 14, 4, 16, 17, 7, 6, 15], [9, 10, 19, 2, 12, 18, 7, 8, 11, 1, 20, 13, 3, 14, 4, 16, 17, 5, 6, 15], [9, 10, 19, 2, 13, 18, 7, 8, 11, 1, 20, 12, 3, 14, 4, 16, 17, 5, 6, 15], [9, 10, 19, 2, 5, 18, 7, 8, 11, 1, 20, 12, 3, 14, 4, 16, 17, 13, 6, 15], [11, 10, 19, 2, 5, 18, 7, 8, 9, 1, 20, 12, 3, 14, 4, 16, 17, 13, 6, 15], [1, 10, 19, 2, 5, 18, 7, 8, 9, 11, 20, 12, 3, 14, 4, 16, 17, 13, 6, 15], [1, 11, 19, 2, 5, 18, 7, 8, 9, 10, 20, 12, 3, 14, 4, 16, 17, 13, 6, 15], [1, 11, 19, 2, 5, 13, 7, 8, 9, 10, 20, 12, 3, 14, 4, 16, 17, 18, 6, 15], [1, 11, 19, 2, 5, 6, 7, 8, 9, 10, 20, 12, 3, 14, 4, 16, 17, 18, 13, 15], [1, 11, 13, 2, 5, 6, 7, 8, 9, 10, 20, 12, 3, 14, 4, 16, 17, 18, 19, 15], [1, 11, 13, 2, 5, 6, 7, 8, 9, 10, 15, 12, 3, 14, 4, 16, 17, 18, 19, 20], [1, 11, 13, 2, 5, 6, 7, 8, 9, 10, 4, 12, 3, 14, 15, 16, 17, 18, 19, 20], [1, 4, 13, 2, 5, 6, 7, 8, 9, 10, 11, 12, 3, 14, 15, 16, 17, 18, 19, 20], [1, 2, 13, 4, 5, 6, 7, 8, 9, 10, 11, 12, 3, 14, 15, 16, 17, 18, 19, 20], [1, 2, 3, 4, 5, 6, 7, 8, 9, 10, 11, 12, 13, 14, 15, 16, 17, 18, 19, 20]], idx1=[3, 7, 5, 12, 5, 9, 1, 10, 13, 6, 13, 15, 4, 4, 2, 3], idx2=[17, 14, 7, 13, 13, 11, 11, 11, 18, 13, 19, 20, 15, 11, 4, 13], _checker='')