============================================================
BENCHMARK ID: 39 | DIMENSIONE: 20 | STRATEGIA: domwdeg
============================================================

Input Vector: [12, 17, 2, 9, 16, 13, 14, 11, 8, 18, 15, 4, 1, 5, 7, 3, 6, 10, 20, 19]

STATO: RISOLTO
K: 17
TEMPO: 2.3510s
----------------------------------------
PIANO:
Solution(v=[[12, 17, 2, 9, 16, 13, 14, 11, 8, 18, 15, 4, 1, 5, 7, 3, 6, 10, 20, 19], [12, 2, 17, 9, 16, 13, 14, 11, 8, 18, 15, 4, 1, 5, 7, 3, 6, 10, 20, 19], [12, 2, 17, 9, 5, 13, 14, 11, 8, 18, 15, 4, 1, 16, 7, 3, 6, 10, 20, 19], [12, 2, 17, 9, 5, 13, 14, 8, 11, 18, 15, 4, 1, 16, 7, 3, 6, 10, 20, 19], [12, 2, 17, 9, 5, 13, 14, 8, 15, 18, 11, 4, 1, 16, 7, 3, 6, 10, 20, 19], [12, 2, 17, 15, 5, 13, 14, 8, 9, 18, 11, 4, 1, 16, 7, 3, 6, 10, 20, 19], [12, 2, 17, 7, 5, 13, 14, 8, 9, 18, 11, 4, 1, 16, 15, 3, 6, 10, 20, 19], [12, 2, 17, 14, 5, 13, 7, 8, 9, 18, 11, 4, 1, 16, 15, 3, 6, 10, 20, 19], [12, 2, 17, 14, 5, 6, 7, 8, 9, 18, 11, 4, 1, 16, 15, 3, 13, 10, 20, 19], [12, 2, 13, 14, 5, 6, 7, 8, 9, 18, 11, 4, 1, 16, 15, 3, 17, 10, 20, 19], [12, 2, 1, 14, 5, 6, 7, 8, 9, 18, 11, 4, 13, 16, 15, 3, 17, 10, 20, 19], [12, 2, 1, 14, 5, 6, 7, 8, 9, 18, 11, 4, 13, 3, 15, 16, 17, 10, 20, 19], [12, 2, 3, 14, 5, 6, 7, 8, 9, 18, 11, 4, 13, 1, 15, 16, 17, 10, 20, 19], [1, 2, 3, 14, 5, 6, 7, 8, 9, 18, 11, 4, 13, 12, 15, 16, 17, 10, 20, 19], [1, 2, 3, 14, 5, 6, 7, 8, 9, 18, 11, 12, 13, 4, 15, 16, 17, 10, 20, 19], [1, 2, 3, 4, 5, 6, 7, 8, 9, 18, 11, 12, 13, 14, 15, 16, 17, 10, 20, 19], [1, 2, 3, 4, 5, 6, 7, 8, 9, 10, 11, 12, 13, 14, 15, 16, 17, 18, 20, 19], [1, 2, 3, 4, 5, 6, 7, 8, 9, 10, 11, 12, 13, 14, 15, 16, 17, 18, 19, 20]], pos=[[13, 3, 16, 12, 14, 17, 15, 9, 4, 18, 8, 1, 6, 7, 11, 5, 2, 10, 20, 19], [13, 2, 16, 12, 14, 17, 15, 9, 4, 18, 8, 1, 6, 7, 11, 5, 3, 10, 20, 19], [13, 2, 16, 12, 5, 17, 15, 9, 4, 18, 8, 1, 6, 7, 11, 14, 3, 10, 20, 19], [13, 2, 16, 12, 5, 17, 15, 8, 4, 18, 9, 1, 6, 7, 11, 14, 3, 10, 20, 19], [13, 2, 16, 12, 5, 17, 15, 8, 4, 18, 11, 1, 6, 7, 9, 14, 3, 10, 20, 19], [13, 2, 16, 12, 5, 17, 15, 8, 9, 18, 11, 1, 6, 7, 4, 14, 3, 10, 20, 19], [13, 2, 16, 12, 5, 17, 4, 8, 9, 18, 11, 1, 6, 7, 15, 14, 3, 10, 20, 19], [13, 2, 16, 12, 5, 17, 7, 8, 9, 18, 11, 1, 6, 4, 15, 14, 3, 10, 20, 19], [13, 2, 16, 12, 5, 6, 7, 8, 9, 18, 11, 1, 17, 4, 15, 14, 3, 10, 20, 19], [13, 2, 16, 12, 5, 6, 7, 8, 9, 18, 11, 1, 3, 4, 15, 14, 17, 10, 20, 19], [3, 2, 16, 12, 5, 6, 7, 8, 9, 18, 11, 1, 13, 4, 15, 14, 17, 10, 20, 19], [3, 2, 14, 12, 5, 6, 7, 8, 9, 18, 11, 1, 13, 4, 15, 16, 17, 10, 20, 19], [14, 2, 3, 12, 5, 6, 7, 8, 9, 18, 11, 1, 13, 4, 15, 16, 17, 10, 20, 19], [1, 2, 3, 12, 5, 6, 7, 8, 9, 18, 11, 14, 13, 4, 15, 16, 17, 10, 20, 19], [1, 2, 3, 14, 5, 6, 7, 8, 9, 18, 11, 12, 13, 4, 15, 16, 17, 10, 20, 19], [1, 2, 3, 4, 5, 6, 7, 8, 9, 18, 11, 12, 13, 14, 15, 16, 17, 10, 20, 19], [1, 2, 3, 4, 5, 6, 7, 8, 9, 10, 11, 12, 13, 14, 15, 16, 17, 18, 20, 19], [1, 2, 3, 4, 5, 6, 7, 8, 9, 10, 11, 12, 13, 14, 15, 16, 17, 18, 19, 20]], idx1=[2, 5, 8, 9, 4, 4, 4, 6, 3, 3, 14, 3, 1, 12, 4, 10, 19], idx2=[3, 14, 9, 11, 9, 15, 7, 17, 17, 13, 16, 14, 14, 14, 14, 18, 20], _checker='')