============================================================
BENCHMARK ID: 48 | DIMENSIONE: 25 | STRATEGIA: domwdeg
============================================================

Input Vector: [4, 5, 15, 25, 2, 21, 23, 17, 19, 18, 14, 9, 16, 6, 12, 20, 1, 22, 8, 24, 10, 13, 11, 3, 7]

STATO: RISOLTO
K: 23
TEMPO: 11.4060s
----------------------------------------
PIANO:
Solution(v=[[4, 5, 15, 25, 2, 21, 23, 17, 19, 18, 14, 9, 16, 6, 12, 20, 1, 22, 8, 24, 10, 13, 11, 3, 7], [4, 5, 15, 25, 2, 21, 23, 17, 19, 18, 14, 9, 16, 6, 12, 24, 1, 22, 8, 20, 10, 13, 11, 3, 7], [4, 5, 15, 25, 2, 21, 23, 17, 19, 18, 14, 9, 16, 6, 12, 24, 1, 13, 8, 20, 10, 22, 11, 3, 7], [4, 5, 15, 25, 2, 21, 23, 17, 19, 13, 14, 9, 16, 6, 12, 24, 1, 18, 8, 20, 10, 22, 11, 3, 7], [4, 5, 15, 25, 2, 21, 23, 17, 19, 16, 14, 9, 13, 6, 12, 24, 1, 18, 8, 20, 10, 22, 11, 3, 7], [4, 5, 15, 25, 2, 21, 23, 17, 19, 16, 14, 12, 13, 6, 9, 24, 1, 18, 8, 20, 10, 22, 11, 3, 7], [4, 5, 9, 25, 2, 21, 23, 17, 19, 16, 14, 12, 13, 6, 15, 24, 1, 18, 8, 20, 10, 22, 11, 3, 7], [4, 5, 9, 7, 2, 21, 23, 17, 19, 16, 14, 12, 13, 6, 15, 24, 1, 18, 8, 20, 10, 22, 11, 3, 25], [4, 5, 9, 7, 2, 21, 23, 17, 19, 16, 14, 12, 13, 6, 15, 3, 1, 18, 8, 20, 10, 22, 11, 24, 25], [4, 5, 3, 7, 2, 21, 23, 17, 19, 16, 14, 12, 13, 6, 15, 9, 1, 18, 8, 20, 10, 22, 11, 24, 25], [4, 5, 3, 7, 2, 21, 23, 17, 8, 16, 14, 12, 13, 6, 15, 9, 1, 18, 19, 20, 10, 22, 11, 24, 25], [4, 5, 3, 7, 2, 21, 23, 17, 9, 16, 14, 12, 13, 6, 15, 8, 1, 18, 19, 20, 10, 22, 11, 24, 25], [4, 5, 3, 7, 2, 21, 23, 17, 9, 16, 6, 12, 13, 14, 15, 8, 1, 18, 19, 20, 10, 22, 11, 24, 25], [4, 5, 3, 7, 2, 6, 23, 17, 9, 16, 21, 12, 13, 14, 15, 8, 1, 18, 19, 20, 10, 22, 11, 24, 25], [4, 5, 3, 7, 2, 6, 23, 17, 9, 16, 10, 12, 13, 14, 15, 8, 1, 18, 19, 20, 21, 22, 11, 24, 25], [4, 5, 3, 7, 2, 6, 23, 17, 9, 16, 11, 12, 13, 14, 15, 8, 1, 18, 19, 20, 21, 22, 10, 24, 25], [4, 5, 3, 7, 2, 6, 10, 17, 9, 16, 11, 12, 13, 14, 15, 8, 1, 18, 19, 20, 21, 22, 23, 24, 25], [4, 5, 3, 7, 2, 6, 10, 1, 9, 16, 11, 12, 13, 14, 15, 8, 17, 18, 19, 20, 21, 22, 23, 24, 25], [4, 5, 3, 7, 2, 6, 10, 8, 9, 16, 11, 12, 13, 14, 15, 1, 17, 18, 19, 20, 21, 22, 23, 24, 25], [4, 5, 3, 7, 2, 6, 10, 8, 9, 1, 11, 12, 13, 14, 15, 16, 17, 18, 19, 20, 21, 22, 23, 24, 25], [1, 5, 3, 7, 2, 6, 10, 8, 9, 4, 11, 12, 13, 14, 15, 16, 17, 18, 19, 20, 21, 22, 23, 24, 25], [1, 2, 3, 7, 5, 6, 10, 8, 9, 4, 11, 12, 13, 14, 15, 16, 17, 18, 19, 20, 21, 22, 23, 24, 25], [1, 2, 3, 4, 5, 6, 10, 8, 9, 7, 11, 12, 13, 14, 15, 16, 17, 18, 19, 20, 21, 22, 23, 24, 25], [1, 2, 3, 4, 5, 6, 7, 8, 9, 10, 11, 12, 13, 14, 15, 16, 17, 18, 19, 20, 21, 22, 23, 24, 25]], pos=[[17, 5, 24, 1, 2, 14, 25, 19, 12, 21, 23, 15, 22, 11, 3, 13, 8, 10, 9, 16, 6, 18, 7, 20, 4], [17, 5, 24, 1, 2, 14, 25, 19, 12, 21, 23, 15, 22, 11, 3, 13, 8, 10, 9, 20, 6, 18, 7, 16, 4], [17, 5, 24, 1, 2, 14, 25, 19, 12, 21, 23, 15, 18, 11, 3, 13, 8, 10, 9, 20, 6, 22, 7, 16, 4], [17, 5, 24, 1, 2, 14, 25, 19, 12, 21, 23, 15, 10, 11, 3, 13, 8, 18, 9, 20, 6, 22, 7, 16, 4], [17, 5, 24, 1, 2, 14, 25, 19, 12, 21, 23, 15, 13, 11, 3, 10, 8, 18, 9, 20, 6, 22, 7, 16, 4], [17, 5, 24, 1, 2, 14, 25, 19, 15, 21, 23, 12, 13, 11, 3, 10, 8, 18, 9, 20, 6, 22, 7, 16, 4], [17, 5, 24, 1, 2, 14, 25, 19, 3, 21, 23, 12, 13, 11, 15, 10, 8, 18, 9, 20, 6, 22, 7, 16, 4], [17, 5, 24, 1, 2, 14, 4, 19, 3, 21, 23, 12, 13, 11, 15, 10, 8, 18, 9, 20, 6, 22, 7, 16, 25], [17, 5, 16, 1, 2, 14, 4, 19, 3, 21, 23, 12, 13, 11, 15, 10, 8, 18, 9, 20, 6, 22, 7, 24, 25], [17, 5, 3, 1, 2, 14, 4, 19, 16, 21, 23, 12, 13, 11, 15, 10, 8, 18, 9, 20, 6, 22, 7, 24, 25], [17, 5, 3, 1, 2, 14, 4, 9, 16, 21, 23, 12, 13, 11, 15, 10, 8, 18, 19, 20, 6, 22, 7, 24, 25], [17, 5, 3, 1, 2, 14, 4, 16, 9, 21, 23, 12, 13, 11, 15, 10, 8, 18, 19, 20, 6, 22, 7, 24, 25], [17, 5, 3, 1, 2, 11, 4, 16, 9, 21, 23, 12, 13, 14, 15, 10, 8, 18, 19, 20, 6, 22, 7, 24, 25], [17, 5, 3, 1, 2, 6, 4, 16, 9, 21, 23, 12, 13, 14, 15, 10, 8, 18, 19, 20, 11, 22, 7, 24, 25], [17, 5, 3, 1, 2, 6, 4, 16, 9, 11, 23, 12, 13, 14, 15, 10, 8, 18, 19, 20, 21, 22, 7, 24, 25], [17, 5, 3, 1, 2, 6, 4, 16, 9, 23, 11, 12, 13, 14, 15, 10, 8, 18, 19, 20, 21, 22, 7, 24, 25], [17, 5, 3, 1, 2, 6, 4, 16, 9, 7, 11, 12, 13, 14, 15, 10, 8, 18, 19, 20, 21, 22, 23, 24, 25], [8, 5, 3, 1, 2, 6, 4, 16, 9, 7, 11, 12, 13, 14, 15, 10, 17, 18, 19, 20, 21, 22, 23, 24, 25], [16, 5, 3, 1, 2, 6, 4, 8, 9, 7, 11, 12, 13, 14, 15, 10, 17, 18, 19, 20, 21, 22, 23, 24, 25], [10, 5, 3, 1, 2, 6, 4, 8, 9, 7, 11, 12, 13, 14, 15, 16, 17, 18, 19, 20, 21, 22, 23, 24, 25], [1, 5, 3, 10, 2, 6, 4, 8, 9, 7, 11, 12, 13, 14, 15, 16, 17, 18, 19, 20, 21, 22, 23, 24, 25], [1, 2, 3, 10, 5, 6, 4, 8, 9, 7, 11, 12, 13, 14, 15, 16, 17, 18, 19, 20, 21, 22, 23, 24, 25], [1, 2, 3, 4, 5, 6, 10, 8, 9, 7, 11, 12, 13, 14, 15, 16, 17, 18, 19, 20, 21, 22, 23, 24, 25], [1, 2, 3, 4, 5, 6, 7, 8, 9, 10, 11, 12, 13, 14, 15, 16, 17, 18, 19, 20, 21, 22, 23, 24, 25]], idx1=[16, 18, 10, 10, 12, 3, 4, 16, 3, 9, 9, 11, 6, 11, 11, 7, 8, 8, 10, 1, 2, 4, 7], idx2=[20, 22, 18, 13, 15, 15, 25, 24, 16, 19, 16, 14, 11, 21, 23, 23, 17, 16, 16, 10, 5, 10, 10], _checker='')