============================================================
BENCHMARK ID: 45 | DIMENSIONE: 25 | STRATEGIA: domwdeg
============================================================

Input Vector: [7, 16, 12, 13, 4, 5, 23, 21, 15, 14, 11, 18, 17, 25, 9, 2, 3, 22, 24, 10, 6, 19, 8, 1, 20]

STATO: RISOLTO
K: 20
TEMPO: 5.2670s
----------------------------------------
PIANO:
Solution(v=[[7, 16, 12, 13, 4, 5, 23, 21, 15, 14, 11, 18, 17, 25, 9, 2, 3, 22, 24, 10, 6, 19, 8, 1, 20], [7, 16, 12, 13, 4, 5, 23, 21, 15, 14, 11, 18, 17, 20, 9, 2, 3, 22, 24, 10, 6, 19, 8, 1, 25], [7, 16, 12, 13, 4, 5, 23, 21, 15, 20, 11, 18, 17, 14, 9, 2, 3, 22, 24, 10, 6, 19, 8, 1, 25], [7, 16, 12, 13, 4, 5, 23, 21, 15, 20, 11, 18, 17, 14, 9, 2, 3, 19, 24, 10, 6, 22, 8, 1, 25], [7, 16, 12, 13, 4, 5, 23, 21, 15, 20, 11, 18, 17, 14, 9, 2, 3, 24, 19, 10, 6, 22, 8, 1, 25], [7, 16, 12, 13, 4, 5, 23, 21, 15, 20, 11, 18, 17, 14, 9, 2, 3, 1, 19, 10, 6, 22, 8, 24, 25], [7, 16, 12, 13, 4, 5, 23, 21, 15, 20, 11, 1, 17, 14, 9, 2, 3, 18, 19, 10, 6, 22, 8, 24, 25], [7, 16, 12, 13, 4, 5, 23, 21, 15, 20, 11, 1, 3, 14, 9, 2, 17, 18, 19, 10, 6, 22, 8, 24, 25], [7, 16, 12, 3, 4, 5, 23, 21, 15, 20, 11, 1, 13, 14, 9, 2, 17, 18, 19, 10, 6, 22, 8, 24, 25], [7, 16, 12, 4, 3, 5, 23, 21, 15, 20, 11, 1, 13, 14, 9, 2, 17, 18, 19, 10, 6, 22, 8, 24, 25], [7, 16, 3, 4, 12, 5, 23, 21, 15, 20, 11, 1, 13, 14, 9, 2, 17, 18, 19, 10, 6, 22, 8, 24, 25], [7, 16, 3, 4, 12, 5, 8, 21, 15, 20, 11, 1, 13, 14, 9, 2, 17, 18, 19, 10, 6, 22, 23, 24, 25], [7, 16, 3, 4, 12, 5, 8, 6, 15, 20, 11, 1, 13, 14, 9, 2, 17, 18, 19, 10, 21, 22, 23, 24, 25], [7, 16, 3, 4, 12, 6, 8, 5, 15, 20, 11, 1, 13, 14, 9, 2, 17, 18, 19, 10, 21, 22, 23, 24, 25], [7, 16, 3, 4, 12, 6, 5, 8, 15, 20, 11, 1, 13, 14, 9, 2, 17, 18, 19, 10, 21, 22, 23, 24, 25], [7, 16, 3, 4, 5, 6, 12, 8, 15, 20, 11, 1, 13, 14, 9, 2, 17, 18, 19, 10, 21, 22, 23, 24, 25], [7, 16, 3, 4, 5, 6, 1, 8, 15, 20, 11, 12, 13, 14, 9, 2, 17, 18, 19, 10, 21, 22, 23, 24, 25], [1, 16, 3, 4, 5, 6, 7, 8, 15, 20, 11, 12, 13, 14, 9, 2, 17, 18, 19, 10, 21, 22, 23, 24, 25], [1, 2, 3, 4, 5, 6, 7, 8, 15, 20, 11, 12, 13, 14, 9, 16, 17, 18, 19, 10, 21, 22, 23, 24, 25], [1, 2, 3, 4, 5, 6, 7, 8, 9, 20, 11, 12, 13, 14, 15, 16, 17, 18, 19, 10, 21, 22, 23, 24, 25], [1, 2, 3, 4, 5, 6, 7, 8, 9, 10, 11, 12, 13, 14, 15, 16, 17, 18, 19, 20, 21, 22, 23, 24, 25]], pos=[[24, 16, 17, 5, 6, 21, 1, 23, 15, 20, 11, 3, 4, 10, 9, 2, 13, 12, 22, 25, 8, 18, 7, 19, 14], [24, 16, 17, 5, 6, 21, 1, 23, 15, 20, 11, 3, 4, 10, 9, 2, 13, 12, 22, 14, 8, 18, 7, 19, 25], [24, 16, 17, 5, 6, 21, 1, 23, 15, 20, 11, 3, 4, 14, 9, 2, 13, 12, 22, 10, 8, 18, 7, 19, 25], [24, 16, 17, 5, 6, 21, 1, 23, 15, 20, 11, 3, 4, 14, 9, 2, 13, 12, 18, 10, 8, 22, 7, 19, 25], [24, 16, 17, 5, 6, 21, 1, 23, 15, 20, 11, 3, 4, 14, 9, 2, 13, 12, 19, 10, 8, 22, 7, 18, 25], [18, 16, 17, 5, 6, 21, 1, 23, 15, 20, 11, 3, 4, 14, 9, 2, 13, 12, 19, 10, 8, 22, 7, 24, 25], [12, 16, 17, 5, 6, 21, 1, 23, 15, 20, 11, 3, 4, 14, 9, 2, 13, 18, 19, 10, 8, 22, 7, 24, 25], [12, 16, 13, 5, 6, 21, 1, 23, 15, 20, 11, 3, 4, 14, 9, 2, 17, 18, 19, 10, 8, 22, 7, 24, 25], [12, 16, 4, 5, 6, 21, 1, 23, 15, 20, 11, 3, 13, 14, 9, 2, 17, 18, 19, 10, 8, 22, 7, 24, 25], [12, 16, 5, 4, 6, 21, 1, 23, 15, 20, 11, 3, 13, 14, 9, 2, 17, 18, 19, 10, 8, 22, 7, 24, 25], [12, 16, 3, 4, 6, 21, 1, 23, 15, 20, 11, 5, 13, 14, 9, 2, 17, 18, 19, 10, 8, 22, 7, 24, 25], [12, 16, 3, 4, 6, 21, 1, 7, 15, 20, 11, 5, 13, 14, 9, 2, 17, 18, 19, 10, 8, 22, 23, 24, 25], [12, 16, 3, 4, 6, 8, 1, 7, 15, 20, 11, 5, 13, 14, 9, 2, 17, 18, 19, 10, 21, 22, 23, 24, 25], [12, 16, 3, 4, 8, 6, 1, 7, 15, 20, 11, 5, 13, 14, 9, 2, 17, 18, 19, 10, 21, 22, 23, 24, 25], [12, 16, 3, 4, 7, 6, 1, 8, 15, 20, 11, 5, 13, 14, 9, 2, 17, 18, 19, 10, 21, 22, 23, 24, 25], [12, 16, 3, 4, 5, 6, 1, 8, 15, 20, 11, 7, 13, 14, 9, 2, 17, 18, 19, 10, 21, 22, 23, 24, 25], [7, 16, 3, 4, 5, 6, 1, 8, 15, 20, 11, 12, 13, 14, 9, 2, 17, 18, 19, 10, 21, 22, 23, 24, 25], [1, 16, 3, 4, 5, 6, 7, 8, 15, 20, 11, 12, 13, 14, 9, 2, 17, 18, 19, 10, 21, 22, 23, 24, 25], [1, 2, 3, 4, 5, 6, 7, 8, 15, 20, 11, 12, 13, 14, 9, 16, 17, 18, 19, 10, 21, 22, 23, 24, 25], [1, 2, 3, 4, 5, 6, 7, 8, 9, 20, 11, 12, 13, 14, 15, 16, 17, 18, 19, 10, 21, 22, 23, 24, 25], [1, 2, 3, 4, 5, 6, 7, 8, 9, 10, 11, 12, 13, 14, 15, 16, 17, 18, 19, 20, 21, 22, 23, 24, 25]], idx1=[14, 10, 18, 18, 18, 12, 13, 4, 4, 3, 7, 8, 6, 7, 5, 7, 1, 2, 9, 10], idx2=[25, 14, 22, 19, 24, 18, 17, 13, 5, 5, 23, 21, 8, 8, 7, 12, 7, 16, 15, 20], _checker='')