============================================================
BENCHMARK ID: 32 | DIMENSIONE: 20 | STRATEGIA: domwdeg
============================================================

Input Vector: [9, 16, 17, 5, 13, 6, 2, 8, 1, 15, 20, 18, 10, 14, 11, 7, 4, 19, 3, 12]

STATO: RISOLTO
K: 14
TEMPO: 19.6390s
----------------------------------------
PIANO:
Solution(v=[[9, 16, 17, 5, 13, 6, 2, 8, 1, 15, 20, 18, 10, 14, 11, 7, 4, 19, 3, 12], [1, 16, 17, 5, 13, 6, 2, 8, 9, 15, 20, 18, 10, 14, 11, 7, 4, 19, 3, 12], [1, 16, 17, 5, 13, 6, 2, 8, 9, 15, 11, 18, 10, 14, 20, 7, 4, 19, 3, 12], [1, 16, 17, 5, 13, 6, 2, 8, 9, 15, 11, 18, 10, 14, 20, 7, 4, 3, 19, 12], [1, 16, 17, 5, 13, 6, 2, 8, 9, 15, 11, 3, 10, 14, 20, 7, 4, 18, 19, 12], [1, 16, 3, 5, 13, 6, 2, 8, 9, 15, 11, 17, 10, 14, 20, 7, 4, 18, 19, 12], [1, 16, 3, 5, 13, 6, 2, 8, 9, 10, 11, 17, 15, 14, 20, 7, 4, 18, 19, 12], [1, 16, 3, 5, 15, 6, 2, 8, 9, 10, 11, 17, 13, 14, 20, 7, 4, 18, 19, 12], [1, 16, 3, 5, 20, 6, 2, 8, 9, 10, 11, 17, 13, 14, 15, 7, 4, 18, 19, 12], [1, 16, 3, 5, 20, 6, 7, 8, 9, 10, 11, 17, 13, 14, 15, 2, 4, 18, 19, 12], [1, 2, 3, 5, 20, 6, 7, 8, 9, 10, 11, 17, 13, 14, 15, 16, 4, 18, 19, 12], [1, 2, 3, 5, 20, 6, 7, 8, 9, 10, 11, 4, 13, 14, 15, 16, 17, 18, 19, 12], [1, 2, 3, 4, 20, 6, 7, 8, 9, 10, 11, 5, 13, 14, 15, 16, 17, 18, 19, 12], [1, 2, 3, 4, 20, 6, 7, 8, 9, 10, 11, 12, 13, 14, 15, 16, 17, 18, 19, 5], [1, 2, 3, 4, 5, 6, 7, 8, 9, 10, 11, 12, 13, 14, 15, 16, 17, 18, 19, 20]], pos=[[9, 7, 19, 17, 4, 6, 16, 8, 1, 13, 15, 20, 5, 14, 10, 2, 3, 12, 18, 11], [1, 7, 19, 17, 4, 6, 16, 8, 9, 13, 15, 20, 5, 14, 10, 2, 3, 12, 18, 11], [1, 7, 19, 17, 4, 6, 16, 8, 9, 13, 11, 20, 5, 14, 10, 2, 3, 12, 18, 15], [1, 7, 18, 17, 4, 6, 16, 8, 9, 13, 11, 20, 5, 14, 10, 2, 3, 12, 19, 15], [1, 7, 12, 17, 4, 6, 16, 8, 9, 13, 11, 20, 5, 14, 10, 2, 3, 18, 19, 15], [1, 7, 3, 17, 4, 6, 16, 8, 9, 13, 11, 20, 5, 14, 10, 2, 12, 18, 19, 15], [1, 7, 3, 17, 4, 6, 16, 8, 9, 10, 11, 20, 5, 14, 13, 2, 12, 18, 19, 15], [1, 7, 3, 17, 4, 6, 16, 8, 9, 10, 11, 20, 13, 14, 5, 2, 12, 18, 19, 15], [1, 7, 3, 17, 4, 6, 16, 8, 9, 10, 11, 20, 13, 14, 15, 2, 12, 18, 19, 5], [1, 16, 3, 17, 4, 6, 7, 8, 9, 10, 11, 20, 13, 14, 15, 2, 12, 18, 19, 5], [1, 2, 3, 17, 4, 6, 7, 8, 9, 10, 11, 20, 13, 14, 15, 16, 12, 18, 19, 5], [1, 2, 3, 12, 4, 6, 7, 8, 9, 10, 11, 20, 13, 14, 15, 16, 17, 18, 19, 5], [1, 2, 3, 4, 12, 6, 7, 8, 9, 10, 11, 20, 13, 14, 15, 16, 17, 18, 19, 5], [1, 2, 3, 4, 20, 6, 7, 8, 9, 10, 11, 12, 13, 14, 15, 16, 17, 18, 19, 5], [1, 2, 3, 4, 5, 6, 7, 8, 9, 10, 11, 12, 13, 14, 15, 16, 17, 18, 19, 20]], idx1=[1, 11, 18, 12, 3, 10, 5, 5, 7, 2, 12, 4, 12, 5], idx2=[9, 15, 19, 18, 12, 13, 13, 15, 16, 16, 17, 12, 20, 20], _checker='')