============================================================
BENCHMARK ID: 44 | DIMENSIONE: 25 | STRATEGIA: domwdeg
============================================================

Input Vector: [24, 18, 2, 10, 23, 7, 15, 21, 5, 19, 8, 16, 13, 4, 17, 11, 9, 14, 6, 25, 12, 22, 20, 1, 3]

STATO: RISOLTO
K: 20
TEMPO: 88.2420s
----------------------------------------
PIANO:
Solution(v=[[24, 18, 2, 10, 23, 7, 15, 21, 5, 19, 8, 16, 13, 4, 17, 11, 9, 14, 6, 25, 12, 22, 20, 1, 3], [1, 18, 2, 10, 23, 7, 15, 21, 5, 19, 8, 16, 13, 4, 17, 11, 9, 14, 6, 25, 12, 22, 20, 24, 3], [1, 18, 2, 10, 23, 7, 17, 21, 5, 19, 8, 16, 13, 4, 15, 11, 9, 14, 6, 25, 12, 22, 20, 24, 3], [1, 18, 2, 10, 23, 7, 9, 21, 5, 19, 8, 16, 13, 4, 15, 11, 17, 14, 6, 25, 12, 22, 20, 24, 3], [1, 18, 2, 10, 23, 7, 5, 21, 9, 19, 8, 16, 13, 4, 15, 11, 17, 14, 6, 25, 12, 22, 20, 24, 3], [1, 18, 2, 10, 23, 7, 5, 21, 9, 6, 8, 16, 13, 4, 15, 11, 17, 14, 19, 25, 12, 22, 20, 24, 3], [1, 18, 2, 10, 23, 6, 5, 21, 9, 7, 8, 16, 13, 4, 15, 11, 17, 14, 19, 25, 12, 22, 20, 24, 3], [1, 18, 2, 7, 23, 6, 5, 21, 9, 10, 8, 16, 13, 4, 15, 11, 17, 14, 19, 25, 12, 22, 20, 24, 3], [1, 18, 2, 7, 5, 6, 23, 21, 9, 10, 8, 16, 13, 4, 15, 11, 17, 14, 19, 25, 12, 22, 20, 24, 3], [1, 18, 2, 7, 5, 6, 20, 21, 9, 10, 8, 16, 13, 4, 15, 11, 17, 14, 19, 25, 12, 22, 23, 24, 3], [1, 18, 2, 20, 5, 6, 7, 21, 9, 10, 8, 16, 13, 4, 15, 11, 17, 14, 19, 25, 12, 22, 23, 24, 3], [1, 18, 2, 4, 5, 6, 7, 21, 9, 10, 8, 16, 13, 20, 15, 11, 17, 14, 19, 25, 12, 22, 23, 24, 3], [1, 18, 2, 4, 5, 6, 7, 21, 9, 10, 8, 12, 13, 20, 15, 11, 17, 14, 19, 25, 16, 22, 23, 24, 3], [1, 18, 2, 4, 5, 6, 7, 21, 9, 10, 8, 12, 13, 20, 15, 16, 17, 14, 19, 25, 11, 22, 23, 24, 3], [1, 18, 2, 4, 5, 6, 7, 11, 9, 10, 8, 12, 13, 20, 15, 16, 17, 14, 19, 25, 21, 22, 23, 24, 3], [1, 18, 2, 4, 5, 6, 7, 11, 9, 10, 8, 12, 13, 14, 15, 16, 17, 20, 19, 25, 21, 22, 23, 24, 3], [1, 18, 2, 4, 5, 6, 7, 11, 9, 10, 8, 12, 13, 14, 15, 16, 17, 25, 19, 20, 21, 22, 23, 24, 3], [1, 25, 2, 4, 5, 6, 7, 11, 9, 10, 8, 12, 13, 14, 15, 16, 17, 18, 19, 20, 21, 22, 23, 24, 3], [1, 2, 25, 4, 5, 6, 7, 11, 9, 10, 8, 12, 13, 14, 15, 16, 17, 18, 19, 20, 21, 22, 23, 24, 3], [1, 2, 3, 4, 5, 6, 7, 11, 9, 10, 8, 12, 13, 14, 15, 16, 17, 18, 19, 20, 21, 22, 23, 24, 25], [1, 2, 3, 4, 5, 6, 7, 8, 9, 10, 11, 12, 13, 14, 15, 16, 17, 18, 19, 20, 21, 22, 23, 24, 25]], pos=[[24, 3, 25, 14, 9, 19, 6, 11, 17, 4, 16, 21, 13, 18, 7, 12, 15, 2, 10, 23, 8, 22, 5, 1, 20], [1, 3, 25, 14, 9, 19, 6, 11, 17, 4, 16, 21, 13, 18, 7, 12, 15, 2, 10, 23, 8, 22, 5, 24, 20], [1, 3, 25, 14, 9, 19, 6, 11, 17, 4, 16, 21, 13, 18, 15, 12, 7, 2, 10, 23, 8, 22, 5, 24, 20], [1, 3, 25, 14, 9, 19, 6, 11, 7, 4, 16, 21, 13, 18, 15, 12, 17, 2, 10, 23, 8, 22, 5, 24, 20], [1, 3, 25, 14, 7, 19, 6, 11, 9, 4, 16, 21, 13, 18, 15, 12, 17, 2, 10, 23, 8, 22, 5, 24, 20], [1, 3, 25, 14, 7, 10, 6, 11, 9, 4, 16, 21, 13, 18, 15, 12, 17, 2, 19, 23, 8, 22, 5, 24, 20], [1, 3, 25, 14, 7, 6, 10, 11, 9, 4, 16, 21, 13, 18, 15, 12, 17, 2, 19, 23, 8, 22, 5, 24, 20], [1, 3, 25, 14, 7, 6, 4, 11, 9, 10, 16, 21, 13, 18, 15, 12, 17, 2, 19, 23, 8, 22, 5, 24, 20], [1, 3, 25, 14, 5, 6, 4, 11, 9, 10, 16, 21, 13, 18, 15, 12, 17, 2, 19, 23, 8, 22, 7, 24, 20], [1, 3, 25, 14, 5, 6, 4, 11, 9, 10, 16, 21, 13, 18, 15, 12, 17, 2, 19, 7, 8, 22, 23, 24, 20], [1, 3, 25, 14, 5, 6, 7, 11, 9, 10, 16, 21, 13, 18, 15, 12, 17, 2, 19, 4, 8, 22, 23, 24, 20], [1, 3, 25, 4, 5, 6, 7, 11, 9, 10, 16, 21, 13, 18, 15, 12, 17, 2, 19, 14, 8, 22, 23, 24, 20], [1, 3, 25, 4, 5, 6, 7, 11, 9, 10, 16, 12, 13, 18, 15, 21, 17, 2, 19, 14, 8, 22, 23, 24, 20], [1, 3, 25, 4, 5, 6, 7, 11, 9, 10, 21, 12, 13, 18, 15, 16, 17, 2, 19, 14, 8, 22, 23, 24, 20], [1, 3, 25, 4, 5, 6, 7, 11, 9, 10, 8, 12, 13, 18, 15, 16, 17, 2, 19, 14, 21, 22, 23, 24, 20], [1, 3, 25, 4, 5, 6, 7, 11, 9, 10, 8, 12, 13, 14, 15, 16, 17, 2, 19, 18, 21, 22, 23, 24, 20], [1, 3, 25, 4, 5, 6, 7, 11, 9, 10, 8, 12, 13, 14, 15, 16, 17, 2, 19, 20, 21, 22, 23, 24, 18], [1, 3, 25, 4, 5, 6, 7, 11, 9, 10, 8, 12, 13, 14, 15, 16, 17, 18, 19, 20, 21, 22, 23, 24, 2], [1, 2, 25, 4, 5, 6, 7, 11, 9, 10, 8, 12, 13, 14, 15, 16, 17, 18, 19, 20, 21, 22, 23, 24, 3], [1, 2, 3, 4, 5, 6, 7, 11, 9, 10, 8, 12, 13, 14, 15, 16, 17, 18, 19, 20, 21, 22, 23, 24, 25], [1, 2, 3, 4, 5, 6, 7, 8, 9, 10, 11, 12, 13, 14, 15, 16, 17, 18, 19, 20, 21, 22, 23, 24, 25]], idx1=[1, 7, 7, 7, 10, 6, 4, 5, 7, 4, 4, 12, 16, 8, 14, 18, 2, 2, 3, 8], idx2=[24, 15, 17, 9, 19, 10, 10, 7, 23, 7, 14, 21, 21, 21, 18, 20, 18, 3, 25, 11], _checker='')