============================================================
BENCHMARK ID: 21 | DIMENSIONE: 15 | STRATEGIA: geometric
============================================================

Input Vector: [1, 6, 13, 4, 5, 15, 12, 14, 9, 11, 3, 7, 2, 10, 8]

STATO: RISOLTO
K: 9
TEMPO: 0.3140s
----------------------------------------
PIANO:
Solution(v=[[1, 6, 13, 4, 5, 15, 12, 14, 9, 11, 3, 7, 2, 10, 8], [1, 6, 13, 4, 5, 15, 12, 10, 9, 11, 3, 7, 2, 14, 8], [1, 6, 13, 4, 5, 15, 12, 10, 9, 3, 11, 7, 2, 14, 8], [1, 6, 3, 4, 5, 15, 12, 10, 9, 13, 11, 7, 2, 14, 8], [1, 6, 3, 4, 5, 15, 12, 8, 9, 13, 11, 7, 2, 14, 10], [1, 6, 3, 4, 5, 15, 12, 8, 9, 2, 11, 7, 13, 14, 10], [1, 6, 3, 4, 5, 15, 12, 8, 9, 10, 11, 7, 13, 14, 2], [1, 6, 3, 4, 5, 2, 12, 8, 9, 10, 11, 7, 13, 14, 15], [1, 2, 3, 4, 5, 6, 12, 8, 9, 10, 11, 7, 13, 14, 15], [1, 2, 3, 4, 5, 6, 7, 8, 9, 10, 11, 12, 13, 14, 15]], pos=[[1, 13, 11, 4, 5, 2, 12, 15, 9, 14, 10, 7, 3, 8, 6], [1, 13, 11, 4, 5, 2, 12, 15, 9, 8, 10, 7, 3, 14, 6], [1, 13, 10, 4, 5, 2, 12, 15, 9, 8, 11, 7, 3, 14, 6], [1, 13, 3, 4, 5, 2, 12, 15, 9, 8, 11, 7, 10, 14, 6], [1, 13, 3, 4, 5, 2, 12, 8, 9, 15, 11, 7, 10, 14, 6], [1, 10, 3, 4, 5, 2, 12, 8, 9, 15, 11, 7, 13, 14, 6], [1, 15, 3, 4, 5, 2, 12, 8, 9, 10, 11, 7, 13, 14, 6], [1, 6, 3, 4, 5, 2, 12, 8, 9, 10, 11, 7, 13, 14, 15], [1, 2, 3, 4, 5, 6, 12, 8, 9, 10, 11, 7, 13, 14, 15], [1, 2, 3, 4, 5, 6, 7, 8, 9, 10, 11, 12, 13, 14, 15]], idx1=[8, 10, 3, 8, 10, 10, 6, 2, 7], idx2=[14, 11, 10, 15, 13, 15, 15, 6, 12], _checker='')