============================================================
BENCHMARK ID: 55 | DIMENSIONE: 30 | STRATEGIA: geometric
============================================================

Input Vector: [10, 13, 26, 20, 21, 6, 16, 4, 22, 17, 3, 12, 27, 25, 24, 8, 2, 15, 5, 18, 1, 9, 7, 14, 29, 19, 11, 23, 30, 28]

STATO: RISOLTO
K: 25
TEMPO: 89.7060s
----------------------------------------
PIANO:
Solution(v=[[10, 13, 26, 20, 21, 6, 16, 4, 22, 17, 3, 12, 27, 25, 24, 8, 2, 15, 5, 18, 1, 9, 7, 14, 29, 19, 11, 23, 30, 28], [10, 13, 26, 20, 5, 6, 16, 4, 22, 17, 3, 12, 27, 25, 24, 8, 2, 15, 21, 18, 1, 9, 7, 14, 29, 19, 11, 23, 30, 28], [10, 13, 26, 20, 5, 6, 7, 4, 22, 17, 3, 12, 27, 25, 24, 8, 2, 15, 21, 18, 1, 9, 16, 14, 29, 19, 11, 23, 30, 28], [10, 13, 26, 20, 5, 6, 7, 8, 22, 17, 3, 12, 27, 25, 24, 4, 2, 15, 21, 18, 1, 9, 16, 14, 29, 19, 11, 23, 30, 28], [10, 13, 26, 20, 5, 6, 7, 8, 22, 17, 3, 12, 27, 25, 24, 4, 2, 15, 21, 18, 1, 9, 16, 14, 30, 19, 11, 23, 29, 28], [10, 13, 26, 20, 5, 6, 7, 8, 22, 17, 3, 12, 27, 30, 24, 4, 2, 15, 21, 18, 1, 9, 16, 14, 25, 19, 11, 23, 29, 28], [10, 13, 26, 20, 5, 6, 7, 8, 22, 17, 3, 12, 27, 30, 24, 16, 2, 15, 21, 18, 1, 9, 4, 14, 25, 19, 11, 23, 29, 28], [10, 13, 26, 20, 5, 6, 7, 8, 22, 17, 3, 12, 27, 30, 24, 16, 2, 18, 21, 15, 1, 9, 4, 14, 25, 19, 11, 23, 29, 28], [10, 13, 26, 20, 5, 6, 7, 8, 22, 17, 3, 12, 27, 30, 24, 16, 2, 18, 21, 15, 1, 9, 23, 14, 25, 19, 11, 4, 29, 28], [10, 13, 26, 20, 5, 6, 7, 8, 22, 17, 3, 12, 27, 30, 24, 16, 2, 18, 21, 15, 1, 9, 23, 14, 25, 19, 11, 28, 29, 4], [10, 13, 26, 4, 5, 6, 7, 8, 22, 17, 3, 12, 27, 30, 24, 16, 2, 18, 21, 15, 1, 9, 23, 14, 25, 19, 11, 28, 29, 20], [10, 13, 26, 4, 5, 6, 7, 8, 22, 2, 3, 12, 27, 30, 24, 16, 17, 18, 21, 15, 1, 9, 23, 14, 25, 19, 11, 28, 29, 20], [10, 13, 26, 4, 5, 6, 7, 8, 22, 2, 3, 12, 27, 20, 24, 16, 17, 18, 21, 15, 1, 9, 23, 14, 25, 19, 11, 28, 29, 30], [10, 13, 26, 4, 5, 6, 7, 8, 22, 2, 3, 12, 27, 15, 24, 16, 17, 18, 21, 20, 1, 9, 23, 14, 25, 19, 11, 28, 29, 30], [10, 13, 26, 4, 5, 6, 7, 8, 22, 2, 3, 12, 27, 15, 24, 16, 17, 18, 19, 20, 1, 9, 23, 14, 25, 21, 11, 28, 29, 30], [10, 13, 21, 4, 5, 6, 7, 8, 22, 2, 3, 12, 27, 15, 24, 16, 17, 18, 19, 20, 1, 9, 23, 14, 25, 26, 11, 28, 29, 30], [10, 13, 3, 4, 5, 6, 7, 8, 22, 2, 21, 12, 27, 15, 24, 16, 17, 18, 19, 20, 1, 9, 23, 14, 25, 26, 11, 28, 29, 30], [10, 13, 3, 4, 5, 6, 7, 8, 9, 2, 21, 12, 27, 15, 24, 16, 17, 18, 19, 20, 1, 22, 23, 14, 25, 26, 11, 28, 29, 30], [10, 13, 3, 4, 5, 6, 7, 8, 9, 2, 11, 12, 27, 15, 24, 16, 17, 18, 19, 20, 1, 22, 23, 14, 25, 26, 21, 28, 29, 30], [10, 13, 3, 4, 5, 6, 7, 8, 9, 2, 11, 12, 27, 24, 15, 16, 17, 18, 19, 20, 1, 22, 23, 14, 25, 26, 21, 28, 29, 30], [10, 13, 3, 4, 5, 6, 7, 8, 9, 2, 11, 12, 27, 24, 15, 16, 17, 18, 19, 20, 21, 22, 23, 14, 25, 26, 1, 28, 29, 30], [1, 13, 3, 4, 5, 6, 7, 8, 9, 2, 11, 12, 27, 24, 15, 16, 17, 18, 19, 20, 21, 22, 23, 14, 25, 26, 10, 28, 29, 30], [1, 2, 3, 4, 5, 6, 7, 8, 9, 13, 11, 12, 27, 24, 15, 16, 17, 18, 19, 20, 21, 22, 23, 14, 25, 26, 10, 28, 29, 30], [1, 2, 3, 4, 5, 6, 7, 8, 9, 13, 11, 12, 10, 24, 15, 16, 17, 18, 19, 20, 21, 22, 23, 14, 25, 26, 27, 28, 29, 30], [1, 2, 3, 4, 5, 6, 7, 8, 9, 10, 11, 12, 13, 24, 15, 16, 17, 18, 19, 20, 21, 22, 23, 14, 25, 26, 27, 28, 29, 30], [1, 2, 3, 4, 5, 6, 7, 8, 9, 10, 11, 12, 13, 14, 15, 16, 17, 18, 19, 20, 21, 22, 23, 24, 25, 26, 27, 28, 29, 30]], pos=[[21, 17, 11, 8, 19, 6, 23, 16, 22, 1, 27, 12, 2, 24, 18, 7, 10, 20, 26, 4, 5, 9, 28, 15, 14, 3, 13, 30, 25, 29], [21, 17, 11, 8, 5, 6, 23, 16, 22, 1, 27, 12, 2, 24, 18, 7, 10, 20, 26, 4, 19, 9, 28, 15, 14, 3, 13, 30, 25, 29], [21, 17, 11, 8, 5, 6, 7, 16, 22, 1, 27, 12, 2, 24, 18, 23, 10, 20, 26, 4, 19, 9, 28, 15, 14, 3, 13, 30, 25, 29], [21, 17, 11, 16, 5, 6, 7, 8, 22, 1, 27, 12, 2, 24, 18, 23, 10, 20, 26, 4, 19, 9, 28, 15, 14, 3, 13, 30, 25, 29], [21, 17, 11, 16, 5, 6, 7, 8, 22, 1, 27, 12, 2, 24, 18, 23, 10, 20, 26, 4, 19, 9, 28, 15, 14, 3, 13, 30, 29, 25], [21, 17, 11, 16, 5, 6, 7, 8, 22, 1, 27, 12, 2, 24, 18, 23, 10, 20, 26, 4, 19, 9, 28, 15, 25, 3, 13, 30, 29, 14], [21, 17, 11, 23, 5, 6, 7, 8, 22, 1, 27, 12, 2, 24, 18, 16, 10, 20, 26, 4, 19, 9, 28, 15, 25, 3, 13, 30, 29, 14], [21, 17, 11, 23, 5, 6, 7, 8, 22, 1, 27, 12, 2, 24, 20, 16, 10, 18, 26, 4, 19, 9, 28, 15, 25, 3, 13, 30, 29, 14], [21, 17, 11, 28, 5, 6, 7, 8, 22, 1, 27, 12, 2, 24, 20, 16, 10, 18, 26, 4, 19, 9, 23, 15, 25, 3, 13, 30, 29, 14], [21, 17, 11, 30, 5, 6, 7, 8, 22, 1, 27, 12, 2, 24, 20, 16, 10, 18, 26, 4, 19, 9, 23, 15, 25, 3, 13, 28, 29, 14], [21, 17, 11, 4, 5, 6, 7, 8, 22, 1, 27, 12, 2, 24, 20, 16, 10, 18, 26, 30, 19, 9, 23, 15, 25, 3, 13, 28, 29, 14], [21, 10, 11, 4, 5, 6, 7, 8, 22, 1, 27, 12, 2, 24, 20, 16, 17, 18, 26, 30, 19, 9, 23, 15, 25, 3, 13, 28, 29, 14], [21, 10, 11, 4, 5, 6, 7, 8, 22, 1, 27, 12, 2, 24, 20, 16, 17, 18, 26, 14, 19, 9, 23, 15, 25, 3, 13, 28, 29, 30], [21, 10, 11, 4, 5, 6, 7, 8, 22, 1, 27, 12, 2, 24, 14, 16, 17, 18, 26, 20, 19, 9, 23, 15, 25, 3, 13, 28, 29, 30], [21, 10, 11, 4, 5, 6, 7, 8, 22, 1, 27, 12, 2, 24, 14, 16, 17, 18, 19, 20, 26, 9, 23, 15, 25, 3, 13, 28, 29, 30], [21, 10, 11, 4, 5, 6, 7, 8, 22, 1, 27, 12, 2, 24, 14, 16, 17, 18, 19, 20, 3, 9, 23, 15, 25, 26, 13, 28, 29, 30], [21, 10, 3, 4, 5, 6, 7, 8, 22, 1, 27, 12, 2, 24, 14, 16, 17, 18, 19, 20, 11, 9, 23, 15, 25, 26, 13, 28, 29, 30], [21, 10, 3, 4, 5, 6, 7, 8, 9, 1, 27, 12, 2, 24, 14, 16, 17, 18, 19, 20, 11, 22, 23, 15, 25, 26, 13, 28, 29, 30], [21, 10, 3, 4, 5, 6, 7, 8, 9, 1, 11, 12, 2, 24, 14, 16, 17, 18, 19, 20, 27, 22, 23, 15, 25, 26, 13, 28, 29, 30], [21, 10, 3, 4, 5, 6, 7, 8, 9, 1, 11, 12, 2, 24, 15, 16, 17, 18, 19, 20, 27, 22, 23, 14, 25, 26, 13, 28, 29, 30], [27, 10, 3, 4, 5, 6, 7, 8, 9, 1, 11, 12, 2, 24, 15, 16, 17, 18, 19, 20, 21, 22, 23, 14, 25, 26, 13, 28, 29, 30], [1, 10, 3, 4, 5, 6, 7, 8, 9, 27, 11, 12, 2, 24, 15, 16, 17, 18, 19, 20, 21, 22, 23, 14, 25, 26, 13, 28, 29, 30], [1, 2, 3, 4, 5, 6, 7, 8, 9, 27, 11, 12, 10, 24, 15, 16, 17, 18, 19, 20, 21, 22, 23, 14, 25, 26, 13, 28, 29, 30], [1, 2, 3, 4, 5, 6, 7, 8, 9, 13, 11, 12, 10, 24, 15, 16, 17, 18, 19, 20, 21, 22, 23, 14, 25, 26, 27, 28, 29, 30], [1, 2, 3, 4, 5, 6, 7, 8, 9, 10, 11, 12, 13, 24, 15, 16, 17, 18, 19, 20, 21, 22, 23, 14, 25, 26, 27, 28, 29, 30], [1, 2, 3, 4, 5, 6, 7, 8, 9, 10, 11, 12, 13, 14, 15, 16, 17, 18, 19, 20, 21, 22, 23, 24, 25, 26, 27, 28, 29, 30]], idx1=[5, 7, 8, 25, 14, 16, 18, 23, 28, 4, 10, 14, 14, 19, 3, 3, 9, 11, 14, 21, 1, 2, 13, 10, 14], idx2=[19, 23, 16, 29, 25, 23, 20, 28, 30, 30, 17, 30, 20, 26, 26, 11, 22, 27, 15, 27, 27, 10, 27, 13, 24], _checker='')