============================================================
BENCHMARK ID: 38 | DIMENSIONE: 20 | STRATEGIA: geometric
============================================================

Input Vector: [10, 4, 17, 15, 7, 19, 14, 8, 1, 2, 9, 5, 12, 18, 20, 16, 13, 6, 3, 11]

STATO: RISOLTO
K: 16
TEMPO: 4.6960s
----------------------------------------
PIANO:
Solution(v=[[10, 4, 17, 15, 7, 19, 14, 8, 1, 2, 9, 5, 12, 18, 20, 16, 13, 6, 3, 11], [10, 4, 13, 15, 7, 19, 14, 8, 1, 2, 9, 5, 12, 18, 20, 16, 17, 6, 3, 11], [10, 4, 13, 15, 7, 19, 18, 8, 1, 2, 9, 5, 12, 14, 20, 16, 17, 6, 3, 11], [10, 4, 13, 15, 7, 19, 18, 8, 1, 2, 11, 5, 12, 14, 20, 16, 17, 6, 3, 9], [10, 4, 13, 15, 7, 19, 18, 8, 1, 2, 11, 12, 5, 14, 20, 16, 17, 6, 3, 9], [10, 4, 5, 15, 7, 19, 18, 8, 1, 2, 11, 12, 13, 14, 20, 16, 17, 6, 3, 9], [10, 4, 7, 15, 5, 19, 18, 8, 1, 2, 11, 12, 13, 14, 20, 16, 17, 6, 3, 9], [10, 4, 3, 15, 5, 19, 18, 8, 1, 2, 11, 12, 13, 14, 20, 16, 17, 6, 7, 9], [10, 4, 3, 15, 5, 19, 18, 8, 1, 2, 11, 12, 13, 14, 9, 16, 17, 6, 7, 20], [10, 4, 3, 9, 5, 19, 18, 8, 1, 2, 11, 12, 13, 14, 15, 16, 17, 6, 7, 20], [10, 4, 3, 1, 5, 19, 18, 8, 9, 2, 11, 12, 13, 14, 15, 16, 17, 6, 7, 20], [1, 4, 3, 10, 5, 19, 18, 8, 9, 2, 11, 12, 13, 14, 15, 16, 17, 6, 7, 20], [1, 4, 3, 2, 5, 19, 18, 8, 9, 10, 11, 12, 13, 14, 15, 16, 17, 6, 7, 20], [1, 2, 3, 4, 5, 19, 18, 8, 9, 10, 11, 12, 13, 14, 15, 16, 17, 6, 7, 20], [1, 2, 3, 4, 5, 7, 18, 8, 9, 10, 11, 12, 13, 14, 15, 16, 17, 6, 19, 20], [1, 2, 3, 4, 5, 6, 18, 8, 9, 10, 11, 12, 13, 14, 15, 16, 17, 7, 19, 20], [1, 2, 3, 4, 5, 6, 7, 8, 9, 10, 11, 12, 13, 14, 15, 16, 17, 18, 19, 20]], pos=[[9, 10, 19, 2, 12, 18, 5, 8, 11, 1, 20, 13, 17, 7, 4, 16, 3, 14, 6, 15], [9, 10, 19, 2, 12, 18, 5, 8, 11, 1, 20, 13, 3, 7, 4, 16, 17, 14, 6, 15], [9, 10, 19, 2, 12, 18, 5, 8, 11, 1, 20, 13, 3, 14, 4, 16, 17, 7, 6, 15], [9, 10, 19, 2, 12, 18, 5, 8, 20, 1, 11, 13, 3, 14, 4, 16, 17, 7, 6, 15], [9, 10, 19, 2, 13, 18, 5, 8, 20, 1, 11, 12, 3, 14, 4, 16, 17, 7, 6, 15], [9, 10, 19, 2, 3, 18, 5, 8, 20, 1, 11, 12, 13, 14, 4, 16, 17, 7, 6, 15], [9, 10, 19, 2, 5, 18, 3, 8, 20, 1, 11, 12, 13, 14, 4, 16, 17, 7, 6, 15], [9, 10, 3, 2, 5, 18, 19, 8, 20, 1, 11, 12, 13, 14, 4, 16, 17, 7, 6, 15], [9, 10, 3, 2, 5, 18, 19, 8, 15, 1, 11, 12, 13, 14, 4, 16, 17, 7, 6, 20], [9, 10, 3, 2, 5, 18, 19, 8, 4, 1, 11, 12, 13, 14, 15, 16, 17, 7, 6, 20], [4, 10, 3, 2, 5, 18, 19, 8, 9, 1, 11, 12, 13, 14, 15, 16, 17, 7, 6, 20], [1, 10, 3, 2, 5, 18, 19, 8, 9, 4, 11, 12, 13, 14, 15, 16, 17, 7, 6, 20], [1, 4, 3, 2, 5, 18, 19, 8, 9, 10, 11, 12, 13, 14, 15, 16, 17, 7, 6, 20], [1, 2, 3, 4, 5, 18, 19, 8, 9, 10, 11, 12, 13, 14, 15, 16, 17, 7, 6, 20], [1, 2, 3, 4, 5, 18, 6, 8, 9, 10, 11, 12, 13, 14, 15, 16, 17, 7, 19, 20], [1, 2, 3, 4, 5, 6, 18, 8, 9, 10, 11, 12, 13, 14, 15, 16, 17, 7, 19, 20], [1, 2, 3, 4, 5, 6, 7, 8, 9, 10, 11, 12, 13, 14, 15, 16, 17, 18, 19, 20]], idx1=[3, 7, 11, 12, 3, 3, 3, 15, 4, 4, 1, 4, 2, 6, 6, 7], idx2=[17, 14, 20, 13, 13, 5, 19, 20, 15, 9, 4, 10, 4, 19, 18, 18], _checker='')