============================================================
BENCHMARK ID: 52 | DIMENSIONE: 30 | STRATEGIA: geometric
============================================================

Input Vector: [4, 5, 11, 24, 9, 29, 10, 26, 13, 18, 23, 27, 20, 22, 8, 17, 7, 25, 12, 1, 28, 15, 3, 6, 19, 14, 30, 16, 21, 2]

STATO: RISOLTO
K: 27
TEMPO: 255.3890s
----------------------------------------
PIANO:
Solution(v=[[4, 5, 11, 24, 9, 29, 10, 26, 13, 18, 23, 27, 20, 22, 8, 17, 7, 25, 12, 1, 28, 15, 3, 6, 19, 14, 30, 16, 21, 2], [24, 5, 11, 4, 9, 29, 10, 26, 13, 18, 23, 27, 20, 22, 8, 17, 7, 25, 12, 1, 28, 15, 3, 6, 19, 14, 30, 16, 21, 2], [24, 5, 11, 4, 9, 29, 10, 26, 13, 18, 23, 12, 20, 22, 8, 17, 7, 25, 27, 1, 28, 15, 3, 6, 19, 14, 30, 16, 21, 2], [24, 5, 11, 4, 9, 29, 10, 26, 13, 18, 23, 12, 1, 22, 8, 17, 7, 25, 27, 20, 28, 15, 3, 6, 19, 14, 30, 16, 21, 2], [24, 5, 11, 4, 9, 29, 10, 26, 1, 18, 23, 12, 13, 22, 8, 17, 7, 25, 27, 20, 28, 15, 3, 6, 19, 14, 30, 16, 21, 2], [24, 5, 11, 4, 9, 29, 10, 26, 1, 18, 23, 12, 13, 22, 8, 17, 7, 25, 30, 20, 28, 15, 3, 6, 19, 14, 27, 16, 21, 2], [24, 5, 11, 4, 9, 29, 10, 26, 1, 18, 23, 12, 13, 22, 8, 17, 7, 25, 30, 20, 16, 15, 3, 6, 19, 14, 27, 28, 21, 2], [24, 5, 11, 4, 9, 29, 10, 26, 1, 18, 23, 12, 13, 22, 8, 16, 7, 25, 30, 20, 17, 15, 3, 6, 19, 14, 27, 28, 21, 2], [24, 5, 11, 4, 9, 29, 10, 26, 1, 18, 23, 12, 13, 22, 8, 16, 7, 25, 2, 20, 17, 15, 3, 6, 19, 14, 27, 28, 21, 30], [24, 2, 11, 4, 9, 29, 10, 26, 1, 18, 23, 12, 13, 22, 8, 16, 7, 25, 5, 20, 17, 15, 3, 6, 19, 14, 27, 28, 21, 30], [24, 2, 11, 4, 9, 6, 10, 26, 1, 18, 23, 12, 13, 22, 8, 16, 7, 25, 5, 20, 17, 15, 3, 29, 19, 14, 27, 28, 21, 30], [24, 2, 11, 4, 9, 6, 10, 26, 1, 18, 23, 12, 13, 14, 8, 16, 7, 25, 5, 20, 17, 15, 3, 29, 19, 22, 27, 28, 21, 30], [24, 2, 11, 4, 9, 6, 10, 26, 1, 18, 23, 12, 13, 14, 8, 16, 7, 25, 5, 20, 21, 15, 3, 29, 19, 22, 27, 28, 17, 30], [24, 2, 11, 4, 9, 6, 10, 26, 1, 18, 23, 12, 13, 14, 8, 16, 7, 25, 5, 20, 21, 22, 3, 29, 19, 15, 27, 28, 17, 30], [24, 2, 11, 4, 9, 6, 10, 15, 1, 18, 23, 12, 13, 14, 8, 16, 7, 25, 5, 20, 21, 22, 3, 29, 19, 26, 27, 28, 17, 30], [24, 2, 11, 4, 9, 6, 10, 15, 1, 25, 23, 12, 13, 14, 8, 16, 7, 18, 5, 20, 21, 22, 3, 29, 19, 26, 27, 28, 17, 30], [24, 2, 11, 4, 9, 6, 10, 15, 1, 25, 23, 12, 13, 14, 8, 16, 7, 18, 19, 20, 21, 22, 3, 29, 5, 26, 27, 28, 17, 30], [24, 2, 11, 4, 5, 6, 10, 15, 1, 25, 23, 12, 13, 14, 8, 16, 7, 18, 19, 20, 21, 22, 3, 29, 9, 26, 27, 28, 17, 30], [24, 2, 11, 4, 5, 6, 10, 15, 1, 25, 23, 12, 13, 14, 8, 16, 7, 18, 19, 20, 21, 22, 3, 17, 9, 26, 27, 28, 29, 30], [17, 2, 11, 4, 5, 6, 10, 15, 1, 25, 23, 12, 13, 14, 8, 16, 7, 18, 19, 20, 21, 22, 3, 24, 9, 26, 27, 28, 29, 30], [17, 2, 11, 4, 5, 6, 10, 15, 9, 25, 23, 12, 13, 14, 8, 16, 7, 18, 19, 20, 21, 22, 3, 24, 1, 26, 27, 28, 29, 30], [17, 2, 11, 4, 5, 6, 10, 15, 9, 1, 23, 12, 13, 14, 8, 16, 7, 18, 19, 20, 21, 22, 3, 24, 25, 26, 27, 28, 29, 30], [17, 2, 11, 4, 5, 6, 10, 15, 9, 1, 3, 12, 13, 14, 8, 16, 7, 18, 19, 20, 21, 22, 23, 24, 25, 26, 27, 28, 29, 30], [17, 2, 3, 4, 5, 6, 10, 15, 9, 1, 11, 12, 13, 14, 8, 16, 7, 18, 19, 20, 21, 22, 23, 24, 25, 26, 27, 28, 29, 30], [17, 2, 3, 4, 5, 6, 1, 15, 9, 10, 11, 12, 13, 14, 8, 16, 7, 18, 19, 20, 21, 22, 23, 24, 25, 26, 27, 28, 29, 30], [1, 2, 3, 4, 5, 6, 17, 15, 9, 10, 11, 12, 13, 14, 8, 16, 7, 18, 19, 20, 21, 22, 23, 24, 25, 26, 27, 28, 29, 30], [1, 2, 3, 4, 5, 6, 7, 15, 9, 10, 11, 12, 13, 14, 8, 16, 17, 18, 19, 20, 21, 22, 23, 24, 25, 26, 27, 28, 29, 30], [1, 2, 3, 4, 5, 6, 7, 8, 9, 10, 11, 12, 13, 14, 15, 16, 17, 18, 19, 20, 21, 22, 23, 24, 25, 26, 27, 28, 29, 30]], pos=[[20, 30, 23, 1, 2, 24, 17, 15, 5, 7, 3, 19, 9, 26, 22, 28, 16, 10, 25, 13, 29, 14, 11, 4, 18, 8, 12, 21, 6, 27], [20, 30, 23, 4, 2, 24, 17, 15, 5, 7, 3, 19, 9, 26, 22, 28, 16, 10, 25, 13, 29, 14, 11, 1, 18, 8, 12, 21, 6, 27], [20, 30, 23, 4, 2, 24, 17, 15, 5, 7, 3, 12, 9, 26, 22, 28, 16, 10, 25, 13, 29, 14, 11, 1, 18, 8, 19, 21, 6, 27], [13, 30, 23, 4, 2, 24, 17, 15, 5, 7, 3, 12, 9, 26, 22, 28, 16, 10, 25, 20, 29, 14, 11, 1, 18, 8, 19, 21, 6, 27], [9, 30, 23, 4, 2, 24, 17, 15, 5, 7, 3, 12, 13, 26, 22, 28, 16, 10, 25, 20, 29, 14, 11, 1, 18, 8, 19, 21, 6, 27], [9, 30, 23, 4, 2, 24, 17, 15, 5, 7, 3, 12, 13, 26, 22, 28, 16, 10, 25, 20, 29, 14, 11, 1, 18, 8, 27, 21, 6, 19], [9, 30, 23, 4, 2, 24, 17, 15, 5, 7, 3, 12, 13, 26, 22, 21, 16, 10, 25, 20, 29, 14, 11, 1, 18, 8, 27, 28, 6, 19], [9, 30, 23, 4, 2, 24, 17, 15, 5, 7, 3, 12, 13, 26, 22, 16, 21, 10, 25, 20, 29, 14, 11, 1, 18, 8, 27, 28, 6, 19], [9, 19, 23, 4, 2, 24, 17, 15, 5, 7, 3, 12, 13, 26, 22, 16, 21, 10, 25, 20, 29, 14, 11, 1, 18, 8, 27, 28, 6, 30], [9, 2, 23, 4, 19, 24, 17, 15, 5, 7, 3, 12, 13, 26, 22, 16, 21, 10, 25, 20, 29, 14, 11, 1, 18, 8, 27, 28, 6, 30], [9, 2, 23, 4, 19, 6, 17, 15, 5, 7, 3, 12, 13, 26, 22, 16, 21, 10, 25, 20, 29, 14, 11, 1, 18, 8, 27, 28, 24, 30], [9, 2, 23, 4, 19, 6, 17, 15, 5, 7, 3, 12, 13, 14, 22, 16, 21, 10, 25, 20, 29, 26, 11, 1, 18, 8, 27, 28, 24, 30], [9, 2, 23, 4, 19, 6, 17, 15, 5, 7, 3, 12, 13, 14, 22, 16, 29, 10, 25, 20, 21, 26, 11, 1, 18, 8, 27, 28, 24, 30], [9, 2, 23, 4, 19, 6, 17, 15, 5, 7, 3, 12, 13, 14, 26, 16, 29, 10, 25, 20, 21, 22, 11, 1, 18, 8, 27, 28, 24, 30], [9, 2, 23, 4, 19, 6, 17, 15, 5, 7, 3, 12, 13, 14, 8, 16, 29, 10, 25, 20, 21, 22, 11, 1, 18, 26, 27, 28, 24, 30], [9, 2, 23, 4, 19, 6, 17, 15, 5, 7, 3, 12, 13, 14, 8, 16, 29, 18, 25, 20, 21, 22, 11, 1, 10, 26, 27, 28, 24, 30], [9, 2, 23, 4, 25, 6, 17, 15, 5, 7, 3, 12, 13, 14, 8, 16, 29, 18, 19, 20, 21, 22, 11, 1, 10, 26, 27, 28, 24, 30], [9, 2, 23, 4, 5, 6, 17, 15, 25, 7, 3, 12, 13, 14, 8, 16, 29, 18, 19, 20, 21, 22, 11, 1, 10, 26, 27, 28, 24, 30], [9, 2, 23, 4, 5, 6, 17, 15, 25, 7, 3, 12, 13, 14, 8, 16, 24, 18, 19, 20, 21, 22, 11, 1, 10, 26, 27, 28, 29, 30], [9, 2, 23, 4, 5, 6, 17, 15, 25, 7, 3, 12, 13, 14, 8, 16, 1, 18, 19, 20, 21, 22, 11, 24, 10, 26, 27, 28, 29, 30], [25, 2, 23, 4, 5, 6, 17, 15, 9, 7, 3, 12, 13, 14, 8, 16, 1, 18, 19, 20, 21, 22, 11, 24, 10, 26, 27, 28, 29, 30], [10, 2, 23, 4, 5, 6, 17, 15, 9, 7, 3, 12, 13, 14, 8, 16, 1, 18, 19, 20, 21, 22, 11, 24, 25, 26, 27, 28, 29, 30], [10, 2, 11, 4, 5, 6, 17, 15, 9, 7, 3, 12, 13, 14, 8, 16, 1, 18, 19, 20, 21, 22, 23, 24, 25, 26, 27, 28, 29, 30], [10, 2, 3, 4, 5, 6, 17, 15, 9, 7, 11, 12, 13, 14, 8, 16, 1, 18, 19, 20, 21, 22, 23, 24, 25, 26, 27, 28, 29, 30], [7, 2, 3, 4, 5, 6, 17, 15, 9, 10, 11, 12, 13, 14, 8, 16, 1, 18, 19, 20, 21, 22, 23, 24, 25, 26, 27, 28, 29, 30], [1, 2, 3, 4, 5, 6, 17, 15, 9, 10, 11, 12, 13, 14, 8, 16, 7, 18, 19, 20, 21, 22, 23, 24, 25, 26, 27, 28, 29, 30], [1, 2, 3, 4, 5, 6, 7, 15, 9, 10, 11, 12, 13, 14, 8, 16, 17, 18, 19, 20, 21, 22, 23, 24, 25, 26, 27, 28, 29, 30], [1, 2, 3, 4, 5, 6, 7, 8, 9, 10, 11, 12, 13, 14, 15, 16, 17, 18, 19, 20, 21, 22, 23, 24, 25, 26, 27, 28, 29, 30]], idx1=[1, 12, 13, 9, 19, 21, 16, 19, 2, 6, 14, 21, 22, 8, 10, 19, 5, 24, 1, 9, 10, 11, 3, 7, 1, 7, 8], idx2=[4, 19, 20, 13, 27, 28, 21, 30, 19, 24, 26, 29, 26, 26, 18, 25, 25, 29, 24, 25, 25, 23, 11, 10, 7, 17, 15], _checker='')