============================================================
BENCHMARK ID: 18 | DIMENSIONE: 10 | STRATEGIA: geometric
============================================================

Input Vector: [3, 9, 10, 6, 4, 7, 1, 2, 5, 8]

STATO: RISOLTO
K: 9
TEMPO: 0.2670s
----------------------------------------
PIANO:
Solution(v=[[3, 9, 10, 6, 4, 7, 1, 2, 5, 8], [3, 5, 10, 6, 4, 7, 1, 2, 9, 8], [3, 5, 8, 6, 4, 7, 1, 2, 9, 10], [8, 5, 3, 6, 4, 7, 1, 2, 9, 10], [8, 5, 3, 6, 4, 1, 7, 2, 9, 10], [1, 5, 3, 6, 4, 8, 7, 2, 9, 10], [1, 5, 3, 6, 4, 2, 7, 8, 9, 10], [1, 2, 3, 6, 4, 5, 7, 8, 9, 10], [1, 2, 3, 5, 4, 6, 7, 8, 9, 10], [1, 2, 3, 4, 5, 6, 7, 8, 9, 10]], pos=[[7, 8, 1, 5, 9, 4, 6, 10, 2, 3], [7, 8, 1, 5, 2, 4, 6, 10, 9, 3], [7, 8, 1, 5, 2, 4, 6, 3, 9, 10], [7, 8, 3, 5, 2, 4, 6, 1, 9, 10], [6, 8, 3, 5, 2, 4, 7, 1, 9, 10], [1, 8, 3, 5, 2, 4, 7, 6, 9, 10], [1, 6, 3, 5, 2, 4, 7, 8, 9, 10], [1, 2, 3, 5, 6, 4, 7, 8, 9, 10], [1, 2, 3, 5, 4, 6, 7, 8, 9, 10], [1, 2, 3, 4, 5, 6, 7, 8, 9, 10]], idx1=[2, 3, 1, 6, 1, 6, 2, 4, 4], idx2=[9, 10, 3, 7, 6, 8, 6, 6, 5], _checker='')