============================================================
BENCHMARK ID: 26 | DIMENSIONE: 15 | STRATEGIA: geometric
============================================================

Input Vector: [10, 15, 1, 7, 11, 8, 4, 13, 5, 6, 3, 14, 9, 2, 12]

STATO: RISOLTO
K: 12
TEMPO: 0.5350s
----------------------------------------
PIANO:
Solution(v=[[10, 15, 1, 7, 11, 8, 4, 13, 5, 6, 3, 14, 9, 2, 12], [6, 15, 1, 7, 11, 8, 4, 13, 5, 10, 3, 14, 9, 2, 12], [6, 15, 1, 4, 11, 8, 7, 13, 5, 10, 3, 14, 9, 2, 12], [6, 15, 1, 4, 3, 8, 7, 13, 5, 10, 11, 14, 9, 2, 12], [6, 15, 1, 4, 3, 13, 7, 8, 5, 10, 11, 14, 9, 2, 12], [6, 15, 1, 4, 3, 13, 7, 8, 5, 10, 11, 2, 9, 14, 12], [6, 15, 1, 4, 3, 13, 7, 8, 5, 10, 11, 12, 9, 14, 2], [6, 2, 1, 4, 3, 13, 7, 8, 5, 10, 11, 12, 9, 14, 15], [6, 2, 1, 4, 5, 13, 7, 8, 3, 10, 11, 12, 9, 14, 15], [6, 2, 1, 4, 5, 13, 7, 8, 9, 10, 11, 12, 3, 14, 15], [6, 2, 1, 4, 5, 3, 7, 8, 9, 10, 11, 12, 13, 14, 15], [3, 2, 1, 4, 5, 6, 7, 8, 9, 10, 11, 12, 13, 14, 15], [1, 2, 3, 4, 5, 6, 7, 8, 9, 10, 11, 12, 13, 14, 15]], pos=[[3, 14, 11, 7, 9, 10, 4, 6, 13, 1, 5, 15, 8, 12, 2], [3, 14, 11, 7, 9, 1, 4, 6, 13, 10, 5, 15, 8, 12, 2], [3, 14, 11, 4, 9, 1, 7, 6, 13, 10, 5, 15, 8, 12, 2], [3, 14, 5, 4, 9, 1, 7, 6, 13, 10, 11, 15, 8, 12, 2], [3, 14, 5, 4, 9, 1, 7, 8, 13, 10, 11, 15, 6, 12, 2], [3, 12, 5, 4, 9, 1, 7, 8, 13, 10, 11, 15, 6, 14, 2], [3, 15, 5, 4, 9, 1, 7, 8, 13, 10, 11, 12, 6, 14, 2], [3, 2, 5, 4, 9, 1, 7, 8, 13, 10, 11, 12, 6, 14, 15], [3, 2, 9, 4, 5, 1, 7, 8, 13, 10, 11, 12, 6, 14, 15], [3, 2, 13, 4, 5, 1, 7, 8, 9, 10, 11, 12, 6, 14, 15], [3, 2, 6, 4, 5, 1, 7, 8, 9, 10, 11, 12, 13, 14, 15], [3, 2, 1, 4, 5, 6, 7, 8, 9, 10, 11, 12, 13, 14, 15], [1, 2, 3, 4, 5, 6, 7, 8, 9, 10, 11, 12, 13, 14, 15]], idx1=[1, 4, 5, 6, 12, 12, 2, 5, 9, 6, 1, 1], idx2=[10, 7, 11, 8, 14, 15, 15, 9, 13, 13, 6, 3], _checker='')