============================================================
BENCHMARK ID: 47 | DIMENSIONE: 25 | STRATEGIA: geometric
============================================================

Input Vector: [14, 7, 16, 10, 22, 17, 6, 25, 15, 8, 1, 20, 13, 19, 11, 9, 2, 12, 23, 21, 4, 18, 5, 24, 3]

STATO: RISOLTO
K: 21
TEMPO: 5.8460s
----------------------------------------
PIANO:
Solution(v=[[14, 7, 16, 10, 22, 17, 6, 25, 15, 8, 1, 20, 13, 19, 11, 9, 2, 12, 23, 21, 4, 18, 5, 24, 3], [14, 7, 16, 10, 22, 17, 6, 25, 15, 8, 1, 20, 13, 19, 11, 9, 2, 12, 23, 4, 21, 18, 5, 24, 3], [14, 7, 16, 4, 22, 17, 6, 25, 15, 8, 1, 20, 13, 19, 11, 9, 2, 12, 23, 10, 21, 18, 5, 24, 3], [14, 7, 16, 4, 22, 17, 6, 25, 11, 8, 1, 20, 13, 19, 15, 9, 2, 12, 23, 10, 21, 18, 5, 24, 3], [14, 7, 16, 4, 22, 17, 6, 25, 11, 10, 1, 20, 13, 19, 15, 9, 2, 12, 23, 8, 21, 18, 5, 24, 3], [14, 7, 16, 4, 22, 17, 6, 8, 11, 10, 1, 20, 13, 19, 15, 9, 2, 12, 23, 25, 21, 18, 5, 24, 3], [14, 7, 16, 4, 22, 17, 6, 8, 11, 10, 1, 20, 13, 19, 15, 9, 2, 18, 23, 25, 21, 12, 5, 24, 3], [14, 7, 16, 4, 12, 17, 6, 8, 11, 10, 1, 20, 13, 19, 15, 9, 2, 18, 23, 25, 21, 22, 5, 24, 3], [14, 7, 16, 4, 12, 17, 6, 8, 1, 10, 11, 20, 13, 19, 15, 9, 2, 18, 23, 25, 21, 22, 5, 24, 3], [1, 7, 16, 4, 12, 17, 6, 8, 14, 10, 11, 20, 13, 19, 15, 9, 2, 18, 23, 25, 21, 22, 5, 24, 3], [1, 7, 9, 4, 12, 17, 6, 8, 14, 10, 11, 20, 13, 19, 15, 16, 2, 18, 23, 25, 21, 22, 5, 24, 3], [1, 7, 14, 4, 12, 17, 6, 8, 9, 10, 11, 20, 13, 19, 15, 16, 2, 18, 23, 25, 21, 22, 5, 24, 3], [1, 7, 14, 4, 5, 17, 6, 8, 9, 10, 11, 20, 13, 19, 15, 16, 2, 18, 23, 25, 21, 22, 12, 24, 3], [1, 7, 14, 4, 5, 17, 6, 8, 9, 10, 11, 25, 13, 19, 15, 16, 2, 18, 23, 20, 21, 22, 12, 24, 3], [1, 7, 14, 4, 5, 17, 6, 8, 9, 10, 11, 3, 13, 19, 15, 16, 2, 18, 23, 20, 21, 22, 12, 24, 25], [1, 7, 14, 4, 5, 17, 6, 8, 9, 10, 11, 3, 13, 23, 15, 16, 2, 18, 19, 20, 21, 22, 12, 24, 25], [1, 7, 23, 4, 5, 17, 6, 8, 9, 10, 11, 3, 13, 14, 15, 16, 2, 18, 19, 20, 21, 22, 12, 24, 25], [1, 7, 23, 4, 5, 6, 17, 8, 9, 10, 11, 3, 13, 14, 15, 16, 2, 18, 19, 20, 21, 22, 12, 24, 25], [1, 7, 23, 4, 5, 6, 17, 8, 9, 10, 11, 12, 13, 14, 15, 16, 2, 18, 19, 20, 21, 22, 3, 24, 25], [1, 7, 3, 4, 5, 6, 17, 8, 9, 10, 11, 12, 13, 14, 15, 16, 2, 18, 19, 20, 21, 22, 23, 24, 25], [1, 7, 3, 4, 5, 6, 2, 8, 9, 10, 11, 12, 13, 14, 15, 16, 17, 18, 19, 20, 21, 22, 23, 24, 25], [1, 2, 3, 4, 5, 6, 7, 8, 9, 10, 11, 12, 13, 14, 15, 16, 17, 18, 19, 20, 21, 22, 23, 24, 25]], pos=[[11, 17, 25, 21, 23, 7, 2, 10, 16, 4, 15, 18, 13, 1, 9, 3, 6, 22, 14, 12, 20, 5, 19, 24, 8], [11, 17, 25, 20, 23, 7, 2, 10, 16, 4, 15, 18, 13, 1, 9, 3, 6, 22, 14, 12, 21, 5, 19, 24, 8], [11, 17, 25, 4, 23, 7, 2, 10, 16, 20, 15, 18, 13, 1, 9, 3, 6, 22, 14, 12, 21, 5, 19, 24, 8], [11, 17, 25, 4, 23, 7, 2, 10, 16, 20, 9, 18, 13, 1, 15, 3, 6, 22, 14, 12, 21, 5, 19, 24, 8], [11, 17, 25, 4, 23, 7, 2, 20, 16, 10, 9, 18, 13, 1, 15, 3, 6, 22, 14, 12, 21, 5, 19, 24, 8], [11, 17, 25, 4, 23, 7, 2, 8, 16, 10, 9, 18, 13, 1, 15, 3, 6, 22, 14, 12, 21, 5, 19, 24, 20], [11, 17, 25, 4, 23, 7, 2, 8, 16, 10, 9, 22, 13, 1, 15, 3, 6, 18, 14, 12, 21, 5, 19, 24, 20], [11, 17, 25, 4, 23, 7, 2, 8, 16, 10, 9, 5, 13, 1, 15, 3, 6, 18, 14, 12, 21, 22, 19, 24, 20], [9, 17, 25, 4, 23, 7, 2, 8, 16, 10, 11, 5, 13, 1, 15, 3, 6, 18, 14, 12, 21, 22, 19, 24, 20], [1, 17, 25, 4, 23, 7, 2, 8, 16, 10, 11, 5, 13, 9, 15, 3, 6, 18, 14, 12, 21, 22, 19, 24, 20], [1, 17, 25, 4, 23, 7, 2, 8, 3, 10, 11, 5, 13, 9, 15, 16, 6, 18, 14, 12, 21, 22, 19, 24, 20], [1, 17, 25, 4, 23, 7, 2, 8, 9, 10, 11, 5, 13, 3, 15, 16, 6, 18, 14, 12, 21, 22, 19, 24, 20], [1, 17, 25, 4, 5, 7, 2, 8, 9, 10, 11, 23, 13, 3, 15, 16, 6, 18, 14, 12, 21, 22, 19, 24, 20], [1, 17, 25, 4, 5, 7, 2, 8, 9, 10, 11, 23, 13, 3, 15, 16, 6, 18, 14, 20, 21, 22, 19, 24, 12], [1, 17, 12, 4, 5, 7, 2, 8, 9, 10, 11, 23, 13, 3, 15, 16, 6, 18, 14, 20, 21, 22, 19, 24, 25], [1, 17, 12, 4, 5, 7, 2, 8, 9, 10, 11, 23, 13, 3, 15, 16, 6, 18, 19, 20, 21, 22, 14, 24, 25], [1, 17, 12, 4, 5, 7, 2, 8, 9, 10, 11, 23, 13, 14, 15, 16, 6, 18, 19, 20, 21, 22, 3, 24, 25], [1, 17, 12, 4, 5, 6, 2, 8, 9, 10, 11, 23, 13, 14, 15, 16, 7, 18, 19, 20, 21, 22, 3, 24, 25], [1, 17, 23, 4, 5, 6, 2, 8, 9, 10, 11, 12, 13, 14, 15, 16, 7, 18, 19, 20, 21, 22, 3, 24, 25], [1, 17, 3, 4, 5, 6, 2, 8, 9, 10, 11, 12, 13, 14, 15, 16, 7, 18, 19, 20, 21, 22, 23, 24, 25], [1, 7, 3, 4, 5, 6, 2, 8, 9, 10, 11, 12, 13, 14, 15, 16, 17, 18, 19, 20, 21, 22, 23, 24, 25], [1, 2, 3, 4, 5, 6, 7, 8, 9, 10, 11, 12, 13, 14, 15, 16, 17, 18, 19, 20, 21, 22, 23, 24, 25]], idx1=[20, 4, 9, 10, 8, 18, 5, 9, 1, 3, 3, 5, 12, 12, 14, 3, 6, 12, 3, 7, 2], idx2=[21, 20, 15, 20, 20, 22, 22, 11, 9, 16, 9, 23, 20, 25, 19, 14, 7, 23, 23, 17, 7], _checker='')