============================================================
BENCHMARK ID: 12 | DIMENSIONE: 10 | STRATEGIA: geometric
============================================================

Input Vector: [1, 4, 8, 2, 6, 7, 9, 5, 3, 10]

STATO: RISOLTO
K: 6
TEMPO: 0.3410s
----------------------------------------
PIANO:
Solution(v=[[1, 4, 8, 2, 6, 7, 9, 5, 3, 10], [1, 2, 8, 4, 6, 7, 9, 5, 3, 10], [1, 2, 8, 4, 6, 7, 3, 5, 9, 10], [1, 2, 8, 4, 6, 3, 7, 5, 9, 10], [1, 2, 3, 4, 6, 8, 7, 5, 9, 10], [1, 2, 3, 4, 6, 5, 7, 8, 9, 10], [1, 2, 3, 4, 5, 6, 7, 8, 9, 10]], pos=[[1, 4, 9, 2, 8, 5, 6, 3, 7, 10], [1, 2, 9, 4, 8, 5, 6, 3, 7, 10], [1, 2, 7, 4, 8, 5, 6, 3, 9, 10], [1, 2, 6, 4, 8, 5, 7, 3, 9, 10], [1, 2, 3, 4, 8, 5, 7, 6, 9, 10], [1, 2, 3, 4, 6, 5, 7, 8, 9, 10], [1, 2, 3, 4, 5, 6, 7, 8, 9, 10]], idx1=[2, 7, 6, 3, 6, 5], idx2=[4, 9, 7, 6, 8, 6], _checker='')