============================================================
BENCHMARK ID: 40 | DIMENSIONE: 20 | STRATEGIA: geometric
============================================================

Input Vector: [15, 12, 11, 6, 10, 2, 17, 14, 19, 7, 16, 5, 4, 9, 13, 1, 18, 20, 8, 3]

STATO: RISOLTO
K: 18
TEMPO: 1.1630s
----------------------------------------
PIANO:
Solution(v=[[15, 12, 11, 6, 10, 2, 17, 14, 19, 7, 16, 5, 4, 9, 13, 1, 18, 20, 8, 3], [1, 12, 11, 6, 10, 2, 17, 14, 19, 7, 16, 5, 4, 9, 13, 15, 18, 20, 8, 3], [1, 12, 11, 6, 7, 2, 17, 14, 19, 10, 16, 5, 4, 9, 13, 15, 18, 20, 8, 3], [1, 12, 11, 6, 17, 2, 7, 14, 19, 10, 16, 5, 4, 9, 13, 15, 18, 20, 8, 3], [1, 12, 11, 6, 17, 2, 7, 14, 19, 10, 15, 5, 4, 9, 13, 16, 18, 20, 8, 3], [1, 12, 15, 6, 17, 2, 7, 14, 19, 10, 11, 5, 4, 9, 13, 16, 18, 20, 8, 3], [1, 12, 15, 2, 17, 6, 7, 14, 19, 10, 11, 5, 4, 9, 13, 16, 18, 20, 8, 3], [1, 2, 15, 12, 17, 6, 7, 14, 19, 10, 11, 5, 4, 9, 13, 16, 18, 20, 8, 3], [1, 2, 15, 12, 5, 6, 7, 14, 19, 10, 11, 17, 4, 9, 13, 16, 18, 20, 8, 3], [1, 2, 15, 17, 5, 6, 7, 14, 19, 10, 11, 12, 4, 9, 13, 16, 18, 20, 8, 3], [1, 2, 15, 4, 5, 6, 7, 14, 19, 10, 11, 12, 17, 9, 13, 16, 18, 20, 8, 3], [1, 2, 15, 4, 5, 6, 7, 14, 9, 10, 11, 12, 17, 19, 13, 16, 18, 20, 8, 3], [1, 2, 15, 4, 5, 6, 7, 14, 9, 10, 11, 12, 18, 19, 13, 16, 17, 20, 8, 3], [1, 2, 15, 4, 5, 6, 7, 14, 9, 10, 11, 12, 18, 19, 13, 16, 17, 3, 8, 20], [1, 2, 3, 4, 5, 6, 7, 14, 9, 10, 11, 12, 18, 19, 13, 16, 17, 15, 8, 20], [1, 2, 3, 4, 5, 6, 7, 14, 9, 10, 11, 12, 18, 19, 15, 16, 17, 13, 8, 20], [1, 2, 3, 4, 5, 6, 7, 14, 9, 10, 11, 12, 13, 19, 15, 16, 17, 18, 8, 20], [1, 2, 3, 4, 5, 6, 7, 14, 9, 10, 11, 12, 13, 8, 15, 16, 17, 18, 19, 20], [1, 2, 3, 4, 5, 6, 7, 8, 9, 10, 11, 12, 13, 14, 15, 16, 17, 18, 19, 20]], pos=[[16, 6, 20, 13, 12, 4, 10, 19, 14, 5, 3, 2, 15, 8, 1, 11, 7, 17, 9, 18], [1, 6, 20, 13, 12, 4, 10, 19, 14, 5, 3, 2, 15, 8, 16, 11, 7, 17, 9, 18], [1, 6, 20, 13, 12, 4, 5, 19, 14, 10, 3, 2, 15, 8, 16, 11, 7, 17, 9, 18], [1, 6, 20, 13, 12, 4, 7, 19, 14, 10, 3, 2, 15, 8, 16, 11, 5, 17, 9, 18], [1, 6, 20, 13, 12, 4, 7, 19, 14, 10, 3, 2, 15, 8, 11, 16, 5, 17, 9, 18], [1, 6, 20, 13, 12, 4, 7, 19, 14, 10, 11, 2, 15, 8, 3, 16, 5, 17, 9, 18], [1, 4, 20, 13, 12, 6, 7, 19, 14, 10, 11, 2, 15, 8, 3, 16, 5, 17, 9, 18], [1, 2, 20, 13, 12, 6, 7, 19, 14, 10, 11, 4, 15, 8, 3, 16, 5, 17, 9, 18], [1, 2, 20, 13, 5, 6, 7, 19, 14, 10, 11, 4, 15, 8, 3, 16, 12, 17, 9, 18], [1, 2, 20, 13, 5, 6, 7, 19, 14, 10, 11, 12, 15, 8, 3, 16, 4, 17, 9, 18], [1, 2, 20, 4, 5, 6, 7, 19, 14, 10, 11, 12, 15, 8, 3, 16, 13, 17, 9, 18], [1, 2, 20, 4, 5, 6, 7, 19, 9, 10, 11, 12, 15, 8, 3, 16, 13, 17, 14, 18], [1, 2, 20, 4, 5, 6, 7, 19, 9, 10, 11, 12, 15, 8, 3, 16, 17, 13, 14, 18], [1, 2, 18, 4, 5, 6, 7, 19, 9, 10, 11, 12, 15, 8, 3, 16, 17, 13, 14, 20], [1, 2, 3, 4, 5, 6, 7, 19, 9, 10, 11, 12, 15, 8, 18, 16, 17, 13, 14, 20], [1, 2, 3, 4, 5, 6, 7, 19, 9, 10, 11, 12, 18, 8, 15, 16, 17, 13, 14, 20], [1, 2, 3, 4, 5, 6, 7, 19, 9, 10, 11, 12, 13, 8, 15, 16, 17, 18, 14, 20], [1, 2, 3, 4, 5, 6, 7, 14, 9, 10, 11, 12, 13, 8, 15, 16, 17, 18, 19, 20], [1, 2, 3, 4, 5, 6, 7, 8, 9, 10, 11, 12, 13, 14, 15, 16, 17, 18, 19, 20]], idx1=[1, 5, 5, 11, 3, 4, 2, 5, 4, 4, 9, 13, 18, 3, 15, 13, 14, 8], idx2=[16, 10, 7, 16, 11, 6, 4, 12, 12, 13, 14, 17, 20, 18, 18, 18, 19, 14], _checker='')