============================================================
BENCHMARK ID: 24 | DIMENSIONE: 15 | STRATEGIA: geometric
============================================================

Input Vector: [12, 2, 5, 1, 10, 11, 6, 4, 15, 14, 7, 3, 9, 8, 13]

STATO: RISOLTO
K: 11
TEMPO: 0.2430s
----------------------------------------
PIANO:
Solution(v=[[12, 2, 5, 1, 10, 11, 6, 4, 15, 14, 7, 3, 9, 8, 13], [12, 2, 5, 4, 10, 11, 6, 1, 15, 14, 7, 3, 9, 8, 13], [1, 2, 5, 4, 10, 11, 6, 12, 15, 14, 7, 3, 9, 8, 13], [1, 2, 5, 4, 14, 11, 6, 12, 15, 10, 7, 3, 9, 8, 13], [1, 2, 5, 4, 14, 11, 7, 12, 15, 10, 6, 3, 9, 8, 13], [1, 2, 5, 4, 14, 11, 7, 8, 15, 10, 6, 3, 9, 12, 13], [1, 2, 5, 4, 14, 11, 7, 8, 15, 10, 6, 3, 13, 12, 9], [1, 2, 5, 4, 14, 11, 7, 8, 9, 10, 6, 3, 13, 12, 15], [1, 2, 5, 4, 14, 11, 7, 8, 9, 10, 6, 12, 13, 3, 15], [1, 2, 5, 4, 3, 11, 7, 8, 9, 10, 6, 12, 13, 14, 15], [1, 2, 3, 4, 5, 11, 7, 8, 9, 10, 6, 12, 13, 14, 15], [1, 2, 3, 4, 5, 6, 7, 8, 9, 10, 11, 12, 13, 14, 15]], pos=[[4, 2, 12, 8, 3, 7, 11, 14, 13, 5, 6, 1, 15, 10, 9], [8, 2, 12, 4, 3, 7, 11, 14, 13, 5, 6, 1, 15, 10, 9], [1, 2, 12, 4, 3, 7, 11, 14, 13, 5, 6, 8, 15, 10, 9], [1, 2, 12, 4, 3, 7, 11, 14, 13, 10, 6, 8, 15, 5, 9], [1, 2, 12, 4, 3, 11, 7, 14, 13, 10, 6, 8, 15, 5, 9], [1, 2, 12, 4, 3, 11, 7, 8, 13, 10, 6, 14, 15, 5, 9], [1, 2, 12, 4, 3, 11, 7, 8, 15, 10, 6, 14, 13, 5, 9], [1, 2, 12, 4, 3, 11, 7, 8, 9, 10, 6, 14, 13, 5, 15], [1, 2, 14, 4, 3, 11, 7, 8, 9, 10, 6, 12, 13, 5, 15], [1, 2, 5, 4, 3, 11, 7, 8, 9, 10, 6, 12, 13, 14, 15], [1, 2, 3, 4, 5, 11, 7, 8, 9, 10, 6, 12, 13, 14, 15], [1, 2, 3, 4, 5, 6, 7, 8, 9, 10, 11, 12, 13, 14, 15]], idx1=[4, 1, 5, 7, 8, 13, 9, 12, 5, 3, 6], idx2=[8, 8, 10, 11, 14, 15, 15, 14, 14, 5, 11], _checker='')