============================================================
BENCHMARK ID: 48 | DIMENSIONE: 25 | STRATEGIA: geometric
============================================================

Input Vector: [4, 5, 15, 25, 2, 21, 23, 17, 19, 18, 14, 9, 16, 6, 12, 20, 1, 22, 8, 24, 10, 13, 11, 3, 7]

STATO: RISOLTO
K: 23
TEMPO: 67.5070s
----------------------------------------
PIANO:
Solution(v=[[4, 5, 15, 25, 2, 21, 23, 17, 19, 18, 14, 9, 16, 6, 12, 20, 1, 22, 8, 24, 10, 13, 11, 3, 7], [4, 5, 15, 25, 2, 21, 7, 17, 19, 18, 14, 9, 16, 6, 12, 20, 1, 22, 8, 24, 10, 13, 11, 3, 23], [4, 5, 15, 25, 2, 21, 7, 17, 19, 18, 14, 9, 16, 6, 12, 20, 1, 22, 8, 24, 10, 13, 23, 3, 11], [4, 5, 15, 11, 2, 21, 7, 17, 19, 18, 14, 9, 16, 6, 12, 20, 1, 22, 8, 24, 10, 13, 23, 3, 25], [4, 5, 15, 11, 2, 21, 7, 1, 19, 18, 14, 9, 16, 6, 12, 20, 17, 22, 8, 24, 10, 13, 23, 3, 25], [1, 5, 15, 11, 2, 21, 7, 4, 19, 18, 14, 9, 16, 6, 12, 20, 17, 22, 8, 24, 10, 13, 23, 3, 25], [1, 2, 15, 11, 5, 21, 7, 4, 19, 18, 14, 9, 16, 6, 12, 20, 17, 22, 8, 24, 10, 13, 23, 3, 25], [1, 2, 12, 11, 5, 21, 7, 4, 19, 18, 14, 9, 16, 6, 15, 20, 17, 22, 8, 24, 10, 13, 23, 3, 25], [1, 2, 12, 4, 5, 21, 7, 11, 19, 18, 14, 9, 16, 6, 15, 20, 17, 22, 8, 24, 10, 13, 23, 3, 25], [1, 2, 12, 4, 5, 21, 7, 14, 19, 18, 11, 9, 16, 6, 15, 20, 17, 22, 8, 24, 10, 13, 23, 3, 25], [1, 2, 12, 4, 5, 21, 7, 14, 19, 18, 11, 9, 13, 6, 15, 20, 17, 22, 8, 24, 10, 16, 23, 3, 25], [1, 2, 12, 4, 5, 21, 7, 14, 19, 18, 11, 9, 13, 6, 15, 20, 17, 16, 8, 24, 10, 22, 23, 3, 25], [1, 2, 12, 4, 5, 21, 7, 14, 19, 16, 11, 9, 13, 6, 15, 20, 17, 18, 8, 24, 10, 22, 23, 3, 25], [1, 2, 12, 4, 5, 21, 7, 14, 19, 16, 11, 9, 13, 6, 15, 20, 17, 18, 8, 3, 10, 22, 23, 24, 25], [1, 2, 3, 4, 5, 21, 7, 14, 19, 16, 11, 9, 13, 6, 15, 20, 17, 18, 8, 12, 10, 22, 23, 24, 25], [1, 2, 3, 4, 5, 21, 7, 14, 19, 20, 11, 9, 13, 6, 15, 16, 17, 18, 8, 12, 10, 22, 23, 24, 25], [1, 2, 3, 4, 5, 21, 7, 14, 19, 10, 11, 9, 13, 6, 15, 16, 17, 18, 8, 12, 20, 22, 23, 24, 25], [1, 2, 3, 4, 5, 20, 7, 14, 19, 10, 11, 9, 13, 6, 15, 16, 17, 18, 8, 12, 21, 22, 23, 24, 25], [1, 2, 3, 4, 5, 20, 7, 14, 19, 10, 11, 12, 13, 6, 15, 16, 17, 18, 8, 9, 21, 22, 23, 24, 25], [1, 2, 3, 4, 5, 20, 7, 14, 9, 10, 11, 12, 13, 6, 15, 16, 17, 18, 8, 19, 21, 22, 23, 24, 25], [1, 2, 3, 4, 5, 20, 7, 14, 9, 10, 11, 12, 13, 6, 15, 16, 17, 18, 19, 8, 21, 22, 23, 24, 25], [1, 2, 3, 4, 5, 20, 7, 8, 9, 10, 11, 12, 13, 6, 15, 16, 17, 18, 19, 14, 21, 22, 23, 24, 25], [1, 2, 3, 4, 5, 20, 7, 8, 9, 10, 11, 12, 13, 14, 15, 16, 17, 18, 19, 6, 21, 22, 23, 24, 25], [1, 2, 3, 4, 5, 6, 7, 8, 9, 10, 11, 12, 13, 14, 15, 16, 17, 18, 19, 20, 21, 22, 23, 24, 25]], pos=[[17, 5, 24, 1, 2, 14, 25, 19, 12, 21, 23, 15, 22, 11, 3, 13, 8, 10, 9, 16, 6, 18, 7, 20, 4], [17, 5, 24, 1, 2, 14, 7, 19, 12, 21, 23, 15, 22, 11, 3, 13, 8, 10, 9, 16, 6, 18, 25, 20, 4], [17, 5, 24, 1, 2, 14, 7, 19, 12, 21, 25, 15, 22, 11, 3, 13, 8, 10, 9, 16, 6, 18, 23, 20, 4], [17, 5, 24, 1, 2, 14, 7, 19, 12, 21, 4, 15, 22, 11, 3, 13, 8, 10, 9, 16, 6, 18, 23, 20, 25], [8, 5, 24, 1, 2, 14, 7, 19, 12, 21, 4, 15, 22, 11, 3, 13, 17, 10, 9, 16, 6, 18, 23, 20, 25], [1, 5, 24, 8, 2, 14, 7, 19, 12, 21, 4, 15, 22, 11, 3, 13, 17, 10, 9, 16, 6, 18, 23, 20, 25], [1, 2, 24, 8, 5, 14, 7, 19, 12, 21, 4, 15, 22, 11, 3, 13, 17, 10, 9, 16, 6, 18, 23, 20, 25], [1, 2, 24, 8, 5, 14, 7, 19, 12, 21, 4, 3, 22, 11, 15, 13, 17, 10, 9, 16, 6, 18, 23, 20, 25], [1, 2, 24, 4, 5, 14, 7, 19, 12, 21, 8, 3, 22, 11, 15, 13, 17, 10, 9, 16, 6, 18, 23, 20, 25], [1, 2, 24, 4, 5, 14, 7, 19, 12, 21, 11, 3, 22, 8, 15, 13, 17, 10, 9, 16, 6, 18, 23, 20, 25], [1, 2, 24, 4, 5, 14, 7, 19, 12, 21, 11, 3, 13, 8, 15, 22, 17, 10, 9, 16, 6, 18, 23, 20, 25], [1, 2, 24, 4, 5, 14, 7, 19, 12, 21, 11, 3, 13, 8, 15, 18, 17, 10, 9, 16, 6, 22, 23, 20, 25], [1, 2, 24, 4, 5, 14, 7, 19, 12, 21, 11, 3, 13, 8, 15, 10, 17, 18, 9, 16, 6, 22, 23, 20, 25], [1, 2, 20, 4, 5, 14, 7, 19, 12, 21, 11, 3, 13, 8, 15, 10, 17, 18, 9, 16, 6, 22, 23, 24, 25], [1, 2, 3, 4, 5, 14, 7, 19, 12, 21, 11, 20, 13, 8, 15, 10, 17, 18, 9, 16, 6, 22, 23, 24, 25], [1, 2, 3, 4, 5, 14, 7, 19, 12, 21, 11, 20, 13, 8, 15, 16, 17, 18, 9, 10, 6, 22, 23, 24, 25], [1, 2, 3, 4, 5, 14, 7, 19, 12, 10, 11, 20, 13, 8, 15, 16, 17, 18, 9, 21, 6, 22, 23, 24, 25], [1, 2, 3, 4, 5, 14, 7, 19, 12, 10, 11, 20, 13, 8, 15, 16, 17, 18, 9, 6, 21, 22, 23, 24, 25], [1, 2, 3, 4, 5, 14, 7, 19, 20, 10, 11, 12, 13, 8, 15, 16, 17, 18, 9, 6, 21, 22, 23, 24, 25], [1, 2, 3, 4, 5, 14, 7, 19, 9, 10, 11, 12, 13, 8, 15, 16, 17, 18, 20, 6, 21, 22, 23, 24, 25], [1, 2, 3, 4, 5, 14, 7, 20, 9, 10, 11, 12, 13, 8, 15, 16, 17, 18, 19, 6, 21, 22, 23, 24, 25], [1, 2, 3, 4, 5, 14, 7, 8, 9, 10, 11, 12, 13, 20, 15, 16, 17, 18, 19, 6, 21, 22, 23, 24, 25], [1, 2, 3, 4, 5, 20, 7, 8, 9, 10, 11, 12, 13, 14, 15, 16, 17, 18, 19, 6, 21, 22, 23, 24, 25], [1, 2, 3, 4, 5, 6, 7, 8, 9, 10, 11, 12, 13, 14, 15, 16, 17, 18, 19, 20, 21, 22, 23, 24, 25]], idx1=[7, 23, 4, 8, 1, 2, 3, 4, 8, 13, 18, 10, 20, 3, 10, 10, 6, 12, 9, 19, 8, 14, 6], idx2=[25, 25, 25, 17, 8, 5, 15, 8, 11, 22, 22, 18, 24, 20, 16, 21, 21, 20, 20, 20, 20, 20, 20], _checker='')