============================================================
BENCHMARK ID: 39 | DIMENSIONE: 20 | STRATEGIA: geometric
============================================================

Input Vector: [12, 17, 2, 9, 16, 13, 14, 11, 8, 18, 15, 4, 1, 5, 7, 3, 6, 10, 20, 19]

STATO: RISOLTO
K: 17
TEMPO: 3.7130s
----------------------------------------
PIANO:
Solution(v=[[12, 17, 2, 9, 16, 13, 14, 11, 8, 18, 15, 4, 1, 5, 7, 3, 6, 10, 20, 19], [1, 17, 2, 9, 16, 13, 14, 11, 8, 18, 15, 4, 12, 5, 7, 3, 6, 10, 20, 19], [1, 17, 2, 9, 16, 12, 14, 11, 8, 18, 15, 4, 13, 5, 7, 3, 6, 10, 20, 19], [1, 17, 2, 9, 16, 12, 7, 11, 8, 18, 15, 4, 13, 5, 14, 3, 6, 10, 20, 19], [1, 17, 2, 9, 16, 12, 7, 11, 8, 18, 15, 4, 13, 14, 5, 3, 6, 10, 20, 19], [1, 17, 2, 9, 5, 12, 7, 11, 8, 18, 15, 4, 13, 14, 16, 3, 6, 10, 20, 19], [1, 17, 2, 9, 5, 6, 7, 11, 8, 18, 15, 4, 13, 14, 16, 3, 12, 10, 20, 19], [1, 17, 2, 9, 5, 6, 7, 11, 8, 10, 15, 4, 13, 14, 16, 3, 12, 18, 20, 19], [1, 17, 2, 9, 5, 6, 7, 11, 8, 10, 16, 4, 13, 14, 15, 3, 12, 18, 20, 19], [1, 17, 2, 9, 5, 6, 7, 11, 8, 10, 16, 12, 13, 14, 15, 3, 4, 18, 20, 19], [1, 4, 2, 9, 5, 6, 7, 11, 8, 10, 16, 12, 13, 14, 15, 3, 17, 18, 20, 19], [1, 4, 2, 9, 5, 6, 7, 11, 8, 10, 3, 12, 13, 14, 15, 16, 17, 18, 20, 19], [1, 4, 3, 9, 5, 6, 7, 11, 8, 10, 2, 12, 13, 14, 15, 16, 17, 18, 20, 19], [1, 4, 3, 9, 5, 6, 7, 8, 11, 10, 2, 12, 13, 14, 15, 16, 17, 18, 20, 19], [1, 4, 3, 9, 5, 6, 7, 8, 2, 10, 11, 12, 13, 14, 15, 16, 17, 18, 20, 19], [1, 4, 3, 2, 5, 6, 7, 8, 9, 10, 11, 12, 13, 14, 15, 16, 17, 18, 20, 19], [1, 2, 3, 4, 5, 6, 7, 8, 9, 10, 11, 12, 13, 14, 15, 16, 17, 18, 20, 19], [1, 2, 3, 4, 5, 6, 7, 8, 9, 10, 11, 12, 13, 14, 15, 16, 17, 18, 19, 20]], pos=[[13, 3, 16, 12, 14, 17, 15, 9, 4, 18, 8, 1, 6, 7, 11, 5, 2, 10, 20, 19], [1, 3, 16, 12, 14, 17, 15, 9, 4, 18, 8, 13, 6, 7, 11, 5, 2, 10, 20, 19], [1, 3, 16, 12, 14, 17, 15, 9, 4, 18, 8, 6, 13, 7, 11, 5, 2, 10, 20, 19], [1, 3, 16, 12, 14, 17, 7, 9, 4, 18, 8, 6, 13, 15, 11, 5, 2, 10, 20, 19], [1, 3, 16, 12, 15, 17, 7, 9, 4, 18, 8, 6, 13, 14, 11, 5, 2, 10, 20, 19], [1, 3, 16, 12, 5, 17, 7, 9, 4, 18, 8, 6, 13, 14, 11, 15, 2, 10, 20, 19], [1, 3, 16, 12, 5, 6, 7, 9, 4, 18, 8, 17, 13, 14, 11, 15, 2, 10, 20, 19], [1, 3, 16, 12, 5, 6, 7, 9, 4, 10, 8, 17, 13, 14, 11, 15, 2, 18, 20, 19], [1, 3, 16, 12, 5, 6, 7, 9, 4, 10, 8, 17, 13, 14, 15, 11, 2, 18, 20, 19], [1, 3, 16, 17, 5, 6, 7, 9, 4, 10, 8, 12, 13, 14, 15, 11, 2, 18, 20, 19], [1, 3, 16, 2, 5, 6, 7, 9, 4, 10, 8, 12, 13, 14, 15, 11, 17, 18, 20, 19], [1, 3, 11, 2, 5, 6, 7, 9, 4, 10, 8, 12, 13, 14, 15, 16, 17, 18, 20, 19], [1, 11, 3, 2, 5, 6, 7, 9, 4, 10, 8, 12, 13, 14, 15, 16, 17, 18, 20, 19], [1, 11, 3, 2, 5, 6, 7, 8, 4, 10, 9, 12, 13, 14, 15, 16, 17, 18, 20, 19], [1, 9, 3, 2, 5, 6, 7, 8, 4, 10, 11, 12, 13, 14, 15, 16, 17, 18, 20, 19], [1, 4, 3, 2, 5, 6, 7, 8, 9, 10, 11, 12, 13, 14, 15, 16, 17, 18, 20, 19], [1, 2, 3, 4, 5, 6, 7, 8, 9, 10, 11, 12, 13, 14, 15, 16, 17, 18, 20, 19], [1, 2, 3, 4, 5, 6, 7, 8, 9, 10, 11, 12, 13, 14, 15, 16, 17, 18, 19, 20]], idx1=[1, 6, 7, 14, 5, 6, 10, 11, 12, 2, 11, 3, 8, 9, 4, 2, 19], idx2=[13, 13, 15, 15, 15, 17, 18, 15, 17, 17, 16, 11, 9, 11, 9, 4, 20], _checker='')