============================================================
BENCHMARK ID: 37 | DIMENSIONE: 20 | STRATEGIA: geometric
============================================================

Input Vector: [18, 12, 10, 4, 16, 13, 8, 6, 15, 20, 11, 19, 3, 1, 17, 9, 14, 7, 5, 2]

STATO: RISOLTO
K: 17
TEMPO: 0.8910s
----------------------------------------
PIANO:
Solution(v=[[18, 12, 10, 4, 16, 13, 8, 6, 15, 20, 11, 19, 3, 1, 17, 9, 14, 7, 5, 2], [18, 12, 10, 4, 16, 13, 8, 6, 15, 20, 11, 19, 3, 14, 17, 9, 1, 7, 5, 2], [1, 12, 10, 4, 16, 13, 8, 6, 15, 20, 11, 19, 3, 14, 17, 9, 18, 7, 5, 2], [1, 12, 20, 4, 16, 13, 8, 6, 15, 10, 11, 19, 3, 14, 17, 9, 18, 7, 5, 2], [1, 12, 20, 4, 5, 13, 8, 6, 15, 10, 11, 19, 3, 14, 17, 9, 18, 7, 16, 2], [1, 12, 20, 4, 5, 6, 8, 13, 15, 10, 11, 19, 3, 14, 17, 9, 18, 7, 16, 2], [1, 12, 20, 4, 5, 6, 8, 3, 15, 10, 11, 19, 13, 14, 17, 9, 18, 7, 16, 2], [1, 12, 20, 4, 5, 6, 3, 8, 15, 10, 11, 19, 13, 14, 17, 9, 18, 7, 16, 2], [1, 12, 20, 4, 5, 6, 3, 8, 9, 10, 11, 19, 13, 14, 17, 15, 18, 7, 16, 2], [1, 12, 20, 4, 5, 6, 3, 8, 9, 10, 11, 16, 13, 14, 17, 15, 18, 7, 19, 2], [1, 12, 20, 4, 5, 6, 3, 8, 9, 10, 11, 16, 13, 14, 17, 15, 7, 18, 19, 2], [1, 12, 20, 4, 5, 6, 7, 8, 9, 10, 11, 16, 13, 14, 17, 15, 3, 18, 19, 2], [1, 12, 20, 4, 5, 6, 7, 8, 9, 10, 11, 16, 13, 14, 3, 15, 17, 18, 19, 2], [1, 12, 3, 4, 5, 6, 7, 8, 9, 10, 11, 16, 13, 14, 20, 15, 17, 18, 19, 2], [1, 12, 3, 4, 5, 6, 7, 8, 9, 10, 11, 16, 13, 14, 2, 15, 17, 18, 19, 20], [1, 2, 3, 4, 5, 6, 7, 8, 9, 10, 11, 16, 13, 14, 12, 15, 17, 18, 19, 20], [1, 2, 3, 4, 5, 6, 7, 8, 9, 10, 11, 16, 13, 14, 15, 12, 17, 18, 19, 20], [1, 2, 3, 4, 5, 6, 7, 8, 9, 10, 11, 12, 13, 14, 15, 16, 17, 18, 19, 20]], pos=[[14, 20, 13, 4, 19, 8, 18, 7, 16, 3, 11, 2, 6, 17, 9, 5, 15, 1, 12, 10], [17, 20, 13, 4, 19, 8, 18, 7, 16, 3, 11, 2, 6, 14, 9, 5, 15, 1, 12, 10], [1, 20, 13, 4, 19, 8, 18, 7, 16, 3, 11, 2, 6, 14, 9, 5, 15, 17, 12, 10], [1, 20, 13, 4, 19, 8, 18, 7, 16, 10, 11, 2, 6, 14, 9, 5, 15, 17, 12, 3], [1, 20, 13, 4, 5, 8, 18, 7, 16, 10, 11, 2, 6, 14, 9, 19, 15, 17, 12, 3], [1, 20, 13, 4, 5, 6, 18, 7, 16, 10, 11, 2, 8, 14, 9, 19, 15, 17, 12, 3], [1, 20, 8, 4, 5, 6, 18, 7, 16, 10, 11, 2, 13, 14, 9, 19, 15, 17, 12, 3], [1, 20, 7, 4, 5, 6, 18, 8, 16, 10, 11, 2, 13, 14, 9, 19, 15, 17, 12, 3], [1, 20, 7, 4, 5, 6, 18, 8, 9, 10, 11, 2, 13, 14, 16, 19, 15, 17, 12, 3], [1, 20, 7, 4, 5, 6, 18, 8, 9, 10, 11, 2, 13, 14, 16, 12, 15, 17, 19, 3], [1, 20, 7, 4, 5, 6, 17, 8, 9, 10, 11, 2, 13, 14, 16, 12, 15, 18, 19, 3], [1, 20, 17, 4, 5, 6, 7, 8, 9, 10, 11, 2, 13, 14, 16, 12, 15, 18, 19, 3], [1, 20, 15, 4, 5, 6, 7, 8, 9, 10, 11, 2, 13, 14, 16, 12, 17, 18, 19, 3], [1, 20, 3, 4, 5, 6, 7, 8, 9, 10, 11, 2, 13, 14, 16, 12, 17, 18, 19, 15], [1, 15, 3, 4, 5, 6, 7, 8, 9, 10, 11, 2, 13, 14, 16, 12, 17, 18, 19, 20], [1, 2, 3, 4, 5, 6, 7, 8, 9, 10, 11, 15, 13, 14, 16, 12, 17, 18, 19, 20], [1, 2, 3, 4, 5, 6, 7, 8, 9, 10, 11, 16, 13, 14, 15, 12, 17, 18, 19, 20], [1, 2, 3, 4, 5, 6, 7, 8, 9, 10, 11, 12, 13, 14, 15, 16, 17, 18, 19, 20]], idx1=[14, 1, 3, 5, 6, 8, 7, 9, 12, 17, 7, 15, 3, 15, 2, 15, 12], idx2=[17, 17, 10, 19, 8, 13, 8, 16, 19, 18, 17, 17, 15, 20, 15, 16, 16], _checker='')