============================================================
BENCHMARK ID: 27 | DIMENSIONE: 15 | STRATEGIA: geometric
============================================================

Input Vector: [14, 1, 8, 9, 4, 5, 15, 13, 12, 2, 3, 7, 6, 11, 10]

STATO: RISOLTO
K: 14
TEMPO: 0.9250s
----------------------------------------
PIANO:
Solution(v=[[14, 1, 8, 9, 4, 5, 15, 13, 12, 2, 3, 7, 6, 11, 10], [14, 1, 8, 9, 4, 5, 15, 6, 12, 2, 3, 7, 13, 11, 10], [14, 1, 6, 9, 4, 5, 15, 8, 12, 2, 3, 7, 13, 11, 10], [14, 1, 6, 12, 4, 5, 15, 8, 9, 2, 3, 7, 13, 11, 10], [14, 1, 6, 12, 4, 5, 15, 8, 9, 2, 11, 7, 13, 3, 10], [3, 1, 6, 12, 4, 5, 15, 8, 9, 2, 11, 7, 13, 14, 10], [3, 1, 5, 12, 4, 6, 15, 8, 9, 2, 11, 7, 13, 14, 10], [3, 1, 4, 12, 5, 6, 15, 8, 9, 2, 11, 7, 13, 14, 10], [4, 1, 3, 12, 5, 6, 15, 8, 9, 2, 11, 7, 13, 14, 10], [1, 4, 3, 12, 5, 6, 15, 8, 9, 2, 11, 7, 13, 14, 10], [1, 4, 3, 7, 5, 6, 15, 8, 9, 2, 11, 12, 13, 14, 10], [1, 4, 3, 15, 5, 6, 7, 8, 9, 2, 11, 12, 13, 14, 10], [1, 4, 3, 10, 5, 6, 7, 8, 9, 2, 11, 12, 13, 14, 15], [1, 10, 3, 4, 5, 6, 7, 8, 9, 2, 11, 12, 13, 14, 15], [1, 2, 3, 4, 5, 6, 7, 8, 9, 10, 11, 12, 13, 14, 15]], pos=[[2, 10, 11, 5, 6, 13, 12, 3, 4, 15, 14, 9, 8, 1, 7], [2, 10, 11, 5, 6, 8, 12, 3, 4, 15, 14, 9, 13, 1, 7], [2, 10, 11, 5, 6, 3, 12, 8, 4, 15, 14, 9, 13, 1, 7], [2, 10, 11, 5, 6, 3, 12, 8, 9, 15, 14, 4, 13, 1, 7], [2, 10, 14, 5, 6, 3, 12, 8, 9, 15, 11, 4, 13, 1, 7], [2, 10, 1, 5, 6, 3, 12, 8, 9, 15, 11, 4, 13, 14, 7], [2, 10, 1, 5, 3, 6, 12, 8, 9, 15, 11, 4, 13, 14, 7], [2, 10, 1, 3, 5, 6, 12, 8, 9, 15, 11, 4, 13, 14, 7], [2, 10, 3, 1, 5, 6, 12, 8, 9, 15, 11, 4, 13, 14, 7], [1, 10, 3, 2, 5, 6, 12, 8, 9, 15, 11, 4, 13, 14, 7], [1, 10, 3, 2, 5, 6, 4, 8, 9, 15, 11, 12, 13, 14, 7], [1, 10, 3, 2, 5, 6, 7, 8, 9, 15, 11, 12, 13, 14, 4], [1, 10, 3, 2, 5, 6, 7, 8, 9, 4, 11, 12, 13, 14, 15], [1, 10, 3, 4, 5, 6, 7, 8, 9, 2, 11, 12, 13, 14, 15], [1, 2, 3, 4, 5, 6, 7, 8, 9, 10, 11, 12, 13, 14, 15]], idx1=[8, 3, 4, 11, 1, 3, 3, 1, 1, 4, 4, 4, 2, 2], idx2=[13, 8, 9, 14, 14, 6, 5, 3, 2, 12, 7, 15, 4, 10], _checker='')