============================================================
BENCHMARK ID: 45 | DIMENSIONE: 25 | STRATEGIA: geometric
============================================================

Input Vector: [7, 16, 12, 13, 4, 5, 23, 21, 15, 14, 11, 18, 17, 25, 9, 2, 3, 22, 24, 10, 6, 19, 8, 1, 20]

STATO: RISOLTO
K: 20
TEMPO: 5.1530s
----------------------------------------
PIANO:
Solution(v=[[7, 16, 12, 13, 4, 5, 23, 21, 15, 14, 11, 18, 17, 25, 9, 2, 3, 22, 24, 10, 6, 19, 8, 1, 20], [23, 16, 12, 13, 4, 5, 7, 21, 15, 14, 11, 18, 17, 25, 9, 2, 3, 22, 24, 10, 6, 19, 8, 1, 20], [23, 16, 18, 13, 4, 5, 7, 21, 15, 14, 11, 12, 17, 25, 9, 2, 3, 22, 24, 10, 6, 19, 8, 1, 20], [23, 16, 18, 4, 13, 5, 7, 21, 15, 14, 11, 12, 17, 25, 9, 2, 3, 22, 24, 10, 6, 19, 8, 1, 20], [23, 16, 18, 4, 13, 5, 7, 21, 15, 25, 11, 12, 17, 14, 9, 2, 3, 22, 24, 10, 6, 19, 8, 1, 20], [23, 16, 18, 4, 13, 5, 7, 21, 15, 25, 11, 12, 17, 14, 9, 2, 3, 19, 24, 10, 6, 22, 8, 1, 20], [23, 16, 18, 4, 13, 5, 7, 21, 15, 25, 11, 12, 17, 14, 9, 2, 3, 24, 19, 10, 6, 22, 8, 1, 20], [23, 16, 24, 4, 13, 5, 7, 21, 15, 25, 11, 12, 17, 14, 9, 2, 3, 18, 19, 10, 6, 22, 8, 1, 20], [23, 16, 1, 4, 13, 5, 7, 21, 15, 25, 11, 12, 17, 14, 9, 2, 3, 18, 19, 10, 6, 22, 8, 24, 20], [1, 16, 23, 4, 13, 5, 7, 21, 15, 25, 11, 12, 17, 14, 9, 2, 3, 18, 19, 10, 6, 22, 8, 24, 20], [1, 2, 23, 4, 13, 5, 7, 21, 15, 25, 11, 12, 17, 14, 9, 16, 3, 18, 19, 10, 6, 22, 8, 24, 20], [1, 2, 3, 4, 13, 5, 7, 21, 15, 25, 11, 12, 17, 14, 9, 16, 23, 18, 19, 10, 6, 22, 8, 24, 20], [1, 2, 3, 4, 13, 5, 7, 21, 15, 20, 11, 12, 17, 14, 9, 16, 23, 18, 19, 10, 6, 22, 8, 24, 25], [1, 2, 3, 4, 13, 5, 7, 21, 15, 20, 11, 12, 23, 14, 9, 16, 17, 18, 19, 10, 6, 22, 8, 24, 25], [1, 2, 3, 4, 13, 5, 7, 21, 15, 20, 11, 12, 8, 14, 9, 16, 17, 18, 19, 10, 6, 22, 23, 24, 25], [1, 2, 3, 4, 8, 5, 7, 21, 15, 20, 11, 12, 13, 14, 9, 16, 17, 18, 19, 10, 6, 22, 23, 24, 25], [1, 2, 3, 4, 8, 5, 7, 6, 15, 20, 11, 12, 13, 14, 9, 16, 17, 18, 19, 10, 21, 22, 23, 24, 25], [1, 2, 3, 4, 8, 6, 7, 5, 15, 20, 11, 12, 13, 14, 9, 16, 17, 18, 19, 10, 21, 22, 23, 24, 25], [1, 2, 3, 4, 5, 6, 7, 8, 15, 20, 11, 12, 13, 14, 9, 16, 17, 18, 19, 10, 21, 22, 23, 24, 25], [1, 2, 3, 4, 5, 6, 7, 8, 9, 20, 11, 12, 13, 14, 15, 16, 17, 18, 19, 10, 21, 22, 23, 24, 25], [1, 2, 3, 4, 5, 6, 7, 8, 9, 10, 11, 12, 13, 14, 15, 16, 17, 18, 19, 20, 21, 22, 23, 24, 25]], pos=[[24, 16, 17, 5, 6, 21, 1, 23, 15, 20, 11, 3, 4, 10, 9, 2, 13, 12, 22, 25, 8, 18, 7, 19, 14], [24, 16, 17, 5, 6, 21, 7, 23, 15, 20, 11, 3, 4, 10, 9, 2, 13, 12, 22, 25, 8, 18, 1, 19, 14], [24, 16, 17, 5, 6, 21, 7, 23, 15, 20, 11, 12, 4, 10, 9, 2, 13, 3, 22, 25, 8, 18, 1, 19, 14], [24, 16, 17, 4, 6, 21, 7, 23, 15, 20, 11, 12, 5, 10, 9, 2, 13, 3, 22, 25, 8, 18, 1, 19, 14], [24, 16, 17, 4, 6, 21, 7, 23, 15, 20, 11, 12, 5, 14, 9, 2, 13, 3, 22, 25, 8, 18, 1, 19, 10], [24, 16, 17, 4, 6, 21, 7, 23, 15, 20, 11, 12, 5, 14, 9, 2, 13, 3, 18, 25, 8, 22, 1, 19, 10], [24, 16, 17, 4, 6, 21, 7, 23, 15, 20, 11, 12, 5, 14, 9, 2, 13, 3, 19, 25, 8, 22, 1, 18, 10], [24, 16, 17, 4, 6, 21, 7, 23, 15, 20, 11, 12, 5, 14, 9, 2, 13, 18, 19, 25, 8, 22, 1, 3, 10], [3, 16, 17, 4, 6, 21, 7, 23, 15, 20, 11, 12, 5, 14, 9, 2, 13, 18, 19, 25, 8, 22, 1, 24, 10], [1, 16, 17, 4, 6, 21, 7, 23, 15, 20, 11, 12, 5, 14, 9, 2, 13, 18, 19, 25, 8, 22, 3, 24, 10], [1, 2, 17, 4, 6, 21, 7, 23, 15, 20, 11, 12, 5, 14, 9, 16, 13, 18, 19, 25, 8, 22, 3, 24, 10], [1, 2, 3, 4, 6, 21, 7, 23, 15, 20, 11, 12, 5, 14, 9, 16, 13, 18, 19, 25, 8, 22, 17, 24, 10], [1, 2, 3, 4, 6, 21, 7, 23, 15, 20, 11, 12, 5, 14, 9, 16, 13, 18, 19, 10, 8, 22, 17, 24, 25], [1, 2, 3, 4, 6, 21, 7, 23, 15, 20, 11, 12, 5, 14, 9, 16, 17, 18, 19, 10, 8, 22, 13, 24, 25], [1, 2, 3, 4, 6, 21, 7, 13, 15, 20, 11, 12, 5, 14, 9, 16, 17, 18, 19, 10, 8, 22, 23, 24, 25], [1, 2, 3, 4, 6, 21, 7, 5, 15, 20, 11, 12, 13, 14, 9, 16, 17, 18, 19, 10, 8, 22, 23, 24, 25], [1, 2, 3, 4, 6, 8, 7, 5, 15, 20, 11, 12, 13, 14, 9, 16, 17, 18, 19, 10, 21, 22, 23, 24, 25], [1, 2, 3, 4, 8, 6, 7, 5, 15, 20, 11, 12, 13, 14, 9, 16, 17, 18, 19, 10, 21, 22, 23, 24, 25], [1, 2, 3, 4, 5, 6, 7, 8, 15, 20, 11, 12, 13, 14, 9, 16, 17, 18, 19, 10, 21, 22, 23, 24, 25], [1, 2, 3, 4, 5, 6, 7, 8, 9, 20, 11, 12, 13, 14, 15, 16, 17, 18, 19, 10, 21, 22, 23, 24, 25], [1, 2, 3, 4, 5, 6, 7, 8, 9, 10, 11, 12, 13, 14, 15, 16, 17, 18, 19, 20, 21, 22, 23, 24, 25]], idx1=[1, 3, 4, 10, 18, 18, 3, 3, 1, 2, 3, 10, 13, 13, 5, 8, 6, 5, 9, 10], idx2=[7, 12, 5, 14, 22, 19, 18, 24, 3, 16, 17, 25, 17, 23, 13, 21, 8, 8, 15, 20], _checker='')