============================================================
BENCHMARK ID: 35 | DIMENSIONE: 20 | STRATEGIA: geometric
============================================================

Input Vector: [15, 13, 19, 2, 6, 17, 4, 8, 14, 16, 7, 11, 1, 3, 10, 12, 5, 20, 18, 9]

STATO: RISOLTO
K: 16
TEMPO: 0.8050s
----------------------------------------
PIANO:
Solution(v=[[15, 13, 19, 2, 6, 17, 4, 8, 14, 16, 7, 11, 1, 3, 10, 12, 5, 20, 18, 9], [15, 13, 3, 2, 6, 17, 4, 8, 14, 16, 7, 11, 1, 19, 10, 12, 5, 20, 18, 9], [15, 13, 3, 2, 6, 17, 4, 8, 14, 16, 7, 11, 1, 18, 10, 12, 5, 20, 19, 9], [15, 13, 3, 2, 6, 17, 4, 8, 14, 16, 7, 11, 1, 20, 10, 12, 5, 18, 19, 9], [15, 13, 3, 2, 6, 17, 4, 8, 14, 16, 7, 11, 1, 9, 10, 12, 5, 18, 19, 20], [15, 13, 3, 2, 6, 17, 4, 8, 9, 16, 7, 11, 1, 14, 10, 12, 5, 18, 19, 20], [15, 13, 3, 2, 6, 17, 4, 8, 9, 12, 7, 11, 1, 14, 10, 16, 5, 18, 19, 20], [15, 13, 3, 2, 6, 17, 4, 8, 9, 10, 7, 11, 1, 14, 12, 16, 5, 18, 19, 20], [12, 13, 3, 2, 6, 17, 4, 8, 9, 10, 7, 11, 1, 14, 15, 16, 5, 18, 19, 20], [12, 13, 3, 2, 6, 17, 7, 8, 9, 10, 4, 11, 1, 14, 15, 16, 5, 18, 19, 20], [12, 13, 3, 2, 6, 17, 7, 8, 9, 10, 11, 4, 1, 14, 15, 16, 5, 18, 19, 20], [4, 13, 3, 2, 6, 17, 7, 8, 9, 10, 11, 12, 1, 14, 15, 16, 5, 18, 19, 20], [2, 13, 3, 4, 6, 17, 7, 8, 9, 10, 11, 12, 1, 14, 15, 16, 5, 18, 19, 20], [1, 13, 3, 4, 6, 17, 7, 8, 9, 10, 11, 12, 2, 14, 15, 16, 5, 18, 19, 20], [1, 2, 3, 4, 6, 17, 7, 8, 9, 10, 11, 12, 13, 14, 15, 16, 5, 18, 19, 20], [1, 2, 3, 4, 6, 5, 7, 8, 9, 10, 11, 12, 13, 14, 15, 16, 17, 18, 19, 20], [1, 2, 3, 4, 5, 6, 7, 8, 9, 10, 11, 12, 13, 14, 15, 16, 17, 18, 19, 20]], pos=[[13, 4, 14, 7, 17, 5, 11, 8, 20, 15, 12, 16, 2, 9, 1, 10, 6, 19, 3, 18], [13, 4, 3, 7, 17, 5, 11, 8, 20, 15, 12, 16, 2, 9, 1, 10, 6, 19, 14, 18], [13, 4, 3, 7, 17, 5, 11, 8, 20, 15, 12, 16, 2, 9, 1, 10, 6, 14, 19, 18], [13, 4, 3, 7, 17, 5, 11, 8, 20, 15, 12, 16, 2, 9, 1, 10, 6, 18, 19, 14], [13, 4, 3, 7, 17, 5, 11, 8, 14, 15, 12, 16, 2, 9, 1, 10, 6, 18, 19, 20], [13, 4, 3, 7, 17, 5, 11, 8, 9, 15, 12, 16, 2, 14, 1, 10, 6, 18, 19, 20], [13, 4, 3, 7, 17, 5, 11, 8, 9, 15, 12, 10, 2, 14, 1, 16, 6, 18, 19, 20], [13, 4, 3, 7, 17, 5, 11, 8, 9, 10, 12, 15, 2, 14, 1, 16, 6, 18, 19, 20], [13, 4, 3, 7, 17, 5, 11, 8, 9, 10, 12, 1, 2, 14, 15, 16, 6, 18, 19, 20], [13, 4, 3, 11, 17, 5, 7, 8, 9, 10, 12, 1, 2, 14, 15, 16, 6, 18, 19, 20], [13, 4, 3, 12, 17, 5, 7, 8, 9, 10, 11, 1, 2, 14, 15, 16, 6, 18, 19, 20], [13, 4, 3, 1, 17, 5, 7, 8, 9, 10, 11, 12, 2, 14, 15, 16, 6, 18, 19, 20], [13, 1, 3, 4, 17, 5, 7, 8, 9, 10, 11, 12, 2, 14, 15, 16, 6, 18, 19, 20], [1, 13, 3, 4, 17, 5, 7, 8, 9, 10, 11, 12, 2, 14, 15, 16, 6, 18, 19, 20], [1, 2, 3, 4, 17, 5, 7, 8, 9, 10, 11, 12, 13, 14, 15, 16, 6, 18, 19, 20], [1, 2, 3, 4, 6, 5, 7, 8, 9, 10, 11, 12, 13, 14, 15, 16, 17, 18, 19, 20], [1, 2, 3, 4, 5, 6, 7, 8, 9, 10, 11, 12, 13, 14, 15, 16, 17, 18, 19, 20]], idx1=[3, 14, 14, 14, 9, 10, 10, 1, 7, 11, 1, 1, 1, 2, 6, 5], idx2=[14, 19, 18, 20, 14, 16, 15, 15, 11, 12, 12, 4, 13, 13, 17, 6], _checker='')