============================================================
BENCHMARK ID: 51 | DIMENSIONE: 30 | STRATEGIA: geometric
============================================================

Input Vector: [18, 23, 6, 4, 30, 14, 21, 29, 20, 7, 2, 5, 1, 28, 11, 15, 8, 27, 16, 25, 10, 19, 26, 24, 3, 12, 13, 9, 17, 22]

STATO: RISOLTO
K: 23
TEMPO: 64.1020s
----------------------------------------
PIANO:
Solution(v=[[18, 23, 6, 4, 30, 14, 21, 29, 20, 7, 2, 5, 1, 28, 11, 15, 8, 27, 16, 25, 10, 19, 26, 24, 3, 12, 13, 9, 17, 22], [18, 23, 6, 4, 30, 14, 21, 29, 20, 7, 2, 12, 1, 28, 11, 15, 8, 27, 16, 25, 10, 19, 26, 24, 3, 5, 13, 9, 17, 22], [18, 23, 6, 4, 5, 14, 21, 29, 20, 7, 2, 12, 1, 28, 11, 15, 8, 27, 16, 25, 10, 19, 26, 24, 3, 30, 13, 9, 17, 22], [18, 23, 6, 4, 5, 14, 10, 29, 20, 7, 2, 12, 1, 28, 11, 15, 8, 27, 16, 25, 21, 19, 26, 24, 3, 30, 13, 9, 17, 22], [18, 23, 6, 4, 5, 14, 10, 29, 20, 7, 2, 12, 1, 28, 11, 15, 8, 27, 16, 25, 21, 19, 26, 24, 3, 22, 13, 9, 17, 30], [18, 23, 6, 4, 5, 14, 10, 29, 20, 7, 2, 12, 1, 28, 11, 15, 8, 27, 16, 25, 21, 22, 26, 24, 3, 19, 13, 9, 17, 30], [18, 23, 6, 4, 5, 14, 10, 29, 20, 7, 2, 12, 1, 28, 11, 15, 8, 27, 19, 25, 21, 22, 26, 24, 3, 16, 13, 9, 17, 30], [18, 23, 6, 4, 5, 14, 10, 29, 20, 7, 2, 12, 1, 28, 11, 15, 8, 27, 19, 3, 21, 22, 26, 24, 25, 16, 13, 9, 17, 30], [18, 23, 6, 4, 5, 14, 10, 29, 20, 7, 2, 12, 1, 28, 11, 15, 8, 27, 19, 3, 21, 22, 16, 24, 25, 26, 13, 9, 17, 30], [18, 16, 6, 4, 5, 14, 10, 29, 20, 7, 2, 12, 1, 28, 11, 15, 8, 27, 19, 3, 21, 22, 23, 24, 25, 26, 13, 9, 17, 30], [18, 2, 6, 4, 5, 14, 10, 29, 20, 7, 16, 12, 1, 28, 11, 15, 8, 27, 19, 3, 21, 22, 23, 24, 25, 26, 13, 9, 17, 30], [18, 2, 6, 4, 5, 14, 10, 29, 9, 7, 16, 12, 1, 28, 11, 15, 8, 27, 19, 3, 21, 22, 23, 24, 25, 26, 13, 20, 17, 30], [18, 2, 6, 4, 5, 14, 10, 29, 9, 7, 16, 12, 13, 28, 11, 15, 8, 27, 19, 3, 21, 22, 23, 24, 25, 26, 1, 20, 17, 30], [1, 2, 6, 4, 5, 14, 10, 29, 9, 7, 16, 12, 13, 28, 11, 15, 8, 27, 19, 3, 21, 22, 23, 24, 25, 26, 18, 20, 17, 30], [1, 2, 6, 4, 5, 28, 10, 29, 9, 7, 16, 12, 13, 14, 11, 15, 8, 27, 19, 3, 21, 22, 23, 24, 25, 26, 18, 20, 17, 30], [1, 2, 6, 4, 5, 28, 10, 29, 9, 7, 16, 12, 13, 14, 11, 15, 8, 27, 19, 20, 21, 22, 23, 24, 25, 26, 18, 3, 17, 30], [1, 2, 6, 4, 5, 3, 10, 29, 9, 7, 16, 12, 13, 14, 11, 15, 8, 27, 19, 20, 21, 22, 23, 24, 25, 26, 18, 28, 17, 30], [1, 2, 3, 4, 5, 6, 10, 29, 9, 7, 16, 12, 13, 14, 11, 15, 8, 27, 19, 20, 21, 22, 23, 24, 25, 26, 18, 28, 17, 30], [1, 2, 3, 4, 5, 6, 7, 29, 9, 10, 16, 12, 13, 14, 11, 15, 8, 27, 19, 20, 21, 22, 23, 24, 25, 26, 18, 28, 17, 30], [1, 2, 3, 4, 5, 6, 7, 29, 9, 10, 16, 12, 13, 14, 15, 11, 8, 27, 19, 20, 21, 22, 23, 24, 25, 26, 18, 28, 17, 30], [1, 2, 3, 4, 5, 6, 7, 29, 9, 10, 11, 12, 13, 14, 15, 16, 8, 27, 19, 20, 21, 22, 23, 24, 25, 26, 18, 28, 17, 30], [1, 2, 3, 4, 5, 6, 7, 29, 9, 10, 11, 12, 13, 14, 15, 16, 17, 27, 19, 20, 21, 22, 23, 24, 25, 26, 18, 28, 8, 30], [1, 2, 3, 4, 5, 6, 7, 8, 9, 10, 11, 12, 13, 14, 15, 16, 17, 27, 19, 20, 21, 22, 23, 24, 25, 26, 18, 28, 29, 30], [1, 2, 3, 4, 5, 6, 7, 8, 9, 10, 11, 12, 13, 14, 15, 16, 17, 18, 19, 20, 21, 22, 23, 24, 25, 26, 27, 28, 29, 30]], pos=[[13, 11, 25, 4, 12, 3, 10, 17, 28, 21, 15, 26, 27, 6, 16, 19, 29, 1, 22, 9, 7, 30, 2, 24, 20, 23, 18, 14, 8, 5], [13, 11, 25, 4, 26, 3, 10, 17, 28, 21, 15, 12, 27, 6, 16, 19, 29, 1, 22, 9, 7, 30, 2, 24, 20, 23, 18, 14, 8, 5], [13, 11, 25, 4, 5, 3, 10, 17, 28, 21, 15, 12, 27, 6, 16, 19, 29, 1, 22, 9, 7, 30, 2, 24, 20, 23, 18, 14, 8, 26], [13, 11, 25, 4, 5, 3, 10, 17, 28, 7, 15, 12, 27, 6, 16, 19, 29, 1, 22, 9, 21, 30, 2, 24, 20, 23, 18, 14, 8, 26], [13, 11, 25, 4, 5, 3, 10, 17, 28, 7, 15, 12, 27, 6, 16, 19, 29, 1, 22, 9, 21, 26, 2, 24, 20, 23, 18, 14, 8, 30], [13, 11, 25, 4, 5, 3, 10, 17, 28, 7, 15, 12, 27, 6, 16, 19, 29, 1, 26, 9, 21, 22, 2, 24, 20, 23, 18, 14, 8, 30], [13, 11, 25, 4, 5, 3, 10, 17, 28, 7, 15, 12, 27, 6, 16, 26, 29, 1, 19, 9, 21, 22, 2, 24, 20, 23, 18, 14, 8, 30], [13, 11, 20, 4, 5, 3, 10, 17, 28, 7, 15, 12, 27, 6, 16, 26, 29, 1, 19, 9, 21, 22, 2, 24, 25, 23, 18, 14, 8, 30], [13, 11, 20, 4, 5, 3, 10, 17, 28, 7, 15, 12, 27, 6, 16, 23, 29, 1, 19, 9, 21, 22, 2, 24, 25, 26, 18, 14, 8, 30], [13, 11, 20, 4, 5, 3, 10, 17, 28, 7, 15, 12, 27, 6, 16, 2, 29, 1, 19, 9, 21, 22, 23, 24, 25, 26, 18, 14, 8, 30], [13, 2, 20, 4, 5, 3, 10, 17, 28, 7, 15, 12, 27, 6, 16, 11, 29, 1, 19, 9, 21, 22, 23, 24, 25, 26, 18, 14, 8, 30], [13, 2, 20, 4, 5, 3, 10, 17, 9, 7, 15, 12, 27, 6, 16, 11, 29, 1, 19, 28, 21, 22, 23, 24, 25, 26, 18, 14, 8, 30], [27, 2, 20, 4, 5, 3, 10, 17, 9, 7, 15, 12, 13, 6, 16, 11, 29, 1, 19, 28, 21, 22, 23, 24, 25, 26, 18, 14, 8, 30], [1, 2, 20, 4, 5, 3, 10, 17, 9, 7, 15, 12, 13, 6, 16, 11, 29, 27, 19, 28, 21, 22, 23, 24, 25, 26, 18, 14, 8, 30], [1, 2, 20, 4, 5, 3, 10, 17, 9, 7, 15, 12, 13, 14, 16, 11, 29, 27, 19, 28, 21, 22, 23, 24, 25, 26, 18, 6, 8, 30], [1, 2, 28, 4, 5, 3, 10, 17, 9, 7, 15, 12, 13, 14, 16, 11, 29, 27, 19, 20, 21, 22, 23, 24, 25, 26, 18, 6, 8, 30], [1, 2, 6, 4, 5, 3, 10, 17, 9, 7, 15, 12, 13, 14, 16, 11, 29, 27, 19, 20, 21, 22, 23, 24, 25, 26, 18, 28, 8, 30], [1, 2, 3, 4, 5, 6, 10, 17, 9, 7, 15, 12, 13, 14, 16, 11, 29, 27, 19, 20, 21, 22, 23, 24, 25, 26, 18, 28, 8, 30], [1, 2, 3, 4, 5, 6, 7, 17, 9, 10, 15, 12, 13, 14, 16, 11, 29, 27, 19, 20, 21, 22, 23, 24, 25, 26, 18, 28, 8, 30], [1, 2, 3, 4, 5, 6, 7, 17, 9, 10, 16, 12, 13, 14, 15, 11, 29, 27, 19, 20, 21, 22, 23, 24, 25, 26, 18, 28, 8, 30], [1, 2, 3, 4, 5, 6, 7, 17, 9, 10, 11, 12, 13, 14, 15, 16, 29, 27, 19, 20, 21, 22, 23, 24, 25, 26, 18, 28, 8, 30], [1, 2, 3, 4, 5, 6, 7, 29, 9, 10, 11, 12, 13, 14, 15, 16, 17, 27, 19, 20, 21, 22, 23, 24, 25, 26, 18, 28, 8, 30], [1, 2, 3, 4, 5, 6, 7, 8, 9, 10, 11, 12, 13, 14, 15, 16, 17, 27, 19, 20, 21, 22, 23, 24, 25, 26, 18, 28, 29, 30], [1, 2, 3, 4, 5, 6, 7, 8, 9, 10, 11, 12, 13, 14, 15, 16, 17, 18, 19, 20, 21, 22, 23, 24, 25, 26, 27, 28, 29, 30]], idx1=[12, 5, 7, 26, 22, 19, 20, 23, 2, 2, 9, 13, 1, 6, 20, 6, 3, 7, 15, 11, 17, 8, 18], idx2=[26, 26, 21, 30, 26, 26, 25, 26, 23, 11, 28, 27, 27, 14, 28, 28, 6, 10, 16, 16, 29, 29, 27], _checker='')