============================================================
BENCHMARK ID: 33 | DIMENSIONE: 20 | STRATEGIA: geometric
============================================================

Input Vector: [19, 16, 17, 10, 6, 4, 5, 3, 14, 8, 13, 18, 20, 15, 9, 7, 1, 12, 2, 11]

STATO: RISOLTO
K: 16
TEMPO: 2.9290s
----------------------------------------
PIANO:
Solution(v=[[19, 16, 17, 10, 6, 4, 5, 3, 14, 8, 13, 18, 20, 15, 9, 7, 1, 12, 2, 11], [19, 16, 17, 10, 5, 4, 6, 3, 14, 8, 13, 18, 20, 15, 9, 7, 1, 12, 2, 11], [19, 16, 17, 10, 5, 6, 4, 3, 14, 8, 13, 18, 20, 15, 9, 7, 1, 12, 2, 11], [19, 16, 17, 4, 5, 6, 10, 3, 14, 8, 13, 18, 20, 15, 9, 7, 1, 12, 2, 11], [19, 16, 17, 4, 5, 6, 10, 8, 14, 3, 13, 18, 20, 15, 9, 7, 1, 12, 2, 11], [19, 16, 17, 4, 5, 6, 3, 8, 14, 10, 13, 18, 20, 15, 9, 7, 1, 12, 2, 11], [19, 16, 17, 4, 5, 6, 7, 8, 14, 10, 13, 18, 20, 15, 9, 3, 1, 12, 2, 11], [19, 16, 3, 4, 5, 6, 7, 8, 14, 10, 13, 18, 20, 15, 9, 17, 1, 12, 2, 11], [19, 16, 3, 4, 5, 6, 7, 8, 14, 10, 13, 12, 20, 15, 9, 17, 1, 18, 2, 11], [19, 16, 3, 4, 5, 6, 7, 8, 14, 10, 13, 12, 20, 9, 15, 17, 1, 18, 2, 11], [19, 16, 3, 4, 5, 6, 7, 8, 14, 10, 13, 12, 20, 9, 15, 1, 17, 18, 2, 11], [19, 1, 3, 4, 5, 6, 7, 8, 14, 10, 13, 12, 20, 9, 15, 16, 17, 18, 2, 11], [19, 2, 3, 4, 5, 6, 7, 8, 14, 10, 13, 12, 20, 9, 15, 16, 17, 18, 1, 11], [1, 2, 3, 4, 5, 6, 7, 8, 14, 10, 13, 12, 20, 9, 15, 16, 17, 18, 19, 11], [1, 2, 3, 4, 5, 6, 7, 8, 9, 10, 13, 12, 20, 14, 15, 16, 17, 18, 19, 11], [1, 2, 3, 4, 5, 6, 7, 8, 9, 10, 11, 12, 20, 14, 15, 16, 17, 18, 19, 13], [1, 2, 3, 4, 5, 6, 7, 8, 9, 10, 11, 12, 13, 14, 15, 16, 17, 18, 19, 20]], pos=[[17, 19, 8, 6, 7, 5, 16, 10, 15, 4, 20, 18, 11, 9, 14, 2, 3, 12, 1, 13], [17, 19, 8, 6, 5, 7, 16, 10, 15, 4, 20, 18, 11, 9, 14, 2, 3, 12, 1, 13], [17, 19, 8, 7, 5, 6, 16, 10, 15, 4, 20, 18, 11, 9, 14, 2, 3, 12, 1, 13], [17, 19, 8, 4, 5, 6, 16, 10, 15, 7, 20, 18, 11, 9, 14, 2, 3, 12, 1, 13], [17, 19, 10, 4, 5, 6, 16, 8, 15, 7, 20, 18, 11, 9, 14, 2, 3, 12, 1, 13], [17, 19, 7, 4, 5, 6, 16, 8, 15, 10, 20, 18, 11, 9, 14, 2, 3, 12, 1, 13], [17, 19, 16, 4, 5, 6, 7, 8, 15, 10, 20, 18, 11, 9, 14, 2, 3, 12, 1, 13], [17, 19, 3, 4, 5, 6, 7, 8, 15, 10, 20, 18, 11, 9, 14, 2, 16, 12, 1, 13], [17, 19, 3, 4, 5, 6, 7, 8, 15, 10, 20, 12, 11, 9, 14, 2, 16, 18, 1, 13], [17, 19, 3, 4, 5, 6, 7, 8, 14, 10, 20, 12, 11, 9, 15, 2, 16, 18, 1, 13], [16, 19, 3, 4, 5, 6, 7, 8, 14, 10, 20, 12, 11, 9, 15, 2, 17, 18, 1, 13], [2, 19, 3, 4, 5, 6, 7, 8, 14, 10, 20, 12, 11, 9, 15, 16, 17, 18, 1, 13], [19, 2, 3, 4, 5, 6, 7, 8, 14, 10, 20, 12, 11, 9, 15, 16, 17, 18, 1, 13], [1, 2, 3, 4, 5, 6, 7, 8, 14, 10, 20, 12, 11, 9, 15, 16, 17, 18, 19, 13], [1, 2, 3, 4, 5, 6, 7, 8, 9, 10, 20, 12, 11, 14, 15, 16, 17, 18, 19, 13], [1, 2, 3, 4, 5, 6, 7, 8, 9, 10, 11, 12, 20, 14, 15, 16, 17, 18, 19, 13], [1, 2, 3, 4, 5, 6, 7, 8, 9, 10, 11, 12, 13, 14, 15, 16, 17, 18, 19, 20]], idx1=[5, 6, 4, 8, 7, 7, 3, 12, 14, 16, 2, 2, 1, 9, 11, 13], idx2=[7, 7, 7, 10, 10, 16, 16, 18, 15, 17, 16, 19, 19, 14, 20, 20], _checker='')