============================================================
BENCHMARK ID: 59 | DIMENSIONE: 30 | STRATEGIA: geometric
============================================================

Input Vector: [2, 11, 3, 19, 24, 12, 9, 30, 29, 4, 5, 13, 25, 23, 14, 17, 28, 16, 21, 26, 27, 7, 6, 10, 18, 1, 15, 22, 8, 20]

STATO: RISOLTO
K: 28
TEMPO: 67.4680s
----------------------------------------
PIANO:
Solution(v=[[2, 11, 3, 19, 24, 12, 9, 30, 29, 4, 5, 13, 25, 23, 14, 17, 28, 16, 21, 26, 27, 7, 6, 10, 18, 1, 15, 22, 8, 20], [2, 11, 3, 19, 24, 6, 9, 30, 29, 4, 5, 13, 25, 23, 14, 17, 28, 16, 21, 26, 27, 7, 12, 10, 18, 1, 15, 22, 8, 20], [2, 11, 3, 19, 24, 6, 9, 8, 29, 4, 5, 13, 25, 23, 14, 17, 28, 16, 21, 26, 27, 7, 12, 10, 18, 1, 15, 22, 30, 20], [2, 11, 3, 19, 24, 6, 9, 8, 29, 10, 5, 13, 25, 23, 14, 17, 28, 16, 21, 26, 27, 7, 12, 4, 18, 1, 15, 22, 30, 20], [2, 11, 3, 19, 24, 6, 9, 8, 29, 10, 5, 13, 25, 14, 23, 17, 28, 16, 21, 26, 27, 7, 12, 4, 18, 1, 15, 22, 30, 20], [2, 11, 3, 19, 24, 6, 9, 8, 29, 10, 5, 13, 25, 14, 23, 17, 28, 16, 21, 1, 27, 7, 12, 4, 18, 26, 15, 22, 30, 20], [1, 11, 3, 19, 24, 6, 9, 8, 29, 10, 5, 13, 25, 14, 23, 17, 28, 16, 21, 2, 27, 7, 12, 4, 18, 26, 15, 22, 30, 20], [1, 11, 3, 21, 24, 6, 9, 8, 29, 10, 5, 13, 25, 14, 23, 17, 28, 16, 19, 2, 27, 7, 12, 4, 18, 26, 15, 22, 30, 20], [1, 11, 3, 21, 24, 6, 9, 8, 29, 10, 5, 12, 25, 14, 23, 17, 28, 16, 19, 2, 27, 7, 13, 4, 18, 26, 15, 22, 30, 20], [1, 11, 3, 21, 24, 6, 9, 8, 29, 10, 5, 12, 25, 14, 23, 17, 28, 16, 19, 2, 27, 22, 13, 4, 18, 26, 15, 7, 30, 20], [1, 11, 3, 21, 24, 6, 7, 8, 29, 10, 5, 12, 25, 14, 23, 17, 28, 16, 19, 2, 27, 22, 13, 4, 18, 26, 15, 9, 30, 20], [1, 11, 3, 21, 24, 6, 7, 8, 29, 10, 5, 12, 25, 14, 23, 28, 17, 16, 19, 2, 27, 22, 13, 4, 18, 26, 15, 9, 30, 20], [1, 11, 3, 21, 24, 6, 7, 8, 29, 10, 5, 12, 25, 14, 23, 9, 17, 16, 19, 2, 27, 22, 13, 4, 18, 26, 15, 28, 30, 20], [1, 11, 3, 21, 24, 6, 7, 8, 29, 10, 5, 12, 25, 14, 23, 9, 17, 16, 19, 20, 27, 22, 13, 4, 18, 26, 15, 28, 30, 2], [1, 2, 3, 21, 24, 6, 7, 8, 29, 10, 5, 12, 25, 14, 23, 9, 17, 16, 19, 20, 27, 22, 13, 4, 18, 26, 15, 28, 30, 11], [1, 2, 3, 21, 24, 6, 7, 8, 29, 10, 5, 12, 25, 14, 23, 9, 17, 16, 19, 20, 27, 22, 13, 4, 18, 26, 15, 28, 11, 30], [1, 2, 3, 21, 24, 6, 7, 8, 11, 10, 5, 12, 25, 14, 23, 9, 17, 16, 19, 20, 27, 22, 13, 4, 18, 26, 15, 28, 29, 30], [1, 2, 3, 21, 24, 6, 7, 8, 11, 10, 5, 12, 25, 14, 23, 9, 17, 16, 19, 20, 15, 22, 13, 4, 18, 26, 27, 28, 29, 30], [1, 2, 3, 21, 24, 6, 7, 8, 11, 10, 5, 12, 25, 14, 15, 9, 17, 16, 19, 20, 23, 22, 13, 4, 18, 26, 27, 28, 29, 30], [1, 2, 3, 21, 24, 6, 7, 8, 11, 10, 5, 12, 25, 14, 15, 9, 17, 16, 19, 20, 13, 22, 23, 4, 18, 26, 27, 28, 29, 30], [1, 2, 3, 13, 24, 6, 7, 8, 11, 10, 5, 12, 25, 14, 15, 9, 17, 16, 19, 20, 21, 22, 23, 4, 18, 26, 27, 28, 29, 30], [1, 2, 3, 13, 24, 6, 7, 8, 11, 10, 5, 12, 18, 14, 15, 9, 17, 16, 19, 20, 21, 22, 23, 4, 25, 26, 27, 28, 29, 30], [1, 2, 3, 13, 24, 6, 7, 8, 11, 10, 5, 12, 18, 14, 15, 16, 17, 9, 19, 20, 21, 22, 23, 4, 25, 26, 27, 28, 29, 30], [1, 2, 3, 13, 24, 6, 7, 8, 11, 10, 5, 12, 9, 14, 15, 16, 17, 18, 19, 20, 21, 22, 23, 4, 25, 26, 27, 28, 29, 30], [1, 2, 3, 9, 24, 6, 7, 8, 11, 10, 5, 12, 13, 14, 15, 16, 17, 18, 19, 20, 21, 22, 23, 4, 25, 26, 27, 28, 29, 30], [1, 2, 3, 4, 24, 6, 7, 8, 11, 10, 5, 12, 13, 14, 15, 16, 17, 18, 19, 20, 21, 22, 23, 9, 25, 26, 27, 28, 29, 30], [1, 2, 3, 4, 9, 6, 7, 8, 11, 10, 5, 12, 13, 14, 15, 16, 17, 18, 19, 20, 21, 22, 23, 24, 25, 26, 27, 28, 29, 30], [1, 2, 3, 4, 5, 6, 7, 8, 11, 10, 9, 12, 13, 14, 15, 16, 17, 18, 19, 20, 21, 22, 23, 24, 25, 26, 27, 28, 29, 30], [1, 2, 3, 4, 5, 6, 7, 8, 9, 10, 11, 12, 13, 14, 15, 16, 17, 18, 19, 20, 21, 22, 23, 24, 25, 26, 27, 28, 29, 30]], pos=[[26, 1, 3, 10, 11, 23, 22, 29, 7, 24, 2, 6, 12, 15, 27, 18, 16, 25, 4, 30, 19, 28, 14, 5, 13, 20, 21, 17, 9, 8], [26, 1, 3, 10, 11, 6, 22, 29, 7, 24, 2, 23, 12, 15, 27, 18, 16, 25, 4, 30, 19, 28, 14, 5, 13, 20, 21, 17, 9, 8], [26, 1, 3, 10, 11, 6, 22, 8, 7, 24, 2, 23, 12, 15, 27, 18, 16, 25, 4, 30, 19, 28, 14, 5, 13, 20, 21, 17, 9, 29], [26, 1, 3, 24, 11, 6, 22, 8, 7, 10, 2, 23, 12, 15, 27, 18, 16, 25, 4, 30, 19, 28, 14, 5, 13, 20, 21, 17, 9, 29], [26, 1, 3, 24, 11, 6, 22, 8, 7, 10, 2, 23, 12, 14, 27, 18, 16, 25, 4, 30, 19, 28, 15, 5, 13, 20, 21, 17, 9, 29], [20, 1, 3, 24, 11, 6, 22, 8, 7, 10, 2, 23, 12, 14, 27, 18, 16, 25, 4, 30, 19, 28, 15, 5, 13, 26, 21, 17, 9, 29], [1, 20, 3, 24, 11, 6, 22, 8, 7, 10, 2, 23, 12, 14, 27, 18, 16, 25, 4, 30, 19, 28, 15, 5, 13, 26, 21, 17, 9, 29], [1, 20, 3, 24, 11, 6, 22, 8, 7, 10, 2, 23, 12, 14, 27, 18, 16, 25, 19, 30, 4, 28, 15, 5, 13, 26, 21, 17, 9, 29], [1, 20, 3, 24, 11, 6, 22, 8, 7, 10, 2, 12, 23, 14, 27, 18, 16, 25, 19, 30, 4, 28, 15, 5, 13, 26, 21, 17, 9, 29], [1, 20, 3, 24, 11, 6, 28, 8, 7, 10, 2, 12, 23, 14, 27, 18, 16, 25, 19, 30, 4, 22, 15, 5, 13, 26, 21, 17, 9, 29], [1, 20, 3, 24, 11, 6, 7, 8, 28, 10, 2, 12, 23, 14, 27, 18, 16, 25, 19, 30, 4, 22, 15, 5, 13, 26, 21, 17, 9, 29], [1, 20, 3, 24, 11, 6, 7, 8, 28, 10, 2, 12, 23, 14, 27, 18, 17, 25, 19, 30, 4, 22, 15, 5, 13, 26, 21, 16, 9, 29], [1, 20, 3, 24, 11, 6, 7, 8, 16, 10, 2, 12, 23, 14, 27, 18, 17, 25, 19, 30, 4, 22, 15, 5, 13, 26, 21, 28, 9, 29], [1, 30, 3, 24, 11, 6, 7, 8, 16, 10, 2, 12, 23, 14, 27, 18, 17, 25, 19, 20, 4, 22, 15, 5, 13, 26, 21, 28, 9, 29], [1, 2, 3, 24, 11, 6, 7, 8, 16, 10, 30, 12, 23, 14, 27, 18, 17, 25, 19, 20, 4, 22, 15, 5, 13, 26, 21, 28, 9, 29], [1, 2, 3, 24, 11, 6, 7, 8, 16, 10, 29, 12, 23, 14, 27, 18, 17, 25, 19, 20, 4, 22, 15, 5, 13, 26, 21, 28, 9, 30], [1, 2, 3, 24, 11, 6, 7, 8, 16, 10, 9, 12, 23, 14, 27, 18, 17, 25, 19, 20, 4, 22, 15, 5, 13, 26, 21, 28, 29, 30], [1, 2, 3, 24, 11, 6, 7, 8, 16, 10, 9, 12, 23, 14, 21, 18, 17, 25, 19, 20, 4, 22, 15, 5, 13, 26, 27, 28, 29, 30], [1, 2, 3, 24, 11, 6, 7, 8, 16, 10, 9, 12, 23, 14, 15, 18, 17, 25, 19, 20, 4, 22, 21, 5, 13, 26, 27, 28, 29, 30], [1, 2, 3, 24, 11, 6, 7, 8, 16, 10, 9, 12, 21, 14, 15, 18, 17, 25, 19, 20, 4, 22, 23, 5, 13, 26, 27, 28, 29, 30], [1, 2, 3, 24, 11, 6, 7, 8, 16, 10, 9, 12, 4, 14, 15, 18, 17, 25, 19, 20, 21, 22, 23, 5, 13, 26, 27, 28, 29, 30], [1, 2, 3, 24, 11, 6, 7, 8, 16, 10, 9, 12, 4, 14, 15, 18, 17, 13, 19, 20, 21, 22, 23, 5, 25, 26, 27, 28, 29, 30], [1, 2, 3, 24, 11, 6, 7, 8, 18, 10, 9, 12, 4, 14, 15, 16, 17, 13, 19, 20, 21, 22, 23, 5, 25, 26, 27, 28, 29, 30], [1, 2, 3, 24, 11, 6, 7, 8, 13, 10, 9, 12, 4, 14, 15, 16, 17, 18, 19, 20, 21, 22, 23, 5, 25, 26, 27, 28, 29, 30], [1, 2, 3, 24, 11, 6, 7, 8, 4, 10, 9, 12, 13, 14, 15, 16, 17, 18, 19, 20, 21, 22, 23, 5, 25, 26, 27, 28, 29, 30], [1, 2, 3, 4, 11, 6, 7, 8, 24, 10, 9, 12, 13, 14, 15, 16, 17, 18, 19, 20, 21, 22, 23, 5, 25, 26, 27, 28, 29, 30], [1, 2, 3, 4, 11, 6, 7, 8, 5, 10, 9, 12, 13, 14, 15, 16, 17, 18, 19, 20, 21, 22, 23, 24, 25, 26, 27, 28, 29, 30], [1, 2, 3, 4, 5, 6, 7, 8, 11, 10, 9, 12, 13, 14, 15, 16, 17, 18, 19, 20, 21, 22, 23, 24, 25, 26, 27, 28, 29, 30], [1, 2, 3, 4, 5, 6, 7, 8, 9, 10, 11, 12, 13, 14, 15, 16, 17, 18, 19, 20, 21, 22, 23, 24, 25, 26, 27, 28, 29, 30]], idx1=[6, 8, 10, 14, 20, 1, 4, 12, 22, 7, 16, 16, 20, 2, 29, 9, 21, 15, 21, 4, 13, 16, 13, 4, 4, 5, 5, 9], idx2=[23, 29, 24, 15, 26, 20, 19, 23, 28, 28, 17, 28, 30, 30, 30, 29, 27, 21, 23, 21, 25, 18, 18, 13, 24, 24, 11, 11], _checker='')