============================================================
BENCHMARK ID: 49 | DIMENSIONE: 25 | STRATEGIA: geometric
============================================================

Input Vector: [20, 2, 11, 21, 17, 15, 13, 12, 23, 16, 22, 6, 25, 19, 24, 10, 18, 8, 14, 9, 1, 7, 5, 4, 3]

STATO: RISOLTO
K: 20
TEMPO: 7.1460s
----------------------------------------
PIANO:
Solution(v=[[20, 2, 11, 21, 17, 15, 13, 12, 23, 16, 22, 6, 25, 19, 24, 10, 18, 8, 14, 9, 1, 7, 5, 4, 3], [20, 2, 3, 21, 17, 15, 13, 12, 23, 16, 22, 6, 25, 19, 24, 10, 18, 8, 14, 9, 1, 7, 5, 4, 11], [20, 2, 3, 1, 17, 15, 13, 12, 23, 16, 22, 6, 25, 19, 24, 10, 18, 8, 14, 9, 21, 7, 5, 4, 11], [20, 2, 3, 1, 5, 15, 13, 12, 23, 16, 22, 6, 25, 19, 24, 10, 18, 8, 14, 9, 21, 7, 17, 4, 11], [20, 2, 3, 1, 5, 15, 13, 12, 23, 16, 22, 6, 25, 14, 24, 10, 18, 8, 19, 9, 21, 7, 17, 4, 11], [20, 2, 3, 1, 5, 15, 13, 12, 23, 16, 22, 6, 25, 14, 24, 10, 17, 8, 19, 9, 21, 7, 18, 4, 11], [20, 2, 3, 1, 5, 15, 13, 12, 23, 16, 22, 6, 25, 14, 24, 10, 17, 18, 19, 9, 21, 7, 8, 4, 11], [20, 2, 3, 1, 5, 15, 13, 12, 8, 16, 22, 6, 25, 14, 24, 10, 17, 18, 19, 9, 21, 7, 23, 4, 11], [20, 2, 3, 1, 5, 15, 13, 12, 8, 16, 22, 6, 25, 14, 4, 10, 17, 18, 19, 9, 21, 7, 23, 24, 11], [20, 2, 3, 4, 5, 15, 13, 12, 8, 16, 22, 6, 25, 14, 1, 10, 17, 18, 19, 9, 21, 7, 23, 24, 11], [1, 2, 3, 4, 5, 15, 13, 12, 8, 16, 22, 6, 25, 14, 20, 10, 17, 18, 19, 9, 21, 7, 23, 24, 11], [1, 2, 3, 4, 5, 15, 25, 12, 8, 16, 22, 6, 13, 14, 20, 10, 17, 18, 19, 9, 21, 7, 23, 24, 11], [1, 2, 3, 4, 5, 15, 25, 12, 8, 10, 22, 6, 13, 14, 20, 16, 17, 18, 19, 9, 21, 7, 23, 24, 11], [1, 2, 3, 4, 5, 15, 25, 12, 8, 10, 7, 6, 13, 14, 20, 16, 17, 18, 19, 9, 21, 22, 23, 24, 11], [1, 2, 3, 4, 5, 15, 25, 12, 8, 10, 7, 6, 13, 14, 9, 16, 17, 18, 19, 20, 21, 22, 23, 24, 11], [1, 2, 3, 4, 5, 15, 25, 12, 9, 10, 7, 6, 13, 14, 8, 16, 17, 18, 19, 20, 21, 22, 23, 24, 11], [1, 2, 3, 4, 5, 15, 25, 8, 9, 10, 7, 6, 13, 14, 12, 16, 17, 18, 19, 20, 21, 22, 23, 24, 11], [1, 2, 3, 4, 5, 15, 25, 8, 9, 10, 7, 12, 13, 14, 6, 16, 17, 18, 19, 20, 21, 22, 23, 24, 11], [1, 2, 3, 4, 5, 6, 25, 8, 9, 10, 7, 12, 13, 14, 15, 16, 17, 18, 19, 20, 21, 22, 23, 24, 11], [1, 2, 3, 4, 5, 6, 7, 8, 9, 10, 25, 12, 13, 14, 15, 16, 17, 18, 19, 20, 21, 22, 23, 24, 11], [1, 2, 3, 4, 5, 6, 7, 8, 9, 10, 11, 12, 13, 14, 15, 16, 17, 18, 19, 20, 21, 22, 23, 24, 25]], pos=[[21, 2, 25, 24, 23, 12, 22, 18, 20, 16, 3, 8, 7, 19, 6, 10, 5, 17, 14, 1, 4, 11, 9, 15, 13], [21, 2, 3, 24, 23, 12, 22, 18, 20, 16, 25, 8, 7, 19, 6, 10, 5, 17, 14, 1, 4, 11, 9, 15, 13], [4, 2, 3, 24, 23, 12, 22, 18, 20, 16, 25, 8, 7, 19, 6, 10, 5, 17, 14, 1, 21, 11, 9, 15, 13], [4, 2, 3, 24, 5, 12, 22, 18, 20, 16, 25, 8, 7, 19, 6, 10, 23, 17, 14, 1, 21, 11, 9, 15, 13], [4, 2, 3, 24, 5, 12, 22, 18, 20, 16, 25, 8, 7, 14, 6, 10, 23, 17, 19, 1, 21, 11, 9, 15, 13], [4, 2, 3, 24, 5, 12, 22, 18, 20, 16, 25, 8, 7, 14, 6, 10, 17, 23, 19, 1, 21, 11, 9, 15, 13], [4, 2, 3, 24, 5, 12, 22, 23, 20, 16, 25, 8, 7, 14, 6, 10, 17, 18, 19, 1, 21, 11, 9, 15, 13], [4, 2, 3, 24, 5, 12, 22, 9, 20, 16, 25, 8, 7, 14, 6, 10, 17, 18, 19, 1, 21, 11, 23, 15, 13], [4, 2, 3, 15, 5, 12, 22, 9, 20, 16, 25, 8, 7, 14, 6, 10, 17, 18, 19, 1, 21, 11, 23, 24, 13], [15, 2, 3, 4, 5, 12, 22, 9, 20, 16, 25, 8, 7, 14, 6, 10, 17, 18, 19, 1, 21, 11, 23, 24, 13], [1, 2, 3, 4, 5, 12, 22, 9, 20, 16, 25, 8, 7, 14, 6, 10, 17, 18, 19, 15, 21, 11, 23, 24, 13], [1, 2, 3, 4, 5, 12, 22, 9, 20, 16, 25, 8, 13, 14, 6, 10, 17, 18, 19, 15, 21, 11, 23, 24, 7], [1, 2, 3, 4, 5, 12, 22, 9, 20, 10, 25, 8, 13, 14, 6, 16, 17, 18, 19, 15, 21, 11, 23, 24, 7], [1, 2, 3, 4, 5, 12, 11, 9, 20, 10, 25, 8, 13, 14, 6, 16, 17, 18, 19, 15, 21, 22, 23, 24, 7], [1, 2, 3, 4, 5, 12, 11, 9, 15, 10, 25, 8, 13, 14, 6, 16, 17, 18, 19, 20, 21, 22, 23, 24, 7], [1, 2, 3, 4, 5, 12, 11, 15, 9, 10, 25, 8, 13, 14, 6, 16, 17, 18, 19, 20, 21, 22, 23, 24, 7], [1, 2, 3, 4, 5, 12, 11, 8, 9, 10, 25, 15, 13, 14, 6, 16, 17, 18, 19, 20, 21, 22, 23, 24, 7], [1, 2, 3, 4, 5, 15, 11, 8, 9, 10, 25, 12, 13, 14, 6, 16, 17, 18, 19, 20, 21, 22, 23, 24, 7], [1, 2, 3, 4, 5, 6, 11, 8, 9, 10, 25, 12, 13, 14, 15, 16, 17, 18, 19, 20, 21, 22, 23, 24, 7], [1, 2, 3, 4, 5, 6, 7, 8, 9, 10, 25, 12, 13, 14, 15, 16, 17, 18, 19, 20, 21, 22, 23, 24, 11], [1, 2, 3, 4, 5, 6, 7, 8, 9, 10, 11, 12, 13, 14, 15, 16, 17, 18, 19, 20, 21, 22, 23, 24, 25]], idx1=[3, 4, 5, 14, 17, 18, 9, 15, 4, 1, 7, 10, 11, 15, 9, 8, 12, 6, 7, 11], idx2=[25, 21, 23, 19, 23, 23, 23, 24, 15, 15, 13, 16, 22, 20, 15, 15, 15, 15, 11, 25], _checker='')