============================================================
BENCHMARK ID: 54 | DIMENSIONE: 30 | STRATEGIA: geometric
============================================================

Input Vector: [17, 14, 9, 2, 24, 20, 4, 27, 16, 1, 10, 6, 13, 8, 28, 15, 19, 29, 18, 23, 5, 7, 30, 12, 22, 21, 3, 25, 26, 11]

STATO: RISOLTO
K: 27
TEMPO: 65.0330s
----------------------------------------
PIANO:
Solution(v=[[17, 14, 9, 2, 24, 20, 4, 27, 16, 1, 10, 6, 13, 8, 28, 15, 19, 29, 18, 23, 5, 7, 30, 12, 22, 21, 3, 25, 26, 11], [17, 14, 9, 2, 24, 20, 4, 27, 15, 1, 10, 6, 13, 8, 28, 16, 19, 29, 18, 23, 5, 7, 30, 12, 22, 21, 3, 25, 26, 11], [17, 14, 9, 2, 24, 20, 4, 27, 15, 10, 1, 6, 13, 8, 28, 16, 19, 29, 18, 23, 5, 7, 30, 12, 22, 21, 3, 25, 26, 11], [1, 14, 9, 2, 24, 20, 4, 27, 15, 10, 17, 6, 13, 8, 28, 16, 19, 29, 18, 23, 5, 7, 30, 12, 22, 21, 3, 25, 26, 11], [1, 14, 15, 2, 24, 20, 4, 27, 9, 10, 17, 6, 13, 8, 28, 16, 19, 29, 18, 23, 5, 7, 30, 12, 22, 21, 3, 25, 26, 11], [1, 14, 15, 2, 24, 23, 4, 27, 9, 10, 17, 6, 13, 8, 28, 16, 19, 29, 18, 20, 5, 7, 30, 12, 22, 21, 3, 25, 26, 11], [1, 14, 15, 2, 24, 23, 4, 27, 9, 10, 17, 12, 13, 8, 28, 16, 19, 29, 18, 20, 5, 7, 30, 6, 22, 21, 3, 25, 26, 11], [1, 14, 15, 2, 6, 23, 4, 27, 9, 10, 17, 12, 13, 8, 28, 16, 19, 29, 18, 20, 5, 7, 30, 24, 22, 21, 3, 25, 26, 11], [1, 14, 15, 2, 6, 23, 4, 8, 9, 10, 17, 12, 13, 27, 28, 16, 19, 29, 18, 20, 5, 7, 30, 24, 22, 21, 3, 25, 26, 11], [1, 27, 15, 2, 6, 23, 4, 8, 9, 10, 17, 12, 13, 14, 28, 16, 19, 29, 18, 20, 5, 7, 30, 24, 22, 21, 3, 25, 26, 11], [1, 27, 15, 2, 6, 23, 4, 8, 9, 10, 17, 12, 13, 14, 28, 16, 19, 29, 18, 20, 5, 7, 11, 24, 22, 21, 3, 25, 26, 30], [1, 27, 15, 2, 6, 23, 4, 8, 9, 10, 17, 12, 13, 14, 28, 16, 19, 29, 18, 20, 5, 7, 11, 24, 25, 21, 3, 22, 26, 30], [1, 27, 15, 2, 6, 23, 4, 8, 9, 10, 17, 12, 13, 14, 28, 16, 19, 29, 18, 20, 5, 7, 11, 24, 25, 26, 3, 22, 21, 30], [1, 27, 15, 2, 6, 23, 4, 8, 9, 10, 17, 12, 13, 14, 28, 16, 19, 29, 18, 20, 21, 7, 11, 24, 25, 26, 3, 22, 5, 30], [1, 27, 15, 2, 5, 23, 4, 8, 9, 10, 17, 12, 13, 14, 28, 16, 19, 29, 18, 20, 21, 7, 11, 24, 25, 26, 3, 22, 6, 30], [1, 27, 15, 2, 5, 23, 4, 8, 9, 10, 17, 12, 13, 14, 22, 16, 19, 29, 18, 20, 21, 7, 11, 24, 25, 26, 3, 28, 6, 30], [1, 27, 15, 2, 5, 23, 4, 8, 9, 10, 17, 12, 13, 14, 7, 16, 19, 29, 18, 20, 21, 22, 11, 24, 25, 26, 3, 28, 6, 30], [1, 27, 15, 2, 5, 23, 4, 8, 9, 10, 17, 12, 13, 14, 7, 16, 19, 18, 29, 20, 21, 22, 11, 24, 25, 26, 3, 28, 6, 30], [1, 27, 15, 2, 5, 23, 4, 8, 9, 10, 17, 12, 13, 14, 7, 16, 19, 18, 6, 20, 21, 22, 11, 24, 25, 26, 3, 28, 29, 30], [1, 27, 15, 2, 5, 23, 4, 8, 9, 10, 17, 12, 13, 14, 7, 16, 6, 18, 19, 20, 21, 22, 11, 24, 25, 26, 3, 28, 29, 30], [1, 27, 15, 2, 5, 23, 4, 8, 9, 10, 6, 12, 13, 14, 7, 16, 17, 18, 19, 20, 21, 22, 11, 24, 25, 26, 3, 28, 29, 30], [1, 27, 15, 2, 5, 23, 4, 8, 9, 10, 11, 12, 13, 14, 7, 16, 17, 18, 19, 20, 21, 22, 6, 24, 25, 26, 3, 28, 29, 30], [1, 27, 15, 2, 5, 6, 4, 8, 9, 10, 11, 12, 13, 14, 7, 16, 17, 18, 19, 20, 21, 22, 23, 24, 25, 26, 3, 28, 29, 30], [1, 27, 15, 2, 5, 6, 7, 8, 9, 10, 11, 12, 13, 14, 4, 16, 17, 18, 19, 20, 21, 22, 23, 24, 25, 26, 3, 28, 29, 30], [1, 27, 15, 4, 5, 6, 7, 8, 9, 10, 11, 12, 13, 14, 2, 16, 17, 18, 19, 20, 21, 22, 23, 24, 25, 26, 3, 28, 29, 30], [1, 27, 2, 4, 5, 6, 7, 8, 9, 10, 11, 12, 13, 14, 15, 16, 17, 18, 19, 20, 21, 22, 23, 24, 25, 26, 3, 28, 29, 30], [1, 2, 27, 4, 5, 6, 7, 8, 9, 10, 11, 12, 13, 14, 15, 16, 17, 18, 19, 20, 21, 22, 23, 24, 25, 26, 3, 28, 29, 30], [1, 2, 3, 4, 5, 6, 7, 8, 9, 10, 11, 12, 13, 14, 15, 16, 17, 18, 19, 20, 21, 22, 23, 24, 25, 26, 27, 28, 29, 30]], pos=[[10, 4, 27, 7, 21, 12, 22, 14, 3, 11, 30, 24, 13, 2, 16, 9, 1, 19, 17, 6, 26, 25, 20, 5, 28, 29, 8, 15, 18, 23], [10, 4, 27, 7, 21, 12, 22, 14, 3, 11, 30, 24, 13, 2, 9, 16, 1, 19, 17, 6, 26, 25, 20, 5, 28, 29, 8, 15, 18, 23], [11, 4, 27, 7, 21, 12, 22, 14, 3, 10, 30, 24, 13, 2, 9, 16, 1, 19, 17, 6, 26, 25, 20, 5, 28, 29, 8, 15, 18, 23], [1, 4, 27, 7, 21, 12, 22, 14, 3, 10, 30, 24, 13, 2, 9, 16, 11, 19, 17, 6, 26, 25, 20, 5, 28, 29, 8, 15, 18, 23], [1, 4, 27, 7, 21, 12, 22, 14, 9, 10, 30, 24, 13, 2, 3, 16, 11, 19, 17, 6, 26, 25, 20, 5, 28, 29, 8, 15, 18, 23], [1, 4, 27, 7, 21, 12, 22, 14, 9, 10, 30, 24, 13, 2, 3, 16, 11, 19, 17, 20, 26, 25, 6, 5, 28, 29, 8, 15, 18, 23], [1, 4, 27, 7, 21, 24, 22, 14, 9, 10, 30, 12, 13, 2, 3, 16, 11, 19, 17, 20, 26, 25, 6, 5, 28, 29, 8, 15, 18, 23], [1, 4, 27, 7, 21, 5, 22, 14, 9, 10, 30, 12, 13, 2, 3, 16, 11, 19, 17, 20, 26, 25, 6, 24, 28, 29, 8, 15, 18, 23], [1, 4, 27, 7, 21, 5, 22, 8, 9, 10, 30, 12, 13, 2, 3, 16, 11, 19, 17, 20, 26, 25, 6, 24, 28, 29, 14, 15, 18, 23], [1, 4, 27, 7, 21, 5, 22, 8, 9, 10, 30, 12, 13, 14, 3, 16, 11, 19, 17, 20, 26, 25, 6, 24, 28, 29, 2, 15, 18, 23], [1, 4, 27, 7, 21, 5, 22, 8, 9, 10, 23, 12, 13, 14, 3, 16, 11, 19, 17, 20, 26, 25, 6, 24, 28, 29, 2, 15, 18, 30], [1, 4, 27, 7, 21, 5, 22, 8, 9, 10, 23, 12, 13, 14, 3, 16, 11, 19, 17, 20, 26, 28, 6, 24, 25, 29, 2, 15, 18, 30], [1, 4, 27, 7, 21, 5, 22, 8, 9, 10, 23, 12, 13, 14, 3, 16, 11, 19, 17, 20, 29, 28, 6, 24, 25, 26, 2, 15, 18, 30], [1, 4, 27, 7, 29, 5, 22, 8, 9, 10, 23, 12, 13, 14, 3, 16, 11, 19, 17, 20, 21, 28, 6, 24, 25, 26, 2, 15, 18, 30], [1, 4, 27, 7, 5, 29, 22, 8, 9, 10, 23, 12, 13, 14, 3, 16, 11, 19, 17, 20, 21, 28, 6, 24, 25, 26, 2, 15, 18, 30], [1, 4, 27, 7, 5, 29, 22, 8, 9, 10, 23, 12, 13, 14, 3, 16, 11, 19, 17, 20, 21, 15, 6, 24, 25, 26, 2, 28, 18, 30], [1, 4, 27, 7, 5, 29, 15, 8, 9, 10, 23, 12, 13, 14, 3, 16, 11, 19, 17, 20, 21, 22, 6, 24, 25, 26, 2, 28, 18, 30], [1, 4, 27, 7, 5, 29, 15, 8, 9, 10, 23, 12, 13, 14, 3, 16, 11, 18, 17, 20, 21, 22, 6, 24, 25, 26, 2, 28, 19, 30], [1, 4, 27, 7, 5, 19, 15, 8, 9, 10, 23, 12, 13, 14, 3, 16, 11, 18, 17, 20, 21, 22, 6, 24, 25, 26, 2, 28, 29, 30], [1, 4, 27, 7, 5, 17, 15, 8, 9, 10, 23, 12, 13, 14, 3, 16, 11, 18, 19, 20, 21, 22, 6, 24, 25, 26, 2, 28, 29, 30], [1, 4, 27, 7, 5, 11, 15, 8, 9, 10, 23, 12, 13, 14, 3, 16, 17, 18, 19, 20, 21, 22, 6, 24, 25, 26, 2, 28, 29, 30], [1, 4, 27, 7, 5, 23, 15, 8, 9, 10, 11, 12, 13, 14, 3, 16, 17, 18, 19, 20, 21, 22, 6, 24, 25, 26, 2, 28, 29, 30], [1, 4, 27, 7, 5, 6, 15, 8, 9, 10, 11, 12, 13, 14, 3, 16, 17, 18, 19, 20, 21, 22, 23, 24, 25, 26, 2, 28, 29, 30], [1, 4, 27, 15, 5, 6, 7, 8, 9, 10, 11, 12, 13, 14, 3, 16, 17, 18, 19, 20, 21, 22, 23, 24, 25, 26, 2, 28, 29, 30], [1, 15, 27, 4, 5, 6, 7, 8, 9, 10, 11, 12, 13, 14, 3, 16, 17, 18, 19, 20, 21, 22, 23, 24, 25, 26, 2, 28, 29, 30], [1, 3, 27, 4, 5, 6, 7, 8, 9, 10, 11, 12, 13, 14, 15, 16, 17, 18, 19, 20, 21, 22, 23, 24, 25, 26, 2, 28, 29, 30], [1, 2, 27, 4, 5, 6, 7, 8, 9, 10, 11, 12, 13, 14, 15, 16, 17, 18, 19, 20, 21, 22, 23, 24, 25, 26, 3, 28, 29, 30], [1, 2, 3, 4, 5, 6, 7, 8, 9, 10, 11, 12, 13, 14, 15, 16, 17, 18, 19, 20, 21, 22, 23, 24, 25, 26, 27, 28, 29, 30]], idx1=[9, 10, 1, 3, 6, 12, 5, 8, 2, 23, 25, 26, 21, 5, 15, 15, 18, 19, 17, 11, 11, 6, 7, 4, 3, 2, 3], idx2=[16, 11, 11, 9, 20, 24, 24, 14, 14, 30, 28, 29, 29, 29, 28, 22, 19, 29, 19, 17, 23, 23, 15, 15, 15, 3, 27], _checker='')