============================================================
BENCHMARK ID: 14 | DIMENSIONE: 10 | STRATEGIA: geometric
============================================================

Input Vector: [6, 3, 8, 9, 5, 7, 1, 2, 10, 4]

STATO: RISOLTO
K: 6
TEMPO: 0.2810s
----------------------------------------
PIANO:
Solution(v=[[6, 3, 8, 9, 5, 7, 1, 2, 10, 4], [6, 3, 8, 4, 5, 7, 1, 2, 10, 9], [6, 3, 8, 4, 5, 1, 7, 2, 10, 9], [1, 3, 8, 4, 5, 6, 7, 2, 10, 9], [1, 2, 8, 4, 5, 6, 7, 3, 10, 9], [1, 2, 3, 4, 5, 6, 7, 8, 10, 9], [1, 2, 3, 4, 5, 6, 7, 8, 9, 10]], pos=[[7, 8, 2, 10, 5, 1, 6, 3, 4, 9], [7, 8, 2, 4, 5, 1, 6, 3, 10, 9], [6, 8, 2, 4, 5, 1, 7, 3, 10, 9], [1, 8, 2, 4, 5, 6, 7, 3, 10, 9], [1, 2, 8, 4, 5, 6, 7, 3, 10, 9], [1, 2, 3, 4, 5, 6, 7, 8, 10, 9], [1, 2, 3, 4, 5, 6, 7, 8, 9, 10]], idx1=[4, 6, 1, 2, 3, 9], idx2=[10, 7, 6, 8, 8, 10], _checker='')