============================================================
BENCHMARK ID: 34 | DIMENSIONE: 20 | STRATEGIA: geometric
============================================================

Input Vector: [20, 18, 5, 11, 1, 14, 16, 2, 8, 7, 13, 6, 10, 19, 12, 9, 4, 17, 15, 3]

STATO: RISOLTO
K: 17
TEMPO: 1.0210s
----------------------------------------
PIANO:
Solution(v=[[20, 18, 5, 11, 1, 14, 16, 2, 8, 7, 13, 6, 10, 19, 12, 9, 4, 17, 15, 3], [20, 18, 5, 11, 1, 14, 16, 2, 8, 10, 13, 6, 7, 19, 12, 9, 4, 17, 15, 3], [20, 18, 5, 11, 1, 14, 7, 2, 8, 10, 13, 6, 16, 19, 12, 9, 4, 17, 15, 3], [20, 18, 5, 11, 1, 14, 7, 2, 8, 10, 13, 6, 16, 19, 12, 9, 17, 4, 15, 3], [20, 4, 5, 11, 1, 14, 7, 2, 8, 10, 13, 6, 16, 19, 12, 9, 17, 18, 15, 3], [20, 4, 1, 11, 5, 14, 7, 2, 8, 10, 13, 6, 16, 19, 12, 9, 17, 18, 15, 3], [1, 4, 20, 11, 5, 14, 7, 2, 8, 10, 13, 6, 16, 19, 12, 9, 17, 18, 15, 3], [1, 4, 20, 11, 5, 14, 7, 2, 8, 10, 13, 6, 16, 19, 15, 9, 17, 18, 12, 3], [1, 4, 20, 11, 5, 14, 7, 2, 8, 10, 13, 6, 16, 12, 15, 9, 17, 18, 19, 3], [1, 4, 20, 11, 5, 14, 7, 2, 8, 10, 13, 12, 16, 6, 15, 9, 17, 18, 19, 3], [1, 4, 20, 11, 5, 14, 7, 2, 8, 10, 13, 12, 9, 6, 15, 16, 17, 18, 19, 3], [1, 4, 20, 11, 5, 14, 7, 2, 8, 10, 9, 12, 13, 6, 15, 16, 17, 18, 19, 3], [1, 4, 20, 11, 5, 14, 7, 2, 9, 10, 8, 12, 13, 6, 15, 16, 17, 18, 19, 3], [1, 4, 20, 11, 5, 14, 7, 8, 9, 10, 2, 12, 13, 6, 15, 16, 17, 18, 19, 3], [1, 2, 20, 11, 5, 14, 7, 8, 9, 10, 4, 12, 13, 6, 15, 16, 17, 18, 19, 3], [1, 2, 3, 11, 5, 14, 7, 8, 9, 10, 4, 12, 13, 6, 15, 16, 17, 18, 19, 20], [1, 2, 3, 4, 5, 14, 7, 8, 9, 10, 11, 12, 13, 6, 15, 16, 17, 18, 19, 20], [1, 2, 3, 4, 5, 6, 7, 8, 9, 10, 11, 12, 13, 14, 15, 16, 17, 18, 19, 20]], pos=[[5, 8, 20, 17, 3, 12, 10, 9, 16, 13, 4, 15, 11, 6, 19, 7, 18, 2, 14, 1], [5, 8, 20, 17, 3, 12, 13, 9, 16, 10, 4, 15, 11, 6, 19, 7, 18, 2, 14, 1], [5, 8, 20, 17, 3, 12, 7, 9, 16, 10, 4, 15, 11, 6, 19, 13, 18, 2, 14, 1], [5, 8, 20, 18, 3, 12, 7, 9, 16, 10, 4, 15, 11, 6, 19, 13, 17, 2, 14, 1], [5, 8, 20, 2, 3, 12, 7, 9, 16, 10, 4, 15, 11, 6, 19, 13, 17, 18, 14, 1], [3, 8, 20, 2, 5, 12, 7, 9, 16, 10, 4, 15, 11, 6, 19, 13, 17, 18, 14, 1], [1, 8, 20, 2, 5, 12, 7, 9, 16, 10, 4, 15, 11, 6, 19, 13, 17, 18, 14, 3], [1, 8, 20, 2, 5, 12, 7, 9, 16, 10, 4, 19, 11, 6, 15, 13, 17, 18, 14, 3], [1, 8, 20, 2, 5, 12, 7, 9, 16, 10, 4, 14, 11, 6, 15, 13, 17, 18, 19, 3], [1, 8, 20, 2, 5, 14, 7, 9, 16, 10, 4, 12, 11, 6, 15, 13, 17, 18, 19, 3], [1, 8, 20, 2, 5, 14, 7, 9, 13, 10, 4, 12, 11, 6, 15, 16, 17, 18, 19, 3], [1, 8, 20, 2, 5, 14, 7, 9, 11, 10, 4, 12, 13, 6, 15, 16, 17, 18, 19, 3], [1, 8, 20, 2, 5, 14, 7, 11, 9, 10, 4, 12, 13, 6, 15, 16, 17, 18, 19, 3], [1, 11, 20, 2, 5, 14, 7, 8, 9, 10, 4, 12, 13, 6, 15, 16, 17, 18, 19, 3], [1, 2, 20, 11, 5, 14, 7, 8, 9, 10, 4, 12, 13, 6, 15, 16, 17, 18, 19, 3], [1, 2, 3, 11, 5, 14, 7, 8, 9, 10, 4, 12, 13, 6, 15, 16, 17, 18, 19, 20], [1, 2, 3, 4, 5, 14, 7, 8, 9, 10, 11, 12, 13, 6, 15, 16, 17, 18, 19, 20], [1, 2, 3, 4, 5, 6, 7, 8, 9, 10, 11, 12, 13, 14, 15, 16, 17, 18, 19, 20]], idx1=[10, 7, 17, 2, 3, 1, 15, 14, 12, 13, 11, 9, 8, 2, 3, 4, 6], idx2=[13, 13, 18, 18, 5, 3, 19, 19, 14, 16, 13, 11, 11, 11, 20, 11, 14], _checker='')