============================================================
BENCHMARK ID: 50 | DIMENSIONE: 25 | STRATEGIA: geometric
============================================================

Input Vector: [14, 20, 15, 8, 10, 2, 16, 24, 19, 18, 21, 17, 9, 11, 3, 5, 23, 1, 6, 7, 22, 4, 25, 13, 12]

STATO: RISOLTO
K: 22
TEMPO: 6.3360s
----------------------------------------
PIANO:
Solution(v=[[14, 20, 15, 8, 10, 2, 16, 24, 19, 18, 21, 17, 9, 11, 3, 5, 23, 1, 6, 7, 22, 4, 25, 13, 12], [1, 20, 15, 8, 10, 2, 16, 24, 19, 18, 21, 17, 9, 11, 3, 5, 23, 14, 6, 7, 22, 4, 25, 13, 12], [1, 20, 15, 8, 10, 2, 16, 24, 9, 18, 21, 17, 19, 11, 3, 5, 23, 14, 6, 7, 22, 4, 25, 13, 12], [1, 20, 15, 8, 10, 2, 16, 24, 9, 18, 21, 17, 13, 11, 3, 5, 23, 14, 6, 7, 22, 4, 25, 19, 12], [1, 20, 15, 8, 10, 2, 16, 24, 9, 18, 21, 17, 13, 11, 3, 5, 23, 14, 19, 7, 22, 4, 25, 6, 12], [1, 20, 15, 8, 10, 2, 16, 24, 9, 18, 21, 17, 13, 11, 3, 5, 23, 14, 19, 7, 22, 4, 12, 6, 25], [1, 20, 15, 8, 10, 2, 16, 24, 9, 18, 21, 17, 13, 11, 3, 5, 12, 14, 19, 7, 22, 4, 23, 6, 25], [1, 20, 15, 8, 10, 2, 16, 24, 9, 18, 21, 12, 13, 11, 3, 5, 17, 14, 19, 7, 22, 4, 23, 6, 25], [1, 20, 15, 8, 10, 2, 16, 24, 9, 18, 21, 12, 13, 11, 3, 5, 17, 14, 19, 7, 4, 22, 23, 6, 25], [1, 20, 15, 4, 10, 2, 16, 24, 9, 18, 21, 12, 13, 11, 3, 5, 17, 14, 19, 7, 8, 22, 23, 6, 25], [1, 20, 15, 4, 10, 2, 7, 24, 9, 18, 21, 12, 13, 11, 3, 5, 17, 14, 19, 16, 8, 22, 23, 6, 25], [1, 20, 15, 4, 10, 2, 7, 24, 9, 18, 21, 12, 13, 11, 3, 16, 17, 14, 19, 5, 8, 22, 23, 6, 25], [1, 20, 15, 4, 5, 2, 7, 24, 9, 18, 21, 12, 13, 11, 3, 16, 17, 14, 19, 10, 8, 22, 23, 6, 25], [1, 20, 15, 4, 5, 6, 7, 24, 9, 18, 21, 12, 13, 11, 3, 16, 17, 14, 19, 10, 8, 22, 23, 2, 25], [1, 20, 15, 4, 5, 6, 7, 24, 9, 18, 11, 12, 13, 21, 3, 16, 17, 14, 19, 10, 8, 22, 23, 2, 25], [1, 20, 15, 4, 5, 6, 7, 24, 9, 18, 11, 12, 13, 8, 3, 16, 17, 14, 19, 10, 21, 22, 23, 2, 25], [1, 20, 15, 4, 5, 6, 7, 8, 9, 18, 11, 12, 13, 24, 3, 16, 17, 14, 19, 10, 21, 22, 23, 2, 25], [1, 20, 15, 4, 5, 6, 7, 8, 9, 10, 11, 12, 13, 24, 3, 16, 17, 14, 19, 18, 21, 22, 23, 2, 25], [1, 20, 15, 4, 5, 6, 7, 8, 9, 10, 11, 12, 13, 2, 3, 16, 17, 14, 19, 18, 21, 22, 23, 24, 25], [1, 20, 15, 4, 5, 6, 7, 8, 9, 10, 11, 12, 13, 14, 3, 16, 17, 2, 19, 18, 21, 22, 23, 24, 25], [1, 2, 15, 4, 5, 6, 7, 8, 9, 10, 11, 12, 13, 14, 3, 16, 17, 20, 19, 18, 21, 22, 23, 24, 25], [1, 2, 3, 4, 5, 6, 7, 8, 9, 10, 11, 12, 13, 14, 15, 16, 17, 20, 19, 18, 21, 22, 23, 24, 25], [1, 2, 3, 4, 5, 6, 7, 8, 9, 10, 11, 12, 13, 14, 15, 16, 17, 18, 19, 20, 21, 22, 23, 24, 25]], pos=[[18, 6, 15, 22, 16, 19, 20, 4, 13, 5, 14, 25, 24, 1, 3, 7, 12, 10, 9, 2, 11, 21, 17, 8, 23], [1, 6, 15, 22, 16, 19, 20, 4, 13, 5, 14, 25, 24, 18, 3, 7, 12, 10, 9, 2, 11, 21, 17, 8, 23], [1, 6, 15, 22, 16, 19, 20, 4, 9, 5, 14, 25, 24, 18, 3, 7, 12, 10, 13, 2, 11, 21, 17, 8, 23], [1, 6, 15, 22, 16, 19, 20, 4, 9, 5, 14, 25, 13, 18, 3, 7, 12, 10, 24, 2, 11, 21, 17, 8, 23], [1, 6, 15, 22, 16, 24, 20, 4, 9, 5, 14, 25, 13, 18, 3, 7, 12, 10, 19, 2, 11, 21, 17, 8, 23], [1, 6, 15, 22, 16, 24, 20, 4, 9, 5, 14, 23, 13, 18, 3, 7, 12, 10, 19, 2, 11, 21, 17, 8, 25], [1, 6, 15, 22, 16, 24, 20, 4, 9, 5, 14, 17, 13, 18, 3, 7, 12, 10, 19, 2, 11, 21, 23, 8, 25], [1, 6, 15, 22, 16, 24, 20, 4, 9, 5, 14, 12, 13, 18, 3, 7, 17, 10, 19, 2, 11, 21, 23, 8, 25], [1, 6, 15, 21, 16, 24, 20, 4, 9, 5, 14, 12, 13, 18, 3, 7, 17, 10, 19, 2, 11, 22, 23, 8, 25], [1, 6, 15, 4, 16, 24, 20, 21, 9, 5, 14, 12, 13, 18, 3, 7, 17, 10, 19, 2, 11, 22, 23, 8, 25], [1, 6, 15, 4, 16, 24, 7, 21, 9, 5, 14, 12, 13, 18, 3, 20, 17, 10, 19, 2, 11, 22, 23, 8, 25], [1, 6, 15, 4, 20, 24, 7, 21, 9, 5, 14, 12, 13, 18, 3, 16, 17, 10, 19, 2, 11, 22, 23, 8, 25], [1, 6, 15, 4, 5, 24, 7, 21, 9, 20, 14, 12, 13, 18, 3, 16, 17, 10, 19, 2, 11, 22, 23, 8, 25], [1, 24, 15, 4, 5, 6, 7, 21, 9, 20, 14, 12, 13, 18, 3, 16, 17, 10, 19, 2, 11, 22, 23, 8, 25], [1, 24, 15, 4, 5, 6, 7, 21, 9, 20, 11, 12, 13, 18, 3, 16, 17, 10, 19, 2, 14, 22, 23, 8, 25], [1, 24, 15, 4, 5, 6, 7, 14, 9, 20, 11, 12, 13, 18, 3, 16, 17, 10, 19, 2, 21, 22, 23, 8, 25], [1, 24, 15, 4, 5, 6, 7, 8, 9, 20, 11, 12, 13, 18, 3, 16, 17, 10, 19, 2, 21, 22, 23, 14, 25], [1, 24, 15, 4, 5, 6, 7, 8, 9, 10, 11, 12, 13, 18, 3, 16, 17, 20, 19, 2, 21, 22, 23, 14, 25], [1, 14, 15, 4, 5, 6, 7, 8, 9, 10, 11, 12, 13, 18, 3, 16, 17, 20, 19, 2, 21, 22, 23, 24, 25], [1, 18, 15, 4, 5, 6, 7, 8, 9, 10, 11, 12, 13, 14, 3, 16, 17, 20, 19, 2, 21, 22, 23, 24, 25], [1, 2, 15, 4, 5, 6, 7, 8, 9, 10, 11, 12, 13, 14, 3, 16, 17, 20, 19, 18, 21, 22, 23, 24, 25], [1, 2, 3, 4, 5, 6, 7, 8, 9, 10, 11, 12, 13, 14, 15, 16, 17, 20, 19, 18, 21, 22, 23, 24, 25], [1, 2, 3, 4, 5, 6, 7, 8, 9, 10, 11, 12, 13, 14, 15, 16, 17, 18, 19, 20, 21, 22, 23, 24, 25]], idx1=[1, 9, 13, 19, 23, 17, 12, 21, 4, 7, 16, 5, 6, 11, 14, 8, 10, 14, 14, 2, 3, 18], idx2=[18, 13, 24, 24, 25, 23, 17, 22, 21, 20, 20, 20, 24, 14, 21, 14, 20, 24, 18, 18, 15, 20], _checker='')