============================================================
BENCHMARK ID: 19 | DIMENSIONE: 10 | STRATEGIA: geometric
============================================================

Input Vector: [10, 3, 4, 7, 2, 5, 6, 1, 8, 9]

STATO: RISOLTO
K: 8
TEMPO: 0.2870s
----------------------------------------
PIANO:
Solution(v=[[10, 3, 4, 7, 2, 5, 6, 1, 8, 9], [10, 2, 4, 7, 3, 5, 6, 1, 8, 9], [10, 2, 4, 6, 3, 5, 7, 1, 8, 9], [10, 2, 4, 6, 5, 3, 7, 1, 8, 9], [10, 2, 3, 6, 5, 4, 7, 1, 8, 9], [10, 2, 3, 4, 5, 6, 7, 1, 8, 9], [10, 2, 3, 4, 5, 6, 7, 1, 9, 8], [8, 2, 3, 4, 5, 6, 7, 1, 9, 10], [1, 2, 3, 4, 5, 6, 7, 8, 9, 10]], pos=[[8, 5, 2, 3, 6, 7, 4, 9, 10, 1], [8, 2, 5, 3, 6, 7, 4, 9, 10, 1], [8, 2, 5, 3, 6, 4, 7, 9, 10, 1], [8, 2, 6, 3, 5, 4, 7, 9, 10, 1], [8, 2, 3, 6, 5, 4, 7, 9, 10, 1], [8, 2, 3, 4, 5, 6, 7, 9, 10, 1], [8, 2, 3, 4, 5, 6, 7, 10, 9, 1], [8, 2, 3, 4, 5, 6, 7, 1, 9, 10], [1, 2, 3, 4, 5, 6, 7, 8, 9, 10]], idx1=[2, 4, 5, 3, 4, 9, 1, 1], idx2=[5, 7, 6, 6, 6, 10, 10, 8], _checker='')