============================================================
BENCHMARK ID: 25 | DIMENSIONE: 15 | STRATEGIA: geometric
============================================================

Input Vector: [10, 4, 15, 7, 6, 13, 9, 5, 14, 3, 1, 11, 12, 8, 2]

STATO: RISOLTO
K: 14
TEMPO: 0.8530s
----------------------------------------
PIANO:
Solution(v=[[10, 4, 15, 7, 6, 13, 9, 5, 14, 3, 1, 11, 12, 8, 2], [10, 4, 15, 7, 6, 12, 9, 5, 14, 3, 1, 11, 13, 8, 2], [10, 4, 15, 7, 6, 12, 14, 5, 9, 3, 1, 11, 13, 8, 2], [10, 4, 15, 7, 6, 12, 8, 5, 9, 3, 1, 11, 13, 14, 2], [10, 4, 15, 7, 6, 12, 8, 5, 9, 3, 11, 1, 13, 14, 2], [1, 4, 15, 7, 6, 12, 8, 5, 9, 3, 11, 10, 13, 14, 2], [1, 2, 15, 7, 6, 12, 8, 5, 9, 3, 11, 10, 13, 14, 4], [1, 2, 15, 8, 6, 12, 7, 5, 9, 3, 11, 10, 13, 14, 4], [1, 2, 15, 8, 12, 6, 7, 5, 9, 3, 11, 10, 13, 14, 4], [1, 2, 15, 8, 10, 6, 7, 5, 9, 3, 11, 12, 13, 14, 4], [1, 2, 15, 8, 3, 6, 7, 5, 9, 10, 11, 12, 13, 14, 4], [1, 2, 15, 8, 5, 6, 7, 3, 9, 10, 11, 12, 13, 14, 4], [1, 2, 15, 3, 5, 6, 7, 8, 9, 10, 11, 12, 13, 14, 4], [1, 2, 3, 15, 5, 6, 7, 8, 9, 10, 11, 12, 13, 14, 4], [1, 2, 3, 4, 5, 6, 7, 8, 9, 10, 11, 12, 13, 14, 15]], pos=[[11, 15, 10, 2, 8, 5, 4, 14, 7, 1, 12, 13, 6, 9, 3], [11, 15, 10, 2, 8, 5, 4, 14, 7, 1, 12, 6, 13, 9, 3], [11, 15, 10, 2, 8, 5, 4, 14, 9, 1, 12, 6, 13, 7, 3], [11, 15, 10, 2, 8, 5, 4, 7, 9, 1, 12, 6, 13, 14, 3], [12, 15, 10, 2, 8, 5, 4, 7, 9, 1, 11, 6, 13, 14, 3], [1, 15, 10, 2, 8, 5, 4, 7, 9, 12, 11, 6, 13, 14, 3], [1, 2, 10, 15, 8, 5, 4, 7, 9, 12, 11, 6, 13, 14, 3], [1, 2, 10, 15, 8, 5, 7, 4, 9, 12, 11, 6, 13, 14, 3], [1, 2, 10, 15, 8, 6, 7, 4, 9, 12, 11, 5, 13, 14, 3], [1, 2, 10, 15, 8, 6, 7, 4, 9, 5, 11, 12, 13, 14, 3], [1, 2, 5, 15, 8, 6, 7, 4, 9, 10, 11, 12, 13, 14, 3], [1, 2, 8, 15, 5, 6, 7, 4, 9, 10, 11, 12, 13, 14, 3], [1, 2, 4, 15, 5, 6, 7, 8, 9, 10, 11, 12, 13, 14, 3], [1, 2, 3, 15, 5, 6, 7, 8, 9, 10, 11, 12, 13, 14, 4], [1, 2, 3, 4, 5, 6, 7, 8, 9, 10, 11, 12, 13, 14, 15]], idx1=[6, 7, 7, 11, 1, 2, 4, 5, 5, 5, 5, 4, 3, 4], idx2=[13, 9, 14, 12, 12, 15, 7, 6, 12, 10, 8, 8, 4, 15], _checker='')