============================================================
BENCHMARK ID: 3 | DIMENSIONE: 5 | STRATEGIA: geometric
============================================================

Input Vector: [2, 4, 1, 5, 3]

STATO: RISOLTO
K: 4
TEMPO: 0.4440s
----------------------------------------
PIANO:
Solution(v=[[2, 4, 1, 5, 3], [1, 4, 2, 5, 3], [1, 4, 3, 5, 2], [1, 2, 3, 5, 4], [1, 2, 3, 4, 5]], pos=[[3, 1, 5, 2, 4], [1, 3, 5, 2, 4], [1, 5, 3, 2, 4], [1, 2, 3, 5, 4], [1, 2, 3, 4, 5]], idx1=[1, 3, 2, 4], idx2=[3, 5, 5, 5], _checker='')