============================================================
BENCHMARK ID: 57 | DIMENSIONE: 30 | STRATEGIA: geometric
============================================================

Input Vector: [25, 1, 4, 26, 12, 22, 27, 8, 29, 13, 17, 10, 6, 11, 2, 21, 30, 5, 15, 18, 9, 7, 20, 23, 28, 24, 14, 19, 16, 3]

STATO: RISOLTO
K: 26
TEMPO: 129.1250s
----------------------------------------
PIANO:
Solution(v=[[25, 1, 4, 26, 12, 22, 27, 8, 29, 13, 17, 10, 6, 11, 2, 21, 30, 5, 15, 18, 9, 7, 20, 23, 28, 24, 14, 19, 16, 3], [25, 1, 26, 4, 12, 22, 27, 8, 29, 13, 17, 10, 6, 11, 2, 21, 30, 5, 15, 18, 9, 7, 20, 23, 28, 24, 14, 19, 16, 3], [25, 1, 26, 4, 12, 22, 27, 8, 29, 13, 17, 10, 6, 14, 2, 21, 30, 5, 15, 18, 9, 7, 20, 23, 28, 24, 11, 19, 16, 3], [25, 1, 26, 4, 12, 22, 27, 8, 29, 13, 17, 10, 6, 14, 2, 21, 30, 5, 15, 18, 9, 7, 23, 20, 28, 24, 11, 19, 16, 3], [25, 1, 26, 4, 12, 22, 27, 8, 29, 13, 17, 10, 6, 14, 2, 21, 30, 5, 15, 20, 9, 7, 23, 18, 28, 24, 11, 19, 16, 3], [25, 1, 26, 4, 12, 22, 27, 8, 29, 13, 17, 10, 6, 14, 2, 21, 30, 5, 15, 20, 9, 7, 23, 24, 28, 18, 11, 19, 16, 3], [25, 1, 26, 4, 12, 22, 27, 8, 29, 13, 17, 10, 6, 14, 2, 21, 30, 18, 15, 20, 9, 7, 23, 24, 28, 5, 11, 19, 16, 3], [25, 1, 26, 4, 5, 22, 27, 8, 29, 13, 17, 10, 6, 14, 2, 21, 30, 18, 15, 20, 9, 7, 23, 24, 28, 12, 11, 19, 16, 3], [25, 1, 26, 4, 5, 22, 27, 8, 29, 13, 17, 10, 6, 14, 2, 9, 30, 18, 15, 20, 21, 7, 23, 24, 28, 12, 11, 19, 16, 3], [25, 1, 26, 4, 5, 22, 27, 8, 29, 13, 17, 10, 6, 14, 2, 9, 30, 18, 15, 20, 21, 7, 23, 24, 19, 12, 11, 28, 16, 3], [19, 1, 26, 4, 5, 22, 27, 8, 29, 13, 17, 10, 6, 14, 2, 9, 30, 18, 15, 20, 21, 7, 23, 24, 25, 12, 11, 28, 16, 3], [19, 1, 12, 4, 5, 22, 27, 8, 29, 13, 17, 10, 6, 14, 2, 9, 30, 18, 15, 20, 21, 7, 23, 24, 25, 26, 11, 28, 16, 3], [19, 1, 12, 4, 5, 6, 27, 8, 29, 13, 17, 10, 22, 14, 2, 9, 30, 18, 15, 20, 21, 7, 23, 24, 25, 26, 11, 28, 16, 3], [19, 1, 12, 4, 5, 6, 27, 8, 9, 13, 17, 10, 22, 14, 2, 29, 30, 18, 15, 20, 21, 7, 23, 24, 25, 26, 11, 28, 16, 3], [19, 1, 12, 4, 5, 6, 27, 8, 9, 13, 17, 10, 7, 14, 2, 29, 30, 18, 15, 20, 21, 22, 23, 24, 25, 26, 11, 28, 16, 3], [19, 1, 12, 4, 5, 6, 27, 8, 9, 13, 17, 10, 7, 14, 2, 16, 30, 18, 15, 20, 21, 22, 23, 24, 25, 26, 11, 28, 29, 3], [19, 1, 12, 4, 5, 6, 27, 8, 9, 13, 17, 10, 7, 14, 2, 16, 3, 18, 15, 20, 21, 22, 23, 24, 25, 26, 11, 28, 29, 30], [19, 1, 3, 4, 5, 6, 27, 8, 9, 13, 17, 10, 7, 14, 2, 16, 12, 18, 15, 20, 21, 22, 23, 24, 25, 26, 11, 28, 29, 30], [19, 1, 3, 4, 5, 6, 27, 8, 9, 7, 17, 10, 13, 14, 2, 16, 12, 18, 15, 20, 21, 22, 23, 24, 25, 26, 11, 28, 29, 30], [19, 1, 3, 4, 5, 6, 27, 8, 9, 10, 17, 7, 13, 14, 2, 16, 12, 18, 15, 20, 21, 22, 23, 24, 25, 26, 11, 28, 29, 30], [19, 1, 3, 4, 5, 6, 27, 8, 9, 10, 12, 7, 13, 14, 2, 16, 17, 18, 15, 20, 21, 22, 23, 24, 25, 26, 11, 28, 29, 30], [19, 1, 3, 4, 5, 6, 27, 8, 9, 10, 12, 7, 13, 14, 15, 16, 17, 18, 2, 20, 21, 22, 23, 24, 25, 26, 11, 28, 29, 30], [2, 1, 3, 4, 5, 6, 27, 8, 9, 10, 12, 7, 13, 14, 15, 16, 17, 18, 19, 20, 21, 22, 23, 24, 25, 26, 11, 28, 29, 30], [1, 2, 3, 4, 5, 6, 27, 8, 9, 10, 12, 7, 13, 14, 15, 16, 17, 18, 19, 20, 21, 22, 23, 24, 25, 26, 11, 28, 29, 30], [1, 2, 3, 4, 5, 6, 27, 8, 9, 10, 7, 12, 13, 14, 15, 16, 17, 18, 19, 20, 21, 22, 23, 24, 25, 26, 11, 28, 29, 30], [1, 2, 3, 4, 5, 6, 27, 8, 9, 10, 11, 12, 13, 14, 15, 16, 17, 18, 19, 20, 21, 22, 23, 24, 25, 26, 7, 28, 29, 30], [1, 2, 3, 4, 5, 6, 7, 8, 9, 10, 11, 12, 13, 14, 15, 16, 17, 18, 19, 20, 21, 22, 23, 24, 25, 26, 27, 28, 29, 30]], pos=[[2, 15, 30, 3, 18, 13, 22, 8, 21, 12, 14, 5, 10, 27, 19, 29, 11, 20, 28, 23, 16, 6, 24, 26, 1, 4, 7, 25, 9, 17], [2, 15, 30, 4, 18, 13, 22, 8, 21, 12, 14, 5, 10, 27, 19, 29, 11, 20, 28, 23, 16, 6, 24, 26, 1, 3, 7, 25, 9, 17], [2, 15, 30, 4, 18, 13, 22, 8, 21, 12, 27, 5, 10, 14, 19, 29, 11, 20, 28, 23, 16, 6, 24, 26, 1, 3, 7, 25, 9, 17], [2, 15, 30, 4, 18, 13, 22, 8, 21, 12, 27, 5, 10, 14, 19, 29, 11, 20, 28, 24, 16, 6, 23, 26, 1, 3, 7, 25, 9, 17], [2, 15, 30, 4, 18, 13, 22, 8, 21, 12, 27, 5, 10, 14, 19, 29, 11, 24, 28, 20, 16, 6, 23, 26, 1, 3, 7, 25, 9, 17], [2, 15, 30, 4, 18, 13, 22, 8, 21, 12, 27, 5, 10, 14, 19, 29, 11, 26, 28, 20, 16, 6, 23, 24, 1, 3, 7, 25, 9, 17], [2, 15, 30, 4, 26, 13, 22, 8, 21, 12, 27, 5, 10, 14, 19, 29, 11, 18, 28, 20, 16, 6, 23, 24, 1, 3, 7, 25, 9, 17], [2, 15, 30, 4, 5, 13, 22, 8, 21, 12, 27, 26, 10, 14, 19, 29, 11, 18, 28, 20, 16, 6, 23, 24, 1, 3, 7, 25, 9, 17], [2, 15, 30, 4, 5, 13, 22, 8, 16, 12, 27, 26, 10, 14, 19, 29, 11, 18, 28, 20, 21, 6, 23, 24, 1, 3, 7, 25, 9, 17], [2, 15, 30, 4, 5, 13, 22, 8, 16, 12, 27, 26, 10, 14, 19, 29, 11, 18, 25, 20, 21, 6, 23, 24, 1, 3, 7, 28, 9, 17], [2, 15, 30, 4, 5, 13, 22, 8, 16, 12, 27, 26, 10, 14, 19, 29, 11, 18, 1, 20, 21, 6, 23, 24, 25, 3, 7, 28, 9, 17], [2, 15, 30, 4, 5, 13, 22, 8, 16, 12, 27, 3, 10, 14, 19, 29, 11, 18, 1, 20, 21, 6, 23, 24, 25, 26, 7, 28, 9, 17], [2, 15, 30, 4, 5, 6, 22, 8, 16, 12, 27, 3, 10, 14, 19, 29, 11, 18, 1, 20, 21, 13, 23, 24, 25, 26, 7, 28, 9, 17], [2, 15, 30, 4, 5, 6, 22, 8, 9, 12, 27, 3, 10, 14, 19, 29, 11, 18, 1, 20, 21, 13, 23, 24, 25, 26, 7, 28, 16, 17], [2, 15, 30, 4, 5, 6, 13, 8, 9, 12, 27, 3, 10, 14, 19, 29, 11, 18, 1, 20, 21, 22, 23, 24, 25, 26, 7, 28, 16, 17], [2, 15, 30, 4, 5, 6, 13, 8, 9, 12, 27, 3, 10, 14, 19, 16, 11, 18, 1, 20, 21, 22, 23, 24, 25, 26, 7, 28, 29, 17], [2, 15, 17, 4, 5, 6, 13, 8, 9, 12, 27, 3, 10, 14, 19, 16, 11, 18, 1, 20, 21, 22, 23, 24, 25, 26, 7, 28, 29, 30], [2, 15, 3, 4, 5, 6, 13, 8, 9, 12, 27, 17, 10, 14, 19, 16, 11, 18, 1, 20, 21, 22, 23, 24, 25, 26, 7, 28, 29, 30], [2, 15, 3, 4, 5, 6, 10, 8, 9, 12, 27, 17, 13, 14, 19, 16, 11, 18, 1, 20, 21, 22, 23, 24, 25, 26, 7, 28, 29, 30], [2, 15, 3, 4, 5, 6, 12, 8, 9, 10, 27, 17, 13, 14, 19, 16, 11, 18, 1, 20, 21, 22, 23, 24, 25, 26, 7, 28, 29, 30], [2, 15, 3, 4, 5, 6, 12, 8, 9, 10, 27, 11, 13, 14, 19, 16, 17, 18, 1, 20, 21, 22, 23, 24, 25, 26, 7, 28, 29, 30], [2, 19, 3, 4, 5, 6, 12, 8, 9, 10, 27, 11, 13, 14, 15, 16, 17, 18, 1, 20, 21, 22, 23, 24, 25, 26, 7, 28, 29, 30], [2, 1, 3, 4, 5, 6, 12, 8, 9, 10, 27, 11, 13, 14, 15, 16, 17, 18, 19, 20, 21, 22, 23, 24, 25, 26, 7, 28, 29, 30], [1, 2, 3, 4, 5, 6, 12, 8, 9, 10, 27, 11, 13, 14, 15, 16, 17, 18, 19, 20, 21, 22, 23, 24, 25, 26, 7, 28, 29, 30], [1, 2, 3, 4, 5, 6, 11, 8, 9, 10, 27, 12, 13, 14, 15, 16, 17, 18, 19, 20, 21, 22, 23, 24, 25, 26, 7, 28, 29, 30], [1, 2, 3, 4, 5, 6, 27, 8, 9, 10, 11, 12, 13, 14, 15, 16, 17, 18, 19, 20, 21, 22, 23, 24, 25, 26, 7, 28, 29, 30], [1, 2, 3, 4, 5, 6, 7, 8, 9, 10, 11, 12, 13, 14, 15, 16, 17, 18, 19, 20, 21, 22, 23, 24, 25, 26, 27, 28, 29, 30]], idx1=[3, 14, 23, 20, 24, 18, 5, 16, 25, 1, 3, 6, 9, 13, 16, 17, 3, 10, 10, 11, 15, 1, 1, 11, 11, 7], idx2=[4, 27, 24, 24, 26, 26, 26, 21, 28, 25, 26, 13, 16, 22, 29, 30, 17, 13, 12, 17, 19, 19, 2, 12, 27, 27], _checker='')