============================================================
BENCHMARK ID: 28 | DIMENSIONE: 15 | STRATEGIA: geometric
============================================================

Input Vector: [3, 7, 13, 11, 6, 10, 12, 15, 9, 8, 4, 14, 1, 2, 5]

STATO: RISOLTO
K: 10
TEMPO: 0.2410s
----------------------------------------
PIANO:
Solution(v=[[3, 7, 13, 11, 6, 10, 12, 15, 9, 8, 4, 14, 1, 2, 5], [1, 7, 13, 11, 6, 10, 12, 15, 9, 8, 4, 14, 3, 2, 5], [1, 2, 13, 11, 6, 10, 12, 15, 9, 8, 4, 14, 3, 7, 5], [1, 2, 3, 11, 6, 10, 12, 15, 9, 8, 4, 14, 13, 7, 5], [1, 2, 3, 4, 6, 10, 12, 15, 9, 8, 11, 14, 13, 7, 5], [1, 2, 3, 4, 5, 10, 12, 15, 9, 8, 11, 14, 13, 7, 6], [1, 2, 3, 4, 5, 10, 14, 15, 9, 8, 11, 12, 13, 7, 6], [1, 2, 3, 4, 5, 10, 7, 15, 9, 8, 11, 12, 13, 14, 6], [1, 2, 3, 4, 5, 10, 7, 6, 9, 8, 11, 12, 13, 14, 15], [1, 2, 3, 4, 5, 6, 7, 10, 9, 8, 11, 12, 13, 14, 15], [1, 2, 3, 4, 5, 6, 7, 8, 9, 10, 11, 12, 13, 14, 15]], pos=[[13, 14, 1, 11, 15, 5, 2, 10, 9, 6, 4, 7, 3, 12, 8], [1, 14, 13, 11, 15, 5, 2, 10, 9, 6, 4, 7, 3, 12, 8], [1, 2, 13, 11, 15, 5, 14, 10, 9, 6, 4, 7, 3, 12, 8], [1, 2, 3, 11, 15, 5, 14, 10, 9, 6, 4, 7, 13, 12, 8], [1, 2, 3, 4, 15, 5, 14, 10, 9, 6, 11, 7, 13, 12, 8], [1, 2, 3, 4, 5, 15, 14, 10, 9, 6, 11, 7, 13, 12, 8], [1, 2, 3, 4, 5, 15, 14, 10, 9, 6, 11, 12, 13, 7, 8], [1, 2, 3, 4, 5, 15, 7, 10, 9, 6, 11, 12, 13, 14, 8], [1, 2, 3, 4, 5, 8, 7, 10, 9, 6, 11, 12, 13, 14, 15], [1, 2, 3, 4, 5, 6, 7, 10, 9, 8, 11, 12, 13, 14, 15], [1, 2, 3, 4, 5, 6, 7, 8, 9, 10, 11, 12, 13, 14, 15]], idx1=[1, 2, 3, 4, 5, 7, 7, 8, 6, 8], idx2=[13, 14, 13, 11, 15, 12, 14, 15, 8, 10], _checker='')