============================================================
BENCHMARK ID: 36 | DIMENSIONE: 20 | STRATEGIA: geometric
============================================================

Input Vector: [13, 20, 1, 15, 5, 19, 6, 18, 3, 14, 16, 12, 10, 7, 4, 9, 2, 11, 8, 17]

STATO: RISOLTO
K: 15
TEMPO: 2.4070s
----------------------------------------
PIANO:
Solution(v=[[13, 20, 1, 15, 5, 19, 6, 18, 3, 14, 16, 12, 10, 7, 4, 9, 2, 11, 8, 17], [13, 17, 1, 15, 5, 19, 6, 18, 3, 14, 16, 12, 10, 7, 4, 9, 2, 11, 8, 20], [13, 17, 1, 15, 5, 8, 6, 18, 3, 14, 16, 12, 10, 7, 4, 9, 2, 11, 19, 20], [13, 17, 1, 15, 5, 8, 6, 18, 3, 7, 16, 12, 10, 14, 4, 9, 2, 11, 19, 20], [13, 17, 1, 15, 5, 8, 6, 18, 3, 7, 11, 12, 10, 14, 4, 9, 2, 16, 19, 20], [13, 17, 1, 15, 5, 8, 6, 18, 3, 7, 11, 12, 10, 14, 4, 16, 2, 9, 19, 20], [13, 17, 1, 15, 5, 8, 6, 9, 3, 7, 11, 12, 10, 14, 4, 16, 2, 18, 19, 20], [13, 17, 1, 15, 5, 9, 6, 8, 3, 7, 11, 12, 10, 14, 4, 16, 2, 18, 19, 20], [13, 17, 1, 15, 5, 9, 7, 8, 3, 6, 11, 12, 10, 14, 4, 16, 2, 18, 19, 20], [13, 17, 1, 15, 5, 9, 7, 8, 3, 10, 11, 12, 6, 14, 4, 16, 2, 18, 19, 20], [6, 17, 1, 15, 5, 9, 7, 8, 3, 10, 11, 12, 13, 14, 4, 16, 2, 18, 19, 20], [6, 2, 1, 15, 5, 9, 7, 8, 3, 10, 11, 12, 13, 14, 4, 16, 17, 18, 19, 20], [6, 2, 1, 15, 5, 3, 7, 8, 9, 10, 11, 12, 13, 14, 4, 16, 17, 18, 19, 20], [6, 2, 3, 15, 5, 1, 7, 8, 9, 10, 11, 12, 13, 14, 4, 16, 17, 18, 19, 20], [1, 2, 3, 15, 5, 6, 7, 8, 9, 10, 11, 12, 13, 14, 4, 16, 17, 18, 19, 20], [1, 2, 3, 4, 5, 6, 7, 8, 9, 10, 11, 12, 13, 14, 15, 16, 17, 18, 19, 20]], pos=[[3, 17, 9, 15, 5, 7, 14, 19, 16, 13, 18, 12, 1, 10, 4, 11, 20, 8, 6, 2], [3, 17, 9, 15, 5, 7, 14, 19, 16, 13, 18, 12, 1, 10, 4, 11, 2, 8, 6, 20], [3, 17, 9, 15, 5, 7, 14, 6, 16, 13, 18, 12, 1, 10, 4, 11, 2, 8, 19, 20], [3, 17, 9, 15, 5, 7, 10, 6, 16, 13, 18, 12, 1, 14, 4, 11, 2, 8, 19, 20], [3, 17, 9, 15, 5, 7, 10, 6, 16, 13, 11, 12, 1, 14, 4, 18, 2, 8, 19, 20], [3, 17, 9, 15, 5, 7, 10, 6, 18, 13, 11, 12, 1, 14, 4, 16, 2, 8, 19, 20], [3, 17, 9, 15, 5, 7, 10, 6, 8, 13, 11, 12, 1, 14, 4, 16, 2, 18, 19, 20], [3, 17, 9, 15, 5, 7, 10, 8, 6, 13, 11, 12, 1, 14, 4, 16, 2, 18, 19, 20], [3, 17, 9, 15, 5, 10, 7, 8, 6, 13, 11, 12, 1, 14, 4, 16, 2, 18, 19, 20], [3, 17, 9, 15, 5, 13, 7, 8, 6, 10, 11, 12, 1, 14, 4, 16, 2, 18, 19, 20], [3, 17, 9, 15, 5, 1, 7, 8, 6, 10, 11, 12, 13, 14, 4, 16, 2, 18, 19, 20], [3, 2, 9, 15, 5, 1, 7, 8, 6, 10, 11, 12, 13, 14, 4, 16, 17, 18, 19, 20], [3, 2, 6, 15, 5, 1, 7, 8, 9, 10, 11, 12, 13, 14, 4, 16, 17, 18, 19, 20], [6, 2, 3, 15, 5, 1, 7, 8, 9, 10, 11, 12, 13, 14, 4, 16, 17, 18, 19, 20], [1, 2, 3, 15, 5, 6, 7, 8, 9, 10, 11, 12, 13, 14, 4, 16, 17, 18, 19, 20], [1, 2, 3, 4, 5, 6, 7, 8, 9, 10, 11, 12, 13, 14, 15, 16, 17, 18, 19, 20]], idx1=[2, 6, 10, 11, 16, 8, 6, 7, 10, 1, 2, 6, 3, 1, 4], idx2=[20, 19, 14, 18, 18, 18, 8, 10, 13, 13, 17, 9, 6, 6, 15], _checker='')