============================================================
BENCHMARK ID: 22 | DIMENSIONE: 15 | STRATEGIA: geometric
============================================================

Input Vector: [11, 8, 15, 10, 5, 14, 4, 7, 3, 1, 9, 13, 6, 12, 2]

STATO: RISOLTO
K: 12
TEMPO: 0.5230s
----------------------------------------
PIANO:
Solution(v=[[11, 8, 15, 10, 5, 14, 4, 7, 3, 1, 9, 13, 6, 12, 2], [9, 8, 15, 10, 5, 14, 4, 7, 3, 1, 11, 13, 6, 12, 2], [9, 8, 15, 4, 5, 14, 10, 7, 3, 1, 11, 13, 6, 12, 2], [9, 8, 15, 4, 5, 14, 7, 10, 3, 1, 11, 13, 6, 12, 2], [9, 8, 15, 4, 5, 14, 7, 10, 3, 1, 11, 6, 13, 12, 2], [9, 8, 15, 4, 5, 14, 7, 10, 3, 1, 11, 12, 13, 6, 2], [9, 8, 15, 4, 5, 6, 7, 10, 3, 1, 11, 12, 13, 14, 2], [9, 8, 15, 4, 5, 6, 7, 1, 3, 10, 11, 12, 13, 14, 2], [9, 1, 15, 4, 5, 6, 7, 8, 3, 10, 11, 12, 13, 14, 2], [9, 2, 15, 4, 5, 6, 7, 8, 3, 10, 11, 12, 13, 14, 1], [9, 2, 1, 4, 5, 6, 7, 8, 3, 10, 11, 12, 13, 14, 15], [1, 2, 9, 4, 5, 6, 7, 8, 3, 10, 11, 12, 13, 14, 15], [1, 2, 3, 4, 5, 6, 7, 8, 9, 10, 11, 12, 13, 14, 15]], pos=[[10, 15, 9, 7, 5, 13, 8, 2, 11, 4, 1, 14, 12, 6, 3], [10, 15, 9, 7, 5, 13, 8, 2, 1, 4, 11, 14, 12, 6, 3], [10, 15, 9, 4, 5, 13, 8, 2, 1, 7, 11, 14, 12, 6, 3], [10, 15, 9, 4, 5, 13, 7, 2, 1, 8, 11, 14, 12, 6, 3], [10, 15, 9, 4, 5, 12, 7, 2, 1, 8, 11, 14, 13, 6, 3], [10, 15, 9, 4, 5, 14, 7, 2, 1, 8, 11, 12, 13, 6, 3], [10, 15, 9, 4, 5, 6, 7, 2, 1, 8, 11, 12, 13, 14, 3], [8, 15, 9, 4, 5, 6, 7, 2, 1, 10, 11, 12, 13, 14, 3], [2, 15, 9, 4, 5, 6, 7, 8, 1, 10, 11, 12, 13, 14, 3], [15, 2, 9, 4, 5, 6, 7, 8, 1, 10, 11, 12, 13, 14, 3], [3, 2, 9, 4, 5, 6, 7, 8, 1, 10, 11, 12, 13, 14, 15], [1, 2, 9, 4, 5, 6, 7, 8, 3, 10, 11, 12, 13, 14, 15], [1, 2, 3, 4, 5, 6, 7, 8, 9, 10, 11, 12, 13, 14, 15]], idx1=[1, 4, 7, 12, 12, 6, 8, 2, 2, 3, 1, 3], idx2=[11, 7, 8, 13, 14, 14, 10, 8, 15, 15, 3, 9], _checker='')