============================================================
BENCHMARK ID: 42 | DIMENSIONE: 25 | STRATEGIA: geometric
============================================================

Input Vector: [25, 3, 20, 2, 9, 7, 16, 5, 18, 13, 1, 22, 8, 11, 21, 19, 24, 14, 15, 4, 12, 10, 17, 6, 23]

STATO: RISOLTO
K: 23
TEMPO: 138.9750s
----------------------------------------
PIANO:
Solution(v=[[25, 3, 20, 2, 9, 7, 16, 5, 18, 13, 1, 22, 8, 11, 21, 19, 24, 14, 15, 4, 12, 10, 17, 6, 23], [25, 3, 20, 2, 9, 7, 16, 5, 18, 10, 1, 22, 8, 11, 21, 19, 24, 14, 15, 4, 12, 13, 17, 6, 23], [25, 3, 20, 2, 9, 7, 16, 5, 18, 10, 1, 12, 8, 11, 21, 19, 24, 14, 15, 4, 22, 13, 17, 6, 23], [25, 3, 20, 2, 9, 7, 16, 5, 18, 10, 1, 12, 13, 11, 21, 19, 24, 14, 15, 4, 22, 8, 17, 6, 23], [25, 3, 20, 2, 9, 7, 16, 8, 18, 10, 1, 12, 13, 11, 21, 19, 24, 14, 15, 4, 22, 5, 17, 6, 23], [25, 3, 20, 2, 9, 7, 16, 8, 18, 10, 1, 12, 13, 11, 21, 15, 24, 14, 19, 4, 22, 5, 17, 6, 23], [25, 3, 20, 2, 9, 7, 16, 8, 18, 10, 1, 12, 13, 11, 15, 21, 24, 14, 19, 4, 22, 5, 17, 6, 23], [25, 3, 20, 2, 9, 7, 21, 8, 18, 10, 1, 12, 13, 11, 15, 16, 24, 14, 19, 4, 22, 5, 17, 6, 23], [25, 3, 20, 2, 9, 21, 7, 8, 18, 10, 1, 12, 13, 11, 15, 16, 24, 14, 19, 4, 22, 5, 17, 6, 23], [25, 3, 20, 2, 9, 21, 7, 8, 18, 10, 11, 12, 13, 1, 15, 16, 24, 14, 19, 4, 22, 5, 17, 6, 23], [25, 3, 20, 2, 9, 21, 7, 8, 18, 10, 11, 12, 13, 1, 15, 16, 24, 14, 19, 4, 22, 5, 23, 6, 17], [17, 3, 20, 2, 9, 21, 7, 8, 18, 10, 11, 12, 13, 1, 15, 16, 24, 14, 19, 4, 22, 5, 23, 6, 25], [17, 20, 3, 2, 9, 21, 7, 8, 18, 10, 11, 12, 13, 1, 15, 16, 24, 14, 19, 4, 22, 5, 23, 6, 25], [17, 20, 3, 2, 9, 22, 7, 8, 18, 10, 11, 12, 13, 1, 15, 16, 24, 14, 19, 4, 21, 5, 23, 6, 25], [17, 20, 3, 2, 9, 22, 7, 8, 18, 10, 11, 12, 13, 14, 15, 16, 24, 1, 19, 4, 21, 5, 23, 6, 25], [1, 20, 3, 2, 9, 22, 7, 8, 18, 10, 11, 12, 13, 14, 15, 16, 24, 17, 19, 4, 21, 5, 23, 6, 25], [1, 4, 3, 2, 9, 22, 7, 8, 18, 10, 11, 12, 13, 14, 15, 16, 24, 17, 19, 20, 21, 5, 23, 6, 25], [1, 2, 3, 4, 9, 22, 7, 8, 18, 10, 11, 12, 13, 14, 15, 16, 24, 17, 19, 20, 21, 5, 23, 6, 25], [1, 2, 3, 4, 9, 5, 7, 8, 18, 10, 11, 12, 13, 14, 15, 16, 24, 17, 19, 20, 21, 22, 23, 6, 25], [1, 2, 3, 4, 5, 9, 7, 8, 18, 10, 11, 12, 13, 14, 15, 16, 24, 17, 19, 20, 21, 22, 23, 6, 25], [1, 2, 3, 4, 5, 9, 7, 8, 17, 10, 11, 12, 13, 14, 15, 16, 24, 18, 19, 20, 21, 22, 23, 6, 25], [1, 2, 3, 4, 5, 9, 7, 8, 24, 10, 11, 12, 13, 14, 15, 16, 17, 18, 19, 20, 21, 22, 23, 6, 25], [1, 2, 3, 4, 5, 9, 7, 8, 6, 10, 11, 12, 13, 14, 15, 16, 17, 18, 19, 20, 21, 22, 23, 24, 25], [1, 2, 3, 4, 5, 6, 7, 8, 9, 10, 11, 12, 13, 14, 15, 16, 17, 18, 19, 20, 21, 22, 23, 24, 25]], pos=[[11, 4, 2, 20, 8, 24, 6, 13, 5, 22, 14, 21, 10, 18, 19, 7, 23, 9, 16, 3, 15, 12, 25, 17, 1], [11, 4, 2, 20, 8, 24, 6, 13, 5, 10, 14, 21, 22, 18, 19, 7, 23, 9, 16, 3, 15, 12, 25, 17, 1], [11, 4, 2, 20, 8, 24, 6, 13, 5, 10, 14, 12, 22, 18, 19, 7, 23, 9, 16, 3, 15, 21, 25, 17, 1], [11, 4, 2, 20, 8, 24, 6, 22, 5, 10, 14, 12, 13, 18, 19, 7, 23, 9, 16, 3, 15, 21, 25, 17, 1], [11, 4, 2, 20, 22, 24, 6, 8, 5, 10, 14, 12, 13, 18, 19, 7, 23, 9, 16, 3, 15, 21, 25, 17, 1], [11, 4, 2, 20, 22, 24, 6, 8, 5, 10, 14, 12, 13, 18, 16, 7, 23, 9, 19, 3, 15, 21, 25, 17, 1], [11, 4, 2, 20, 22, 24, 6, 8, 5, 10, 14, 12, 13, 18, 15, 7, 23, 9, 19, 3, 16, 21, 25, 17, 1], [11, 4, 2, 20, 22, 24, 6, 8, 5, 10, 14, 12, 13, 18, 15, 16, 23, 9, 19, 3, 7, 21, 25, 17, 1], [11, 4, 2, 20, 22, 24, 7, 8, 5, 10, 14, 12, 13, 18, 15, 16, 23, 9, 19, 3, 6, 21, 25, 17, 1], [14, 4, 2, 20, 22, 24, 7, 8, 5, 10, 11, 12, 13, 18, 15, 16, 23, 9, 19, 3, 6, 21, 25, 17, 1], [14, 4, 2, 20, 22, 24, 7, 8, 5, 10, 11, 12, 13, 18, 15, 16, 25, 9, 19, 3, 6, 21, 23, 17, 1], [14, 4, 2, 20, 22, 24, 7, 8, 5, 10, 11, 12, 13, 18, 15, 16, 1, 9, 19, 3, 6, 21, 23, 17, 25], [14, 4, 3, 20, 22, 24, 7, 8, 5, 10, 11, 12, 13, 18, 15, 16, 1, 9, 19, 2, 6, 21, 23, 17, 25], [14, 4, 3, 20, 22, 24, 7, 8, 5, 10, 11, 12, 13, 18, 15, 16, 1, 9, 19, 2, 21, 6, 23, 17, 25], [18, 4, 3, 20, 22, 24, 7, 8, 5, 10, 11, 12, 13, 14, 15, 16, 1, 9, 19, 2, 21, 6, 23, 17, 25], [1, 4, 3, 20, 22, 24, 7, 8, 5, 10, 11, 12, 13, 14, 15, 16, 18, 9, 19, 2, 21, 6, 23, 17, 25], [1, 4, 3, 2, 22, 24, 7, 8, 5, 10, 11, 12, 13, 14, 15, 16, 18, 9, 19, 20, 21, 6, 23, 17, 25], [1, 2, 3, 4, 22, 24, 7, 8, 5, 10, 11, 12, 13, 14, 15, 16, 18, 9, 19, 20, 21, 6, 23, 17, 25], [1, 2, 3, 4, 6, 24, 7, 8, 5, 10, 11, 12, 13, 14, 15, 16, 18, 9, 19, 20, 21, 22, 23, 17, 25], [1, 2, 3, 4, 5, 24, 7, 8, 6, 10, 11, 12, 13, 14, 15, 16, 18, 9, 19, 20, 21, 22, 23, 17, 25], [1, 2, 3, 4, 5, 24, 7, 8, 6, 10, 11, 12, 13, 14, 15, 16, 9, 18, 19, 20, 21, 22, 23, 17, 25], [1, 2, 3, 4, 5, 24, 7, 8, 6, 10, 11, 12, 13, 14, 15, 16, 17, 18, 19, 20, 21, 22, 23, 9, 25], [1, 2, 3, 4, 5, 9, 7, 8, 6, 10, 11, 12, 13, 14, 15, 16, 17, 18, 19, 20, 21, 22, 23, 24, 25], [1, 2, 3, 4, 5, 6, 7, 8, 9, 10, 11, 12, 13, 14, 15, 16, 17, 18, 19, 20, 21, 22, 23, 24, 25]], idx1=[10, 12, 13, 8, 16, 15, 7, 6, 11, 23, 1, 2, 6, 14, 1, 2, 2, 6, 5, 9, 9, 9, 6], idx2=[22, 21, 22, 22, 19, 16, 16, 7, 14, 25, 25, 3, 21, 18, 18, 20, 4, 22, 6, 18, 17, 24, 9], _checker='')