============================================================
BENCHMARK ID: 46 | DIMENSIONE: 25 | STRATEGIA: geometric
============================================================

Input Vector: [7, 16, 24, 23, 5, 22, 15, 12, 14, 1, 10, 18, 8, 3, 13, 20, 9, 6, 2, 21, 17, 4, 19, 11, 25]

STATO: RISOLTO
K: 22
TEMPO: 5.2380s
----------------------------------------
PIANO:
Solution(v=[[7, 16, 24, 23, 5, 22, 15, 12, 14, 1, 10, 18, 8, 3, 13, 20, 9, 6, 2, 21, 17, 4, 19, 11, 25], [7, 16, 11, 23, 5, 22, 15, 12, 14, 1, 10, 18, 8, 3, 13, 20, 9, 6, 2, 21, 17, 4, 19, 24, 25], [7, 16, 11, 23, 5, 22, 15, 12, 14, 10, 1, 18, 8, 3, 13, 20, 9, 6, 2, 21, 17, 4, 19, 24, 25], [7, 16, 1, 23, 5, 22, 15, 12, 14, 10, 11, 18, 8, 3, 13, 20, 9, 6, 2, 21, 17, 4, 19, 24, 25], [1, 16, 7, 23, 5, 22, 15, 12, 14, 10, 11, 18, 8, 3, 13, 20, 9, 6, 2, 21, 17, 4, 19, 24, 25], [1, 2, 7, 23, 5, 22, 15, 12, 14, 10, 11, 18, 8, 3, 13, 20, 9, 6, 16, 21, 17, 4, 19, 24, 25], [1, 2, 15, 23, 5, 22, 7, 12, 14, 10, 11, 18, 8, 3, 13, 20, 9, 6, 16, 21, 17, 4, 19, 24, 25], [1, 2, 15, 23, 5, 6, 7, 12, 14, 10, 11, 18, 8, 3, 13, 20, 9, 22, 16, 21, 17, 4, 19, 24, 25], [1, 2, 15, 23, 5, 6, 7, 12, 3, 10, 11, 18, 8, 14, 13, 20, 9, 22, 16, 21, 17, 4, 19, 24, 25], [1, 2, 15, 23, 5, 6, 7, 12, 3, 10, 11, 18, 8, 14, 13, 20, 17, 22, 16, 21, 9, 4, 19, 24, 25], [1, 2, 15, 23, 5, 6, 7, 12, 9, 10, 11, 18, 8, 14, 13, 20, 17, 22, 16, 21, 3, 4, 19, 24, 25], [1, 2, 3, 23, 5, 6, 7, 12, 9, 10, 11, 18, 8, 14, 13, 20, 17, 22, 16, 21, 15, 4, 19, 24, 25], [1, 2, 3, 23, 5, 6, 7, 12, 9, 10, 11, 18, 8, 14, 15, 20, 17, 22, 16, 21, 13, 4, 19, 24, 25], [1, 2, 3, 23, 5, 6, 7, 12, 9, 10, 11, 18, 8, 14, 15, 21, 17, 22, 16, 20, 13, 4, 19, 24, 25], [1, 2, 3, 23, 5, 6, 7, 12, 9, 10, 11, 18, 8, 14, 15, 13, 17, 22, 16, 20, 21, 4, 19, 24, 25], [1, 2, 3, 23, 5, 6, 7, 12, 9, 10, 11, 18, 8, 14, 15, 13, 17, 4, 16, 20, 21, 22, 19, 24, 25], [1, 2, 3, 4, 5, 6, 7, 12, 9, 10, 11, 18, 8, 14, 15, 13, 17, 23, 16, 20, 21, 22, 19, 24, 25], [1, 2, 3, 4, 5, 6, 7, 8, 9, 10, 11, 18, 12, 14, 15, 13, 17, 23, 16, 20, 21, 22, 19, 24, 25], [1, 2, 3, 4, 5, 6, 7, 8, 9, 10, 11, 12, 18, 14, 15, 13, 17, 23, 16, 20, 21, 22, 19, 24, 25], [1, 2, 3, 4, 5, 6, 7, 8, 9, 10, 11, 12, 13, 14, 15, 18, 17, 23, 16, 20, 21, 22, 19, 24, 25], [1, 2, 3, 4, 5, 6, 7, 8, 9, 10, 11, 12, 13, 14, 15, 18, 17, 19, 16, 20, 21, 22, 23, 24, 25], [1, 2, 3, 4, 5, 6, 7, 8, 9, 10, 11, 12, 13, 14, 15, 19, 17, 18, 16, 20, 21, 22, 23, 24, 25], [1, 2, 3, 4, 5, 6, 7, 8, 9, 10, 11, 12, 13, 14, 15, 16, 17, 18, 19, 20, 21, 22, 23, 24, 25]], pos=[[10, 19, 14, 22, 5, 18, 1, 13, 17, 11, 24, 8, 15, 9, 7, 2, 21, 12, 23, 16, 20, 6, 4, 3, 25], [10, 19, 14, 22, 5, 18, 1, 13, 17, 11, 3, 8, 15, 9, 7, 2, 21, 12, 23, 16, 20, 6, 4, 24, 25], [11, 19, 14, 22, 5, 18, 1, 13, 17, 10, 3, 8, 15, 9, 7, 2, 21, 12, 23, 16, 20, 6, 4, 24, 25], [3, 19, 14, 22, 5, 18, 1, 13, 17, 10, 11, 8, 15, 9, 7, 2, 21, 12, 23, 16, 20, 6, 4, 24, 25], [1, 19, 14, 22, 5, 18, 3, 13, 17, 10, 11, 8, 15, 9, 7, 2, 21, 12, 23, 16, 20, 6, 4, 24, 25], [1, 2, 14, 22, 5, 18, 3, 13, 17, 10, 11, 8, 15, 9, 7, 19, 21, 12, 23, 16, 20, 6, 4, 24, 25], [1, 2, 14, 22, 5, 18, 7, 13, 17, 10, 11, 8, 15, 9, 3, 19, 21, 12, 23, 16, 20, 6, 4, 24, 25], [1, 2, 14, 22, 5, 6, 7, 13, 17, 10, 11, 8, 15, 9, 3, 19, 21, 12, 23, 16, 20, 18, 4, 24, 25], [1, 2, 9, 22, 5, 6, 7, 13, 17, 10, 11, 8, 15, 14, 3, 19, 21, 12, 23, 16, 20, 18, 4, 24, 25], [1, 2, 9, 22, 5, 6, 7, 13, 21, 10, 11, 8, 15, 14, 3, 19, 17, 12, 23, 16, 20, 18, 4, 24, 25], [1, 2, 21, 22, 5, 6, 7, 13, 9, 10, 11, 8, 15, 14, 3, 19, 17, 12, 23, 16, 20, 18, 4, 24, 25], [1, 2, 3, 22, 5, 6, 7, 13, 9, 10, 11, 8, 15, 14, 21, 19, 17, 12, 23, 16, 20, 18, 4, 24, 25], [1, 2, 3, 22, 5, 6, 7, 13, 9, 10, 11, 8, 21, 14, 15, 19, 17, 12, 23, 16, 20, 18, 4, 24, 25], [1, 2, 3, 22, 5, 6, 7, 13, 9, 10, 11, 8, 21, 14, 15, 19, 17, 12, 23, 20, 16, 18, 4, 24, 25], [1, 2, 3, 22, 5, 6, 7, 13, 9, 10, 11, 8, 16, 14, 15, 19, 17, 12, 23, 20, 21, 18, 4, 24, 25], [1, 2, 3, 18, 5, 6, 7, 13, 9, 10, 11, 8, 16, 14, 15, 19, 17, 12, 23, 20, 21, 22, 4, 24, 25], [1, 2, 3, 4, 5, 6, 7, 13, 9, 10, 11, 8, 16, 14, 15, 19, 17, 12, 23, 20, 21, 22, 18, 24, 25], [1, 2, 3, 4, 5, 6, 7, 8, 9, 10, 11, 13, 16, 14, 15, 19, 17, 12, 23, 20, 21, 22, 18, 24, 25], [1, 2, 3, 4, 5, 6, 7, 8, 9, 10, 11, 12, 16, 14, 15, 19, 17, 13, 23, 20, 21, 22, 18, 24, 25], [1, 2, 3, 4, 5, 6, 7, 8, 9, 10, 11, 12, 13, 14, 15, 19, 17, 16, 23, 20, 21, 22, 18, 24, 25], [1, 2, 3, 4, 5, 6, 7, 8, 9, 10, 11, 12, 13, 14, 15, 19, 17, 16, 18, 20, 21, 22, 23, 24, 25], [1, 2, 3, 4, 5, 6, 7, 8, 9, 10, 11, 12, 13, 14, 15, 19, 17, 18, 16, 20, 21, 22, 23, 24, 25], [1, 2, 3, 4, 5, 6, 7, 8, 9, 10, 11, 12, 13, 14, 15, 16, 17, 18, 19, 20, 21, 22, 23, 24, 25]], idx1=[3, 10, 3, 1, 2, 3, 6, 9, 17, 9, 3, 15, 16, 16, 18, 4, 8, 12, 13, 18, 16, 16], idx2=[24, 11, 11, 3, 19, 7, 18, 14, 21, 21, 21, 21, 20, 21, 22, 18, 13, 13, 16, 23, 18, 19], _checker='')