============================================================
BENCHMARK ID: 56 | DIMENSIONE: 30 | STRATEGIA: geometric
============================================================

Input Vector: [23, 11, 6, 5, 28, 8, 1, 19, 2, 25, 9, 26, 12, 30, 22, 4, 13, 10, 21, 7, 15, 24, 27, 17, 20, 16, 29, 14, 18, 3]

STATO: RISOLTO
K: 27
TEMPO: 45.2750s
----------------------------------------
PIANO:
Solution(v=[[23, 11, 6, 5, 28, 8, 1, 19, 2, 25, 9, 26, 12, 30, 22, 4, 13, 10, 21, 7, 15, 24, 27, 17, 20, 16, 29, 14, 18, 3], [23, 11, 6, 5, 28, 8, 1, 19, 2, 25, 9, 12, 26, 30, 22, 4, 13, 10, 21, 7, 15, 24, 27, 17, 20, 16, 29, 14, 18, 3], [23, 11, 6, 5, 28, 8, 1, 19, 2, 25, 9, 12, 26, 30, 24, 4, 13, 10, 21, 7, 15, 22, 27, 17, 20, 16, 29, 14, 18, 3], [23, 11, 6, 5, 28, 8, 1, 19, 2, 25, 9, 12, 26, 30, 24, 16, 13, 10, 21, 7, 15, 22, 27, 17, 20, 4, 29, 14, 18, 3], [23, 11, 6, 4, 28, 8, 1, 19, 2, 25, 9, 12, 26, 30, 24, 16, 13, 10, 21, 7, 15, 22, 27, 17, 20, 5, 29, 14, 18, 3], [23, 11, 6, 4, 28, 8, 7, 19, 2, 25, 9, 12, 26, 30, 24, 16, 13, 10, 21, 1, 15, 22, 27, 17, 20, 5, 29, 14, 18, 3], [23, 11, 6, 4, 28, 8, 7, 21, 2, 25, 9, 12, 26, 30, 24, 16, 13, 10, 19, 1, 15, 22, 27, 17, 20, 5, 29, 14, 18, 3], [23, 11, 6, 4, 28, 8, 7, 21, 2, 20, 9, 12, 26, 30, 24, 16, 13, 10, 19, 1, 15, 22, 27, 17, 25, 5, 29, 14, 18, 3], [23, 11, 6, 4, 28, 8, 7, 21, 2, 20, 9, 12, 26, 14, 24, 16, 13, 10, 19, 1, 15, 22, 27, 17, 25, 5, 29, 30, 18, 3], [23, 11, 6, 4, 28, 8, 7, 21, 2, 20, 9, 12, 26, 14, 24, 16, 13, 10, 19, 1, 15, 22, 29, 17, 25, 5, 27, 30, 18, 3], [29, 11, 6, 4, 28, 8, 7, 21, 2, 20, 9, 12, 26, 14, 24, 16, 13, 10, 19, 1, 15, 22, 23, 17, 25, 5, 27, 30, 18, 3], [29, 11, 6, 4, 28, 8, 7, 21, 2, 20, 9, 12, 26, 14, 24, 16, 17, 10, 19, 1, 15, 22, 23, 13, 25, 5, 27, 30, 18, 3], [29, 11, 6, 4, 28, 8, 7, 21, 2, 20, 9, 12, 26, 14, 24, 16, 17, 18, 19, 1, 15, 22, 23, 13, 25, 5, 27, 30, 10, 3], [29, 11, 6, 4, 28, 8, 7, 21, 2, 20, 9, 12, 26, 14, 24, 16, 17, 18, 19, 1, 15, 22, 23, 13, 25, 5, 27, 3, 10, 30], [29, 11, 3, 4, 28, 8, 7, 21, 2, 20, 9, 12, 26, 14, 24, 16, 17, 18, 19, 1, 15, 22, 23, 13, 25, 5, 27, 6, 10, 30], [29, 11, 3, 4, 28, 8, 7, 21, 2, 20, 9, 12, 5, 14, 24, 16, 17, 18, 19, 1, 15, 22, 23, 13, 25, 26, 27, 6, 10, 30], [29, 11, 3, 4, 28, 8, 7, 21, 2, 20, 9, 12, 13, 14, 24, 16, 17, 18, 19, 1, 15, 22, 23, 5, 25, 26, 27, 6, 10, 30], [29, 11, 3, 4, 5, 8, 7, 21, 2, 20, 9, 12, 13, 14, 24, 16, 17, 18, 19, 1, 15, 22, 23, 28, 25, 26, 27, 6, 10, 30], [29, 11, 3, 4, 5, 8, 7, 21, 2, 1, 9, 12, 13, 14, 24, 16, 17, 18, 19, 20, 15, 22, 23, 28, 25, 26, 27, 6, 10, 30], [29, 11, 3, 4, 5, 8, 7, 21, 2, 1, 9, 12, 13, 14, 24, 16, 17, 18, 19, 20, 15, 22, 23, 6, 25, 26, 27, 28, 10, 30], [29, 11, 3, 4, 5, 6, 7, 21, 2, 1, 9, 12, 13, 14, 24, 16, 17, 18, 19, 20, 15, 22, 23, 8, 25, 26, 27, 28, 10, 30], [29, 11, 3, 4, 5, 6, 7, 21, 2, 1, 9, 12, 13, 14, 8, 16, 17, 18, 19, 20, 15, 22, 23, 24, 25, 26, 27, 28, 10, 30], [29, 11, 3, 4, 5, 6, 7, 8, 2, 1, 9, 12, 13, 14, 21, 16, 17, 18, 19, 20, 15, 22, 23, 24, 25, 26, 27, 28, 10, 30], [29, 11, 3, 4, 5, 6, 7, 8, 2, 10, 9, 12, 13, 14, 21, 16, 17, 18, 19, 20, 15, 22, 23, 24, 25, 26, 27, 28, 1, 30], [1, 11, 3, 4, 5, 6, 7, 8, 2, 10, 9, 12, 13, 14, 21, 16, 17, 18, 19, 20, 15, 22, 23, 24, 25, 26, 27, 28, 29, 30], [1, 2, 3, 4, 5, 6, 7, 8, 11, 10, 9, 12, 13, 14, 21, 16, 17, 18, 19, 20, 15, 22, 23, 24, 25, 26, 27, 28, 29, 30], [1, 2, 3, 4, 5, 6, 7, 8, 9, 10, 11, 12, 13, 14, 21, 16, 17, 18, 19, 20, 15, 22, 23, 24, 25, 26, 27, 28, 29, 30], [1, 2, 3, 4, 5, 6, 7, 8, 9, 10, 11, 12, 13, 14, 15, 16, 17, 18, 19, 20, 21, 22, 23, 24, 25, 26, 27, 28, 29, 30]], pos=[[7, 9, 30, 16, 4, 3, 20, 6, 11, 18, 2, 13, 17, 28, 21, 26, 24, 29, 8, 25, 19, 15, 1, 22, 10, 12, 23, 5, 27, 14], [7, 9, 30, 16, 4, 3, 20, 6, 11, 18, 2, 12, 17, 28, 21, 26, 24, 29, 8, 25, 19, 15, 1, 22, 10, 13, 23, 5, 27, 14], [7, 9, 30, 16, 4, 3, 20, 6, 11, 18, 2, 12, 17, 28, 21, 26, 24, 29, 8, 25, 19, 22, 1, 15, 10, 13, 23, 5, 27, 14], [7, 9, 30, 26, 4, 3, 20, 6, 11, 18, 2, 12, 17, 28, 21, 16, 24, 29, 8, 25, 19, 22, 1, 15, 10, 13, 23, 5, 27, 14], [7, 9, 30, 4, 26, 3, 20, 6, 11, 18, 2, 12, 17, 28, 21, 16, 24, 29, 8, 25, 19, 22, 1, 15, 10, 13, 23, 5, 27, 14], [20, 9, 30, 4, 26, 3, 7, 6, 11, 18, 2, 12, 17, 28, 21, 16, 24, 29, 8, 25, 19, 22, 1, 15, 10, 13, 23, 5, 27, 14], [20, 9, 30, 4, 26, 3, 7, 6, 11, 18, 2, 12, 17, 28, 21, 16, 24, 29, 19, 25, 8, 22, 1, 15, 10, 13, 23, 5, 27, 14], [20, 9, 30, 4, 26, 3, 7, 6, 11, 18, 2, 12, 17, 28, 21, 16, 24, 29, 19, 10, 8, 22, 1, 15, 25, 13, 23, 5, 27, 14], [20, 9, 30, 4, 26, 3, 7, 6, 11, 18, 2, 12, 17, 14, 21, 16, 24, 29, 19, 10, 8, 22, 1, 15, 25, 13, 23, 5, 27, 28], [20, 9, 30, 4, 26, 3, 7, 6, 11, 18, 2, 12, 17, 14, 21, 16, 24, 29, 19, 10, 8, 22, 1, 15, 25, 13, 27, 5, 23, 28], [20, 9, 30, 4, 26, 3, 7, 6, 11, 18, 2, 12, 17, 14, 21, 16, 24, 29, 19, 10, 8, 22, 23, 15, 25, 13, 27, 5, 1, 28], [20, 9, 30, 4, 26, 3, 7, 6, 11, 18, 2, 12, 24, 14, 21, 16, 17, 29, 19, 10, 8, 22, 23, 15, 25, 13, 27, 5, 1, 28], [20, 9, 30, 4, 26, 3, 7, 6, 11, 29, 2, 12, 24, 14, 21, 16, 17, 18, 19, 10, 8, 22, 23, 15, 25, 13, 27, 5, 1, 28], [20, 9, 28, 4, 26, 3, 7, 6, 11, 29, 2, 12, 24, 14, 21, 16, 17, 18, 19, 10, 8, 22, 23, 15, 25, 13, 27, 5, 1, 30], [20, 9, 3, 4, 26, 28, 7, 6, 11, 29, 2, 12, 24, 14, 21, 16, 17, 18, 19, 10, 8, 22, 23, 15, 25, 13, 27, 5, 1, 30], [20, 9, 3, 4, 13, 28, 7, 6, 11, 29, 2, 12, 24, 14, 21, 16, 17, 18, 19, 10, 8, 22, 23, 15, 25, 26, 27, 5, 1, 30], [20, 9, 3, 4, 24, 28, 7, 6, 11, 29, 2, 12, 13, 14, 21, 16, 17, 18, 19, 10, 8, 22, 23, 15, 25, 26, 27, 5, 1, 30], [20, 9, 3, 4, 5, 28, 7, 6, 11, 29, 2, 12, 13, 14, 21, 16, 17, 18, 19, 10, 8, 22, 23, 15, 25, 26, 27, 24, 1, 30], [10, 9, 3, 4, 5, 28, 7, 6, 11, 29, 2, 12, 13, 14, 21, 16, 17, 18, 19, 20, 8, 22, 23, 15, 25, 26, 27, 24, 1, 30], [10, 9, 3, 4, 5, 24, 7, 6, 11, 29, 2, 12, 13, 14, 21, 16, 17, 18, 19, 20, 8, 22, 23, 15, 25, 26, 27, 28, 1, 30], [10, 9, 3, 4, 5, 6, 7, 24, 11, 29, 2, 12, 13, 14, 21, 16, 17, 18, 19, 20, 8, 22, 23, 15, 25, 26, 27, 28, 1, 30], [10, 9, 3, 4, 5, 6, 7, 15, 11, 29, 2, 12, 13, 14, 21, 16, 17, 18, 19, 20, 8, 22, 23, 24, 25, 26, 27, 28, 1, 30], [10, 9, 3, 4, 5, 6, 7, 8, 11, 29, 2, 12, 13, 14, 21, 16, 17, 18, 19, 20, 15, 22, 23, 24, 25, 26, 27, 28, 1, 30], [29, 9, 3, 4, 5, 6, 7, 8, 11, 10, 2, 12, 13, 14, 21, 16, 17, 18, 19, 20, 15, 22, 23, 24, 25, 26, 27, 28, 1, 30], [1, 9, 3, 4, 5, 6, 7, 8, 11, 10, 2, 12, 13, 14, 21, 16, 17, 18, 19, 20, 15, 22, 23, 24, 25, 26, 27, 28, 29, 30], [1, 2, 3, 4, 5, 6, 7, 8, 11, 10, 9, 12, 13, 14, 21, 16, 17, 18, 19, 20, 15, 22, 23, 24, 25, 26, 27, 28, 29, 30], [1, 2, 3, 4, 5, 6, 7, 8, 9, 10, 11, 12, 13, 14, 21, 16, 17, 18, 19, 20, 15, 22, 23, 24, 25, 26, 27, 28, 29, 30], [1, 2, 3, 4, 5, 6, 7, 8, 9, 10, 11, 12, 13, 14, 15, 16, 17, 18, 19, 20, 21, 22, 23, 24, 25, 26, 27, 28, 29, 30]], idx1=[12, 15, 16, 4, 7, 8, 10, 14, 23, 1, 17, 18, 28, 3, 13, 13, 5, 10, 24, 6, 15, 8, 10, 1, 2, 9, 15], idx2=[13, 22, 26, 26, 20, 19, 25, 28, 27, 23, 24, 29, 30, 28, 26, 24, 24, 20, 28, 24, 24, 15, 29, 29, 9, 11, 21], _checker='')