============================================================
BENCHMARK ID: 31 | DIMENSIONE: 20 | STRATEGIA: geometric
============================================================

Input Vector: [8, 7, 20, 2, 3, 18, 1, 11, 15, 17, 9, 6, 19, 5, 13, 4, 14, 12, 10, 16]

STATO: RISOLTO
K: 18
TEMPO: 2.6920s
----------------------------------------
PIANO:
Solution(v=[[8, 7, 20, 2, 3, 18, 1, 11, 15, 17, 9, 6, 19, 5, 13, 4, 14, 12, 10, 16], [8, 7, 20, 2, 3, 18, 1, 9, 15, 17, 11, 6, 19, 5, 13, 4, 14, 12, 10, 16], [9, 7, 20, 2, 3, 18, 1, 8, 15, 17, 11, 6, 19, 5, 13, 4, 14, 12, 10, 16], [1, 7, 20, 2, 3, 18, 9, 8, 15, 17, 11, 6, 19, 5, 13, 4, 14, 12, 10, 16], [1, 7, 20, 4, 3, 18, 9, 8, 15, 17, 11, 6, 19, 5, 13, 2, 14, 12, 10, 16], [1, 7, 20, 4, 3, 6, 9, 8, 15, 17, 11, 18, 19, 5, 13, 2, 14, 12, 10, 16], [1, 7, 20, 4, 3, 6, 9, 8, 15, 17, 11, 18, 10, 5, 13, 2, 14, 12, 19, 16], [1, 7, 20, 4, 3, 6, 9, 8, 15, 17, 11, 18, 13, 5, 10, 2, 14, 12, 19, 16], [1, 7, 20, 4, 3, 6, 9, 8, 15, 10, 11, 18, 13, 5, 17, 2, 14, 12, 19, 16], [1, 7, 20, 4, 3, 6, 9, 8, 17, 10, 11, 18, 13, 5, 15, 2, 14, 12, 19, 16], [1, 7, 20, 4, 3, 6, 17, 8, 9, 10, 11, 18, 13, 5, 15, 2, 14, 12, 19, 16], [1, 7, 20, 4, 3, 6, 17, 8, 9, 10, 11, 18, 13, 5, 15, 16, 14, 12, 19, 2], [1, 7, 2, 4, 3, 6, 17, 8, 9, 10, 11, 18, 13, 5, 15, 16, 14, 12, 19, 20], [1, 7, 2, 4, 3, 6, 17, 8, 9, 10, 11, 18, 13, 14, 15, 16, 5, 12, 19, 20], [1, 7, 2, 4, 5, 6, 17, 8, 9, 10, 11, 18, 13, 14, 15, 16, 3, 12, 19, 20], [1, 7, 2, 4, 5, 6, 3, 8, 9, 10, 11, 18, 13, 14, 15, 16, 17, 12, 19, 20], [1, 3, 2, 4, 5, 6, 7, 8, 9, 10, 11, 18, 13, 14, 15, 16, 17, 12, 19, 20], [1, 2, 3, 4, 5, 6, 7, 8, 9, 10, 11, 18, 13, 14, 15, 16, 17, 12, 19, 20], [1, 2, 3, 4, 5, 6, 7, 8, 9, 10, 11, 12, 13, 14, 15, 16, 17, 18, 19, 20]], pos=[[7, 4, 5, 16, 14, 12, 2, 1, 11, 19, 8, 18, 15, 17, 9, 20, 10, 6, 13, 3], [7, 4, 5, 16, 14, 12, 2, 1, 8, 19, 11, 18, 15, 17, 9, 20, 10, 6, 13, 3], [7, 4, 5, 16, 14, 12, 2, 8, 1, 19, 11, 18, 15, 17, 9, 20, 10, 6, 13, 3], [1, 4, 5, 16, 14, 12, 2, 8, 7, 19, 11, 18, 15, 17, 9, 20, 10, 6, 13, 3], [1, 16, 5, 4, 14, 12, 2, 8, 7, 19, 11, 18, 15, 17, 9, 20, 10, 6, 13, 3], [1, 16, 5, 4, 14, 6, 2, 8, 7, 19, 11, 18, 15, 17, 9, 20, 10, 12, 13, 3], [1, 16, 5, 4, 14, 6, 2, 8, 7, 13, 11, 18, 15, 17, 9, 20, 10, 12, 19, 3], [1, 16, 5, 4, 14, 6, 2, 8, 7, 15, 11, 18, 13, 17, 9, 20, 10, 12, 19, 3], [1, 16, 5, 4, 14, 6, 2, 8, 7, 10, 11, 18, 13, 17, 9, 20, 15, 12, 19, 3], [1, 16, 5, 4, 14, 6, 2, 8, 7, 10, 11, 18, 13, 17, 15, 20, 9, 12, 19, 3], [1, 16, 5, 4, 14, 6, 2, 8, 9, 10, 11, 18, 13, 17, 15, 20, 7, 12, 19, 3], [1, 20, 5, 4, 14, 6, 2, 8, 9, 10, 11, 18, 13, 17, 15, 16, 7, 12, 19, 3], [1, 3, 5, 4, 14, 6, 2, 8, 9, 10, 11, 18, 13, 17, 15, 16, 7, 12, 19, 20], [1, 3, 5, 4, 17, 6, 2, 8, 9, 10, 11, 18, 13, 14, 15, 16, 7, 12, 19, 20], [1, 3, 17, 4, 5, 6, 2, 8, 9, 10, 11, 18, 13, 14, 15, 16, 7, 12, 19, 20], [1, 3, 7, 4, 5, 6, 2, 8, 9, 10, 11, 18, 13, 14, 15, 16, 17, 12, 19, 20], [1, 3, 2, 4, 5, 6, 7, 8, 9, 10, 11, 18, 13, 14, 15, 16, 17, 12, 19, 20], [1, 2, 3, 4, 5, 6, 7, 8, 9, 10, 11, 18, 13, 14, 15, 16, 17, 12, 19, 20], [1, 2, 3, 4, 5, 6, 7, 8, 9, 10, 11, 12, 13, 14, 15, 16, 17, 18, 19, 20]], idx1=[8, 1, 1, 4, 6, 13, 13, 10, 9, 7, 16, 3, 14, 5, 7, 2, 2, 12], idx2=[11, 8, 7, 16, 12, 19, 15, 15, 15, 9, 20, 20, 17, 17, 17, 7, 3, 18], _checker='')