============================================================
BENCHMARK ID: 32 | DIMENSIONE: 20 | STRATEGIA: geometric
============================================================

Input Vector: [9, 16, 17, 5, 13, 6, 2, 8, 1, 15, 20, 18, 10, 14, 11, 7, 4, 19, 3, 12]

STATO: RISOLTO
K: 14
TEMPO: 5.2010s
----------------------------------------
PIANO:
Solution(v=[[9, 16, 17, 5, 13, 6, 2, 8, 1, 15, 20, 18, 10, 14, 11, 7, 4, 19, 3, 12], [1, 16, 17, 5, 13, 6, 2, 8, 9, 15, 20, 18, 10, 14, 11, 7, 4, 19, 3, 12], [1, 16, 17, 5, 13, 6, 2, 8, 9, 15, 20, 12, 10, 14, 11, 7, 4, 19, 3, 18], [1, 16, 17, 5, 13, 6, 2, 8, 9, 15, 20, 12, 10, 14, 11, 7, 4, 18, 3, 19], [1, 16, 17, 5, 13, 6, 2, 8, 9, 15, 20, 12, 10, 14, 11, 7, 4, 18, 19, 3], [1, 16, 3, 5, 13, 6, 2, 8, 9, 15, 20, 12, 10, 14, 11, 7, 4, 18, 19, 17], [1, 16, 3, 5, 13, 6, 7, 8, 9, 15, 20, 12, 10, 14, 11, 2, 4, 18, 19, 17], [1, 2, 3, 5, 13, 6, 7, 8, 9, 15, 20, 12, 10, 14, 11, 16, 4, 18, 19, 17], [1, 2, 3, 5, 13, 6, 7, 8, 9, 15, 17, 12, 10, 14, 11, 16, 4, 18, 19, 20], [1, 2, 3, 5, 13, 6, 7, 8, 9, 15, 4, 12, 10, 14, 11, 16, 17, 18, 19, 20], [1, 2, 3, 5, 13, 6, 7, 8, 9, 15, 11, 12, 10, 14, 4, 16, 17, 18, 19, 20], [1, 2, 3, 5, 13, 6, 7, 8, 9, 4, 11, 12, 10, 14, 15, 16, 17, 18, 19, 20], [1, 2, 3, 5, 13, 6, 7, 8, 9, 10, 11, 12, 4, 14, 15, 16, 17, 18, 19, 20], [1, 2, 3, 4, 13, 6, 7, 8, 9, 10, 11, 12, 5, 14, 15, 16, 17, 18, 19, 20], [1, 2, 3, 4, 5, 6, 7, 8, 9, 10, 11, 12, 13, 14, 15, 16, 17, 18, 19, 20]], pos=[[9, 7, 19, 17, 4, 6, 16, 8, 1, 13, 15, 20, 5, 14, 10, 2, 3, 12, 18, 11], [1, 7, 19, 17, 4, 6, 16, 8, 9, 13, 15, 20, 5, 14, 10, 2, 3, 12, 18, 11], [1, 7, 19, 17, 4, 6, 16, 8, 9, 13, 15, 12, 5, 14, 10, 2, 3, 20, 18, 11], [1, 7, 19, 17, 4, 6, 16, 8, 9, 13, 15, 12, 5, 14, 10, 2, 3, 18, 20, 11], [1, 7, 20, 17, 4, 6, 16, 8, 9, 13, 15, 12, 5, 14, 10, 2, 3, 18, 19, 11], [1, 7, 3, 17, 4, 6, 16, 8, 9, 13, 15, 12, 5, 14, 10, 2, 20, 18, 19, 11], [1, 16, 3, 17, 4, 6, 7, 8, 9, 13, 15, 12, 5, 14, 10, 2, 20, 18, 19, 11], [1, 2, 3, 17, 4, 6, 7, 8, 9, 13, 15, 12, 5, 14, 10, 16, 20, 18, 19, 11], [1, 2, 3, 17, 4, 6, 7, 8, 9, 13, 15, 12, 5, 14, 10, 16, 11, 18, 19, 20], [1, 2, 3, 11, 4, 6, 7, 8, 9, 13, 15, 12, 5, 14, 10, 16, 17, 18, 19, 20], [1, 2, 3, 15, 4, 6, 7, 8, 9, 13, 11, 12, 5, 14, 10, 16, 17, 18, 19, 20], [1, 2, 3, 10, 4, 6, 7, 8, 9, 13, 11, 12, 5, 14, 15, 16, 17, 18, 19, 20], [1, 2, 3, 13, 4, 6, 7, 8, 9, 10, 11, 12, 5, 14, 15, 16, 17, 18, 19, 20], [1, 2, 3, 4, 13, 6, 7, 8, 9, 10, 11, 12, 5, 14, 15, 16, 17, 18, 19, 20], [1, 2, 3, 4, 5, 6, 7, 8, 9, 10, 11, 12, 13, 14, 15, 16, 17, 18, 19, 20]], idx1=[1, 12, 18, 19, 3, 7, 2, 11, 11, 11, 10, 10, 4, 5], idx2=[9, 20, 20, 20, 20, 16, 16, 20, 17, 15, 15, 13, 13, 13], _checker='')