============================================================
BENCHMARK ID: 29 | DIMENSIONE: 15 | STRATEGIA: geometric
============================================================

Input Vector: [11, 2, 1, 12, 6, 15, 4, 8, 5, 9, 13, 14, 3, 10, 7]

STATO: RISOLTO
K: 11
TEMPO: 0.9680s
----------------------------------------
PIANO:
Solution(v=[[11, 2, 1, 12, 6, 15, 4, 8, 5, 9, 13, 14, 3, 10, 7], [11, 2, 1, 4, 6, 15, 12, 8, 5, 9, 13, 14, 3, 10, 7], [11, 2, 1, 4, 6, 7, 12, 8, 5, 9, 13, 14, 3, 10, 15], [11, 2, 1, 4, 6, 12, 7, 8, 5, 9, 13, 14, 3, 10, 15], [11, 2, 1, 4, 6, 12, 7, 8, 5, 9, 3, 14, 13, 10, 15], [3, 2, 1, 4, 6, 12, 7, 8, 5, 9, 11, 14, 13, 10, 15], [1, 2, 3, 4, 6, 12, 7, 8, 5, 9, 11, 14, 13, 10, 15], [1, 2, 3, 4, 6, 14, 7, 8, 5, 9, 11, 12, 13, 10, 15], [1, 2, 3, 4, 6, 14, 7, 8, 9, 5, 11, 12, 13, 10, 15], [1, 2, 3, 4, 6, 14, 7, 8, 9, 10, 11, 12, 13, 5, 15], [1, 2, 3, 4, 5, 14, 7, 8, 9, 10, 11, 12, 13, 6, 15], [1, 2, 3, 4, 5, 6, 7, 8, 9, 10, 11, 12, 13, 14, 15]], pos=[[3, 2, 13, 7, 9, 5, 15, 8, 10, 14, 1, 4, 11, 12, 6], [3, 2, 13, 4, 9, 5, 15, 8, 10, 14, 1, 7, 11, 12, 6], [3, 2, 13, 4, 9, 5, 6, 8, 10, 14, 1, 7, 11, 12, 15], [3, 2, 13, 4, 9, 5, 7, 8, 10, 14, 1, 6, 11, 12, 15], [3, 2, 11, 4, 9, 5, 7, 8, 10, 14, 1, 6, 13, 12, 15], [3, 2, 1, 4, 9, 5, 7, 8, 10, 14, 11, 6, 13, 12, 15], [1, 2, 3, 4, 9, 5, 7, 8, 10, 14, 11, 6, 13, 12, 15], [1, 2, 3, 4, 9, 5, 7, 8, 10, 14, 11, 12, 13, 6, 15], [1, 2, 3, 4, 10, 5, 7, 8, 9, 14, 11, 12, 13, 6, 15], [1, 2, 3, 4, 14, 5, 7, 8, 9, 10, 11, 12, 13, 6, 15], [1, 2, 3, 4, 5, 14, 7, 8, 9, 10, 11, 12, 13, 6, 15], [1, 2, 3, 4, 5, 6, 7, 8, 9, 10, 11, 12, 13, 14, 15]], idx1=[4, 6, 6, 11, 1, 1, 6, 9, 10, 5, 6], idx2=[7, 15, 7, 13, 11, 3, 12, 10, 14, 14, 14], _checker='')