============================================================
BENCHMARK ID: 41 | DIMENSIONE: 25 | STRATEGIA: geometric
============================================================

Input Vector: [4, 5, 14, 20, 18, 12, 9, 6, 3, 10, 21, 23, 15, 16, 1, 8, 11, 17, 2, 24, 7, 22, 19, 13, 25]

STATO: RISOLTO
K: 20
TEMPO: 2.4630s
----------------------------------------
PIANO:
Solution(v=[[4, 5, 14, 20, 18, 12, 9, 6, 3, 10, 21, 23, 15, 16, 1, 8, 11, 17, 2, 24, 7, 22, 19, 13, 25], [20, 5, 14, 4, 18, 12, 9, 6, 3, 10, 21, 23, 15, 16, 1, 8, 11, 17, 2, 24, 7, 22, 19, 13, 25], [20, 5, 14, 4, 18, 12, 9, 6, 3, 10, 21, 23, 15, 16, 1, 8, 11, 17, 19, 24, 7, 22, 2, 13, 25], [20, 5, 14, 4, 18, 12, 9, 6, 3, 10, 21, 2, 15, 16, 1, 8, 11, 17, 19, 24, 7, 22, 23, 13, 25], [20, 5, 14, 4, 18, 2, 9, 6, 3, 10, 21, 12, 15, 16, 1, 8, 11, 17, 19, 24, 7, 22, 23, 13, 25], [20, 2, 14, 4, 18, 5, 9, 6, 3, 10, 21, 12, 15, 16, 1, 8, 11, 17, 19, 24, 7, 22, 23, 13, 25], [20, 2, 14, 4, 18, 5, 3, 6, 9, 10, 21, 12, 15, 16, 1, 8, 11, 17, 19, 24, 7, 22, 23, 13, 25], [20, 2, 14, 4, 18, 5, 3, 6, 9, 10, 21, 12, 15, 8, 1, 16, 11, 17, 19, 24, 7, 22, 23, 13, 25], [20, 2, 8, 4, 18, 5, 3, 6, 9, 10, 21, 12, 15, 14, 1, 16, 11, 17, 19, 24, 7, 22, 23, 13, 25], [20, 2, 8, 4, 18, 5, 3, 6, 9, 10, 21, 12, 15, 14, 1, 16, 11, 17, 19, 13, 7, 22, 23, 24, 25], [13, 2, 8, 4, 18, 5, 3, 6, 9, 10, 21, 12, 15, 14, 1, 16, 11, 17, 19, 20, 7, 22, 23, 24, 25], [13, 2, 3, 4, 18, 5, 8, 6, 9, 10, 21, 12, 15, 14, 1, 16, 11, 17, 19, 20, 7, 22, 23, 24, 25], [13, 2, 3, 4, 17, 5, 8, 6, 9, 10, 21, 12, 15, 14, 1, 16, 11, 18, 19, 20, 7, 22, 23, 24, 25], [13, 2, 3, 4, 5, 17, 8, 6, 9, 10, 21, 12, 15, 14, 1, 16, 11, 18, 19, 20, 7, 22, 23, 24, 25], [13, 2, 3, 4, 5, 17, 8, 6, 9, 10, 11, 12, 15, 14, 1, 16, 21, 18, 19, 20, 7, 22, 23, 24, 25], [13, 2, 3, 4, 5, 17, 8, 6, 9, 10, 11, 12, 15, 14, 1, 16, 7, 18, 19, 20, 21, 22, 23, 24, 25], [13, 2, 3, 4, 5, 7, 8, 6, 9, 10, 11, 12, 15, 14, 1, 16, 17, 18, 19, 20, 21, 22, 23, 24, 25], [13, 2, 3, 4, 5, 7, 6, 8, 9, 10, 11, 12, 15, 14, 1, 16, 17, 18, 19, 20, 21, 22, 23, 24, 25], [13, 2, 3, 4, 5, 7, 6, 8, 9, 10, 11, 12, 1, 14, 15, 16, 17, 18, 19, 20, 21, 22, 23, 24, 25], [1, 2, 3, 4, 5, 7, 6, 8, 9, 10, 11, 12, 13, 14, 15, 16, 17, 18, 19, 20, 21, 22, 23, 24, 25], [1, 2, 3, 4, 5, 6, 7, 8, 9, 10, 11, 12, 13, 14, 15, 16, 17, 18, 19, 20, 21, 22, 23, 24, 25]], pos=[[15, 19, 9, 1, 2, 8, 21, 16, 7, 10, 17, 6, 24, 3, 13, 14, 18, 5, 23, 4, 11, 22, 12, 20, 25], [15, 19, 9, 4, 2, 8, 21, 16, 7, 10, 17, 6, 24, 3, 13, 14, 18, 5, 23, 1, 11, 22, 12, 20, 25], [15, 23, 9, 4, 2, 8, 21, 16, 7, 10, 17, 6, 24, 3, 13, 14, 18, 5, 19, 1, 11, 22, 12, 20, 25], [15, 12, 9, 4, 2, 8, 21, 16, 7, 10, 17, 6, 24, 3, 13, 14, 18, 5, 19, 1, 11, 22, 23, 20, 25], [15, 6, 9, 4, 2, 8, 21, 16, 7, 10, 17, 12, 24, 3, 13, 14, 18, 5, 19, 1, 11, 22, 23, 20, 25], [15, 2, 9, 4, 6, 8, 21, 16, 7, 10, 17, 12, 24, 3, 13, 14, 18, 5, 19, 1, 11, 22, 23, 20, 25], [15, 2, 7, 4, 6, 8, 21, 16, 9, 10, 17, 12, 24, 3, 13, 14, 18, 5, 19, 1, 11, 22, 23, 20, 25], [15, 2, 7, 4, 6, 8, 21, 14, 9, 10, 17, 12, 24, 3, 13, 16, 18, 5, 19, 1, 11, 22, 23, 20, 25], [15, 2, 7, 4, 6, 8, 21, 3, 9, 10, 17, 12, 24, 14, 13, 16, 18, 5, 19, 1, 11, 22, 23, 20, 25], [15, 2, 7, 4, 6, 8, 21, 3, 9, 10, 17, 12, 20, 14, 13, 16, 18, 5, 19, 1, 11, 22, 23, 24, 25], [15, 2, 7, 4, 6, 8, 21, 3, 9, 10, 17, 12, 1, 14, 13, 16, 18, 5, 19, 20, 11, 22, 23, 24, 25], [15, 2, 3, 4, 6, 8, 21, 7, 9, 10, 17, 12, 1, 14, 13, 16, 18, 5, 19, 20, 11, 22, 23, 24, 25], [15, 2, 3, 4, 6, 8, 21, 7, 9, 10, 17, 12, 1, 14, 13, 16, 5, 18, 19, 20, 11, 22, 23, 24, 25], [15, 2, 3, 4, 5, 8, 21, 7, 9, 10, 17, 12, 1, 14, 13, 16, 6, 18, 19, 20, 11, 22, 23, 24, 25], [15, 2, 3, 4, 5, 8, 21, 7, 9, 10, 11, 12, 1, 14, 13, 16, 6, 18, 19, 20, 17, 22, 23, 24, 25], [15, 2, 3, 4, 5, 8, 17, 7, 9, 10, 11, 12, 1, 14, 13, 16, 6, 18, 19, 20, 21, 22, 23, 24, 25], [15, 2, 3, 4, 5, 8, 6, 7, 9, 10, 11, 12, 1, 14, 13, 16, 17, 18, 19, 20, 21, 22, 23, 24, 25], [15, 2, 3, 4, 5, 7, 6, 8, 9, 10, 11, 12, 1, 14, 13, 16, 17, 18, 19, 20, 21, 22, 23, 24, 25], [13, 2, 3, 4, 5, 7, 6, 8, 9, 10, 11, 12, 1, 14, 15, 16, 17, 18, 19, 20, 21, 22, 23, 24, 25], [1, 2, 3, 4, 5, 7, 6, 8, 9, 10, 11, 12, 13, 14, 15, 16, 17, 18, 19, 20, 21, 22, 23, 24, 25], [1, 2, 3, 4, 5, 6, 7, 8, 9, 10, 11, 12, 13, 14, 15, 16, 17, 18, 19, 20, 21, 22, 23, 24, 25]], idx1=[1, 19, 12, 6, 2, 7, 14, 3, 20, 1, 3, 5, 5, 11, 17, 6, 7, 13, 1, 6], idx2=[4, 23, 23, 12, 6, 9, 16, 14, 24, 20, 7, 18, 6, 17, 21, 17, 8, 15, 13, 7], _checker='')