============================================================
BENCHMARK ID: 43 | DIMENSIONE: 25 | STRATEGIA: geometric
============================================================

Input Vector: [18, 8, 4, 17, 9, 10, 12, 22, 16, 3, 6, 15, 7, 21, 19, 24, 25, 20, 1, 5, 13, 23, 11, 2, 14]

STATO: RISOLTO
K: 24
TEMPO: 22.2900s
----------------------------------------
PIANO:
Solution(v=[[18, 8, 4, 17, 9, 10, 12, 22, 16, 3, 6, 15, 7, 21, 19, 24, 25, 20, 1, 5, 13, 23, 11, 2, 14], [18, 8, 4, 25, 9, 10, 12, 22, 16, 3, 6, 15, 7, 21, 19, 24, 17, 20, 1, 5, 13, 23, 11, 2, 14], [18, 8, 4, 14, 9, 10, 12, 22, 16, 3, 6, 15, 7, 21, 19, 24, 17, 20, 1, 5, 13, 23, 11, 2, 25], [18, 8, 4, 14, 9, 10, 12, 22, 16, 3, 6, 19, 7, 21, 15, 24, 17, 20, 1, 5, 13, 23, 11, 2, 25], [18, 8, 4, 14, 9, 10, 19, 22, 16, 3, 6, 12, 7, 21, 15, 24, 17, 20, 1, 5, 13, 23, 11, 2, 25], [18, 8, 4, 14, 9, 10, 19, 22, 16, 3, 6, 12, 7, 21, 15, 2, 17, 20, 1, 5, 13, 23, 11, 24, 25], [18, 8, 4, 14, 9, 10, 19, 22, 16, 3, 6, 12, 7, 21, 15, 2, 17, 20, 1, 5, 13, 11, 23, 24, 25], [18, 8, 4, 14, 9, 10, 19, 11, 16, 3, 6, 12, 7, 21, 15, 2, 17, 20, 1, 5, 13, 22, 23, 24, 25], [18, 8, 4, 14, 9, 10, 19, 11, 16, 3, 6, 12, 7, 13, 15, 2, 17, 20, 1, 5, 21, 22, 23, 24, 25], [18, 8, 4, 14, 9, 10, 19, 11, 16, 3, 6, 12, 13, 7, 15, 2, 17, 20, 1, 5, 21, 22, 23, 24, 25], [18, 8, 4, 14, 9, 10, 19, 11, 16, 3, 6, 12, 13, 7, 15, 2, 17, 5, 1, 20, 21, 22, 23, 24, 25], [18, 8, 4, 14, 5, 10, 19, 11, 16, 3, 6, 12, 13, 7, 15, 2, 17, 9, 1, 20, 21, 22, 23, 24, 25], [9, 8, 4, 14, 5, 10, 19, 11, 16, 3, 6, 12, 13, 7, 15, 2, 17, 18, 1, 20, 21, 22, 23, 24, 25], [9, 8, 3, 14, 5, 10, 19, 11, 16, 4, 6, 12, 13, 7, 15, 2, 17, 18, 1, 20, 21, 22, 23, 24, 25], [9, 8, 3, 7, 5, 10, 19, 11, 16, 4, 6, 12, 13, 14, 15, 2, 17, 18, 1, 20, 21, 22, 23, 24, 25], [9, 8, 3, 7, 5, 10, 19, 6, 16, 4, 11, 12, 13, 14, 15, 2, 17, 18, 1, 20, 21, 22, 23, 24, 25], [9, 8, 3, 7, 5, 6, 19, 10, 16, 4, 11, 12, 13, 14, 15, 2, 17, 18, 1, 20, 21, 22, 23, 24, 25], [9, 8, 3, 7, 5, 6, 1, 10, 16, 4, 11, 12, 13, 14, 15, 2, 17, 18, 19, 20, 21, 22, 23, 24, 25], [9, 8, 3, 7, 5, 6, 1, 4, 16, 10, 11, 12, 13, 14, 15, 2, 17, 18, 19, 20, 21, 22, 23, 24, 25], [9, 8, 3, 4, 5, 6, 1, 7, 16, 10, 11, 12, 13, 14, 15, 2, 17, 18, 19, 20, 21, 22, 23, 24, 25], [9, 8, 3, 4, 5, 6, 1, 7, 2, 10, 11, 12, 13, 14, 15, 16, 17, 18, 19, 20, 21, 22, 23, 24, 25], [2, 8, 3, 4, 5, 6, 1, 7, 9, 10, 11, 12, 13, 14, 15, 16, 17, 18, 19, 20, 21, 22, 23, 24, 25], [2, 8, 3, 4, 5, 6, 7, 1, 9, 10, 11, 12, 13, 14, 15, 16, 17, 18, 19, 20, 21, 22, 23, 24, 25], [2, 1, 3, 4, 5, 6, 7, 8, 9, 10, 11, 12, 13, 14, 15, 16, 17, 18, 19, 20, 21, 22, 23, 24, 25], [1, 2, 3, 4, 5, 6, 7, 8, 9, 10, 11, 12, 13, 14, 15, 16, 17, 18, 19, 20, 21, 22, 23, 24, 25]], pos=[[19, 24, 10, 3, 20, 11, 13, 2, 5, 6, 23, 7, 21, 25, 12, 9, 4, 1, 15, 18, 14, 8, 22, 16, 17], [19, 24, 10, 3, 20, 11, 13, 2, 5, 6, 23, 7, 21, 25, 12, 9, 17, 1, 15, 18, 14, 8, 22, 16, 4], [19, 24, 10, 3, 20, 11, 13, 2, 5, 6, 23, 7, 21, 4, 12, 9, 17, 1, 15, 18, 14, 8, 22, 16, 25], [19, 24, 10, 3, 20, 11, 13, 2, 5, 6, 23, 7, 21, 4, 15, 9, 17, 1, 12, 18, 14, 8, 22, 16, 25], [19, 24, 10, 3, 20, 11, 13, 2, 5, 6, 23, 12, 21, 4, 15, 9, 17, 1, 7, 18, 14, 8, 22, 16, 25], [19, 16, 10, 3, 20, 11, 13, 2, 5, 6, 23, 12, 21, 4, 15, 9, 17, 1, 7, 18, 14, 8, 22, 24, 25], [19, 16, 10, 3, 20, 11, 13, 2, 5, 6, 22, 12, 21, 4, 15, 9, 17, 1, 7, 18, 14, 8, 23, 24, 25], [19, 16, 10, 3, 20, 11, 13, 2, 5, 6, 8, 12, 21, 4, 15, 9, 17, 1, 7, 18, 14, 22, 23, 24, 25], [19, 16, 10, 3, 20, 11, 13, 2, 5, 6, 8, 12, 14, 4, 15, 9, 17, 1, 7, 18, 21, 22, 23, 24, 25], [19, 16, 10, 3, 20, 11, 14, 2, 5, 6, 8, 12, 13, 4, 15, 9, 17, 1, 7, 18, 21, 22, 23, 24, 25], [19, 16, 10, 3, 18, 11, 14, 2, 5, 6, 8, 12, 13, 4, 15, 9, 17, 1, 7, 20, 21, 22, 23, 24, 25], [19, 16, 10, 3, 5, 11, 14, 2, 18, 6, 8, 12, 13, 4, 15, 9, 17, 1, 7, 20, 21, 22, 23, 24, 25], [19, 16, 10, 3, 5, 11, 14, 2, 1, 6, 8, 12, 13, 4, 15, 9, 17, 18, 7, 20, 21, 22, 23, 24, 25], [19, 16, 3, 10, 5, 11, 14, 2, 1, 6, 8, 12, 13, 4, 15, 9, 17, 18, 7, 20, 21, 22, 23, 24, 25], [19, 16, 3, 10, 5, 11, 4, 2, 1, 6, 8, 12, 13, 14, 15, 9, 17, 18, 7, 20, 21, 22, 23, 24, 25], [19, 16, 3, 10, 5, 8, 4, 2, 1, 6, 11, 12, 13, 14, 15, 9, 17, 18, 7, 20, 21, 22, 23, 24, 25], [19, 16, 3, 10, 5, 6, 4, 2, 1, 8, 11, 12, 13, 14, 15, 9, 17, 18, 7, 20, 21, 22, 23, 24, 25], [7, 16, 3, 10, 5, 6, 4, 2, 1, 8, 11, 12, 13, 14, 15, 9, 17, 18, 19, 20, 21, 22, 23, 24, 25], [7, 16, 3, 8, 5, 6, 4, 2, 1, 10, 11, 12, 13, 14, 15, 9, 17, 18, 19, 20, 21, 22, 23, 24, 25], [7, 16, 3, 4, 5, 6, 8, 2, 1, 10, 11, 12, 13, 14, 15, 9, 17, 18, 19, 20, 21, 22, 23, 24, 25], [7, 9, 3, 4, 5, 6, 8, 2, 1, 10, 11, 12, 13, 14, 15, 16, 17, 18, 19, 20, 21, 22, 23, 24, 25], [7, 1, 3, 4, 5, 6, 8, 2, 9, 10, 11, 12, 13, 14, 15, 16, 17, 18, 19, 20, 21, 22, 23, 24, 25], [8, 1, 3, 4, 5, 6, 7, 2, 9, 10, 11, 12, 13, 14, 15, 16, 17, 18, 19, 20, 21, 22, 23, 24, 25], [2, 1, 3, 4, 5, 6, 7, 8, 9, 10, 11, 12, 13, 14, 15, 16, 17, 18, 19, 20, 21, 22, 23, 24, 25], [1, 2, 3, 4, 5, 6, 7, 8, 9, 10, 11, 12, 13, 14, 15, 16, 17, 18, 19, 20, 21, 22, 23, 24, 25]], idx1=[4, 4, 12, 7, 16, 22, 8, 14, 13, 18, 5, 1, 3, 4, 8, 6, 7, 8, 4, 9, 1, 7, 2, 1], idx2=[17, 25, 15, 12, 24, 23, 22, 21, 14, 20, 18, 18, 10, 14, 11, 8, 19, 10, 8, 16, 9, 8, 8, 2], _checker='')