============================================================
BENCHMARK ID: 58 | DIMENSIONE: 30 | STRATEGIA: geometric
============================================================

Input Vector: [26, 22, 6, 24, 2, 12, 9, 30, 13, 28, 18, 21, 7, 16, 19, 8, 4, 3, 5, 23, 25, 14, 10, 15, 11, 20, 17, 27, 29, 1]

STATO: RISOLTO
K: 26
TEMPO: 208.7730s
----------------------------------------
PIANO:
Solution(v=[[26, 22, 6, 24, 2, 12, 9, 30, 13, 28, 18, 21, 7, 16, 19, 8, 4, 3, 5, 23, 25, 14, 10, 15, 11, 20, 17, 27, 29, 1], [26, 22, 6, 24, 2, 12, 9, 30, 13, 28, 18, 21, 7, 16, 15, 8, 4, 3, 5, 23, 25, 14, 10, 19, 11, 20, 17, 27, 29, 1], [26, 22, 6, 24, 2, 12, 9, 30, 13, 28, 18, 21, 7, 16, 15, 8, 4, 3, 19, 23, 25, 14, 10, 5, 11, 20, 17, 27, 29, 1], [26, 22, 6, 24, 5, 12, 9, 30, 13, 28, 18, 21, 7, 16, 15, 8, 4, 3, 19, 23, 25, 14, 10, 2, 11, 20, 17, 27, 29, 1], [26, 22, 6, 24, 5, 12, 9, 30, 13, 28, 18, 25, 7, 16, 15, 8, 4, 3, 19, 23, 21, 14, 10, 2, 11, 20, 17, 27, 29, 1], [26, 22, 6, 24, 5, 12, 9, 30, 13, 28, 18, 25, 7, 8, 15, 16, 4, 3, 19, 23, 21, 14, 10, 2, 11, 20, 17, 27, 29, 1], [26, 22, 6, 24, 5, 12, 9, 30, 13, 28, 18, 25, 7, 8, 15, 16, 4, 3, 19, 10, 21, 14, 23, 2, 11, 20, 17, 27, 29, 1], [26, 22, 6, 24, 5, 12, 9, 30, 13, 10, 18, 25, 7, 8, 15, 16, 4, 3, 19, 28, 21, 14, 23, 2, 11, 20, 17, 27, 29, 1], [26, 22, 6, 24, 5, 12, 9, 30, 13, 10, 11, 25, 7, 8, 15, 16, 4, 3, 19, 28, 21, 14, 23, 2, 18, 20, 17, 27, 29, 1], [26, 22, 6, 24, 5, 12, 9, 30, 13, 10, 11, 25, 7, 8, 15, 16, 17, 3, 19, 28, 21, 14, 23, 2, 18, 20, 4, 27, 29, 1], [26, 22, 6, 4, 5, 12, 9, 30, 13, 10, 11, 25, 7, 8, 15, 16, 17, 3, 19, 28, 21, 14, 23, 2, 18, 20, 24, 27, 29, 1], [26, 22, 6, 4, 5, 12, 9, 8, 13, 10, 11, 25, 7, 30, 15, 16, 17, 3, 19, 28, 21, 14, 23, 2, 18, 20, 24, 27, 29, 1], [26, 22, 6, 4, 5, 12, 9, 8, 13, 10, 11, 25, 7, 30, 15, 16, 17, 3, 19, 28, 21, 14, 23, 24, 18, 20, 2, 27, 29, 1], [26, 22, 6, 4, 5, 12, 9, 8, 13, 10, 11, 25, 7, 30, 15, 16, 17, 3, 19, 28, 21, 14, 23, 24, 18, 20, 27, 2, 29, 1], [26, 2, 6, 4, 5, 12, 9, 8, 13, 10, 11, 25, 7, 30, 15, 16, 17, 3, 19, 28, 21, 14, 23, 24, 18, 20, 27, 22, 29, 1], [26, 2, 12, 4, 5, 6, 9, 8, 13, 10, 11, 25, 7, 30, 15, 16, 17, 3, 19, 28, 21, 14, 23, 24, 18, 20, 27, 22, 29, 1], [26, 2, 12, 4, 5, 6, 9, 8, 13, 10, 11, 25, 7, 30, 15, 16, 17, 3, 19, 20, 21, 14, 23, 24, 18, 28, 27, 22, 29, 1], [26, 2, 12, 4, 5, 6, 9, 8, 13, 10, 11, 25, 7, 30, 15, 16, 17, 3, 19, 20, 21, 22, 23, 24, 18, 28, 27, 14, 29, 1], [26, 2, 12, 4, 5, 6, 9, 8, 13, 10, 11, 25, 7, 30, 15, 16, 17, 3, 19, 20, 21, 22, 23, 24, 18, 14, 27, 28, 29, 1], [26, 2, 12, 4, 5, 6, 9, 8, 13, 10, 11, 25, 7, 14, 15, 16, 17, 3, 19, 20, 21, 22, 23, 24, 18, 30, 27, 28, 29, 1], [30, 2, 12, 4, 5, 6, 9, 8, 13, 10, 11, 25, 7, 14, 15, 16, 17, 3, 19, 20, 21, 22, 23, 24, 18, 26, 27, 28, 29, 1], [1, 2, 12, 4, 5, 6, 9, 8, 13, 10, 11, 25, 7, 14, 15, 16, 17, 3, 19, 20, 21, 22, 23, 24, 18, 26, 27, 28, 29, 30], [1, 2, 12, 4, 5, 6, 7, 8, 13, 10, 11, 25, 9, 14, 15, 16, 17, 3, 19, 20, 21, 22, 23, 24, 18, 26, 27, 28, 29, 30], [1, 2, 12, 4, 5, 6, 7, 8, 9, 10, 11, 25, 13, 14, 15, 16, 17, 3, 19, 20, 21, 22, 23, 24, 18, 26, 27, 28, 29, 30], [1, 2, 12, 4, 5, 6, 7, 8, 9, 10, 11, 25, 13, 14, 15, 16, 17, 18, 19, 20, 21, 22, 23, 24, 3, 26, 27, 28, 29, 30], [1, 2, 12, 4, 5, 6, 7, 8, 9, 10, 11, 3, 13, 14, 15, 16, 17, 18, 19, 20, 21, 22, 23, 24, 25, 26, 27, 28, 29, 30], [1, 2, 3, 4, 5, 6, 7, 8, 9, 10, 11, 12, 13, 14, 15, 16, 17, 18, 19, 20, 21, 22, 23, 24, 25, 26, 27, 28, 29, 30]], pos=[[30, 5, 18, 17, 19, 3, 13, 16, 7, 23, 25, 6, 9, 22, 24, 14, 27, 11, 15, 26, 12, 2, 20, 4, 21, 1, 28, 10, 29, 8], [30, 5, 18, 17, 19, 3, 13, 16, 7, 23, 25, 6, 9, 22, 15, 14, 27, 11, 24, 26, 12, 2, 20, 4, 21, 1, 28, 10, 29, 8], [30, 5, 18, 17, 24, 3, 13, 16, 7, 23, 25, 6, 9, 22, 15, 14, 27, 11, 19, 26, 12, 2, 20, 4, 21, 1, 28, 10, 29, 8], [30, 24, 18, 17, 5, 3, 13, 16, 7, 23, 25, 6, 9, 22, 15, 14, 27, 11, 19, 26, 12, 2, 20, 4, 21, 1, 28, 10, 29, 8], [30, 24, 18, 17, 5, 3, 13, 16, 7, 23, 25, 6, 9, 22, 15, 14, 27, 11, 19, 26, 21, 2, 20, 4, 12, 1, 28, 10, 29, 8], [30, 24, 18, 17, 5, 3, 13, 14, 7, 23, 25, 6, 9, 22, 15, 16, 27, 11, 19, 26, 21, 2, 20, 4, 12, 1, 28, 10, 29, 8], [30, 24, 18, 17, 5, 3, 13, 14, 7, 20, 25, 6, 9, 22, 15, 16, 27, 11, 19, 26, 21, 2, 23, 4, 12, 1, 28, 10, 29, 8], [30, 24, 18, 17, 5, 3, 13, 14, 7, 10, 25, 6, 9, 22, 15, 16, 27, 11, 19, 26, 21, 2, 23, 4, 12, 1, 28, 20, 29, 8], [30, 24, 18, 17, 5, 3, 13, 14, 7, 10, 11, 6, 9, 22, 15, 16, 27, 25, 19, 26, 21, 2, 23, 4, 12, 1, 28, 20, 29, 8], [30, 24, 18, 27, 5, 3, 13, 14, 7, 10, 11, 6, 9, 22, 15, 16, 17, 25, 19, 26, 21, 2, 23, 4, 12, 1, 28, 20, 29, 8], [30, 24, 18, 4, 5, 3, 13, 14, 7, 10, 11, 6, 9, 22, 15, 16, 17, 25, 19, 26, 21, 2, 23, 27, 12, 1, 28, 20, 29, 8], [30, 24, 18, 4, 5, 3, 13, 8, 7, 10, 11, 6, 9, 22, 15, 16, 17, 25, 19, 26, 21, 2, 23, 27, 12, 1, 28, 20, 29, 14], [30, 27, 18, 4, 5, 3, 13, 8, 7, 10, 11, 6, 9, 22, 15, 16, 17, 25, 19, 26, 21, 2, 23, 24, 12, 1, 28, 20, 29, 14], [30, 28, 18, 4, 5, 3, 13, 8, 7, 10, 11, 6, 9, 22, 15, 16, 17, 25, 19, 26, 21, 2, 23, 24, 12, 1, 27, 20, 29, 14], [30, 2, 18, 4, 5, 3, 13, 8, 7, 10, 11, 6, 9, 22, 15, 16, 17, 25, 19, 26, 21, 28, 23, 24, 12, 1, 27, 20, 29, 14], [30, 2, 18, 4, 5, 6, 13, 8, 7, 10, 11, 3, 9, 22, 15, 16, 17, 25, 19, 26, 21, 28, 23, 24, 12, 1, 27, 20, 29, 14], [30, 2, 18, 4, 5, 6, 13, 8, 7, 10, 11, 3, 9, 22, 15, 16, 17, 25, 19, 20, 21, 28, 23, 24, 12, 1, 27, 26, 29, 14], [30, 2, 18, 4, 5, 6, 13, 8, 7, 10, 11, 3, 9, 28, 15, 16, 17, 25, 19, 20, 21, 22, 23, 24, 12, 1, 27, 26, 29, 14], [30, 2, 18, 4, 5, 6, 13, 8, 7, 10, 11, 3, 9, 26, 15, 16, 17, 25, 19, 20, 21, 22, 23, 24, 12, 1, 27, 28, 29, 14], [30, 2, 18, 4, 5, 6, 13, 8, 7, 10, 11, 3, 9, 14, 15, 16, 17, 25, 19, 20, 21, 22, 23, 24, 12, 1, 27, 28, 29, 26], [30, 2, 18, 4, 5, 6, 13, 8, 7, 10, 11, 3, 9, 14, 15, 16, 17, 25, 19, 20, 21, 22, 23, 24, 12, 26, 27, 28, 29, 1], [1, 2, 18, 4, 5, 6, 13, 8, 7, 10, 11, 3, 9, 14, 15, 16, 17, 25, 19, 20, 21, 22, 23, 24, 12, 26, 27, 28, 29, 30], [1, 2, 18, 4, 5, 6, 7, 8, 13, 10, 11, 3, 9, 14, 15, 16, 17, 25, 19, 20, 21, 22, 23, 24, 12, 26, 27, 28, 29, 30], [1, 2, 18, 4, 5, 6, 7, 8, 9, 10, 11, 3, 13, 14, 15, 16, 17, 25, 19, 20, 21, 22, 23, 24, 12, 26, 27, 28, 29, 30], [1, 2, 25, 4, 5, 6, 7, 8, 9, 10, 11, 3, 13, 14, 15, 16, 17, 18, 19, 20, 21, 22, 23, 24, 12, 26, 27, 28, 29, 30], [1, 2, 12, 4, 5, 6, 7, 8, 9, 10, 11, 3, 13, 14, 15, 16, 17, 18, 19, 20, 21, 22, 23, 24, 25, 26, 27, 28, 29, 30], [1, 2, 3, 4, 5, 6, 7, 8, 9, 10, 11, 12, 13, 14, 15, 16, 17, 18, 19, 20, 21, 22, 23, 24, 25, 26, 27, 28, 29, 30]], idx1=[15, 19, 5, 12, 14, 20, 10, 11, 17, 4, 8, 24, 27, 2, 3, 20, 22, 26, 14, 1, 1, 7, 9, 18, 12, 3], idx2=[24, 24, 24, 21, 16, 23, 20, 25, 27, 27, 14, 27, 28, 28, 6, 26, 28, 28, 26, 26, 30, 13, 13, 25, 25, 12], _checker='')