============================================================
BENCHMARK ID: 30 | DIMENSIONE: 15 | STRATEGIA: geometric
============================================================

Input Vector: [10, 11, 15, 4, 12, 3, 13, 2, 6, 8, 5, 1, 7, 14, 9]

STATO: RISOLTO
K: 10
TEMPO: 0.2280s
----------------------------------------
PIANO:
Solution(v=[[10, 11, 15, 4, 12, 3, 13, 2, 6, 8, 5, 1, 7, 14, 9], [10, 11, 15, 4, 12, 6, 13, 2, 3, 8, 5, 1, 7, 14, 9], [10, 11, 3, 4, 12, 6, 13, 2, 15, 8, 5, 1, 7, 14, 9], [10, 11, 3, 4, 12, 6, 7, 2, 15, 8, 5, 1, 13, 14, 9], [10, 11, 3, 4, 12, 6, 7, 8, 15, 2, 5, 1, 13, 14, 9], [10, 2, 3, 4, 12, 6, 7, 8, 15, 11, 5, 1, 13, 14, 9], [10, 2, 3, 4, 12, 6, 7, 8, 15, 5, 11, 1, 13, 14, 9], [5, 2, 3, 4, 12, 6, 7, 8, 15, 10, 11, 1, 13, 14, 9], [5, 2, 3, 4, 1, 6, 7, 8, 15, 10, 11, 12, 13, 14, 9], [1, 2, 3, 4, 5, 6, 7, 8, 15, 10, 11, 12, 13, 14, 9], [1, 2, 3, 4, 5, 6, 7, 8, 9, 10, 11, 12, 13, 14, 15]], pos=[[12, 8, 6, 4, 11, 9, 13, 10, 15, 1, 2, 5, 7, 14, 3], [12, 8, 9, 4, 11, 6, 13, 10, 15, 1, 2, 5, 7, 14, 3], [12, 8, 3, 4, 11, 6, 13, 10, 15, 1, 2, 5, 7, 14, 9], [12, 8, 3, 4, 11, 6, 7, 10, 15, 1, 2, 5, 13, 14, 9], [12, 10, 3, 4, 11, 6, 7, 8, 15, 1, 2, 5, 13, 14, 9], [12, 2, 3, 4, 11, 6, 7, 8, 15, 1, 10, 5, 13, 14, 9], [12, 2, 3, 4, 10, 6, 7, 8, 15, 1, 11, 5, 13, 14, 9], [12, 2, 3, 4, 1, 6, 7, 8, 15, 10, 11, 5, 13, 14, 9], [5, 2, 3, 4, 1, 6, 7, 8, 15, 10, 11, 12, 13, 14, 9], [1, 2, 3, 4, 5, 6, 7, 8, 15, 10, 11, 12, 13, 14, 9], [1, 2, 3, 4, 5, 6, 7, 8, 9, 10, 11, 12, 13, 14, 15]], idx1=[6, 3, 7, 8, 2, 10, 1, 5, 1, 9], idx2=[9, 9, 13, 10, 10, 11, 10, 12, 5, 15], _checker='')