============================================================
BENCHMARK ID: 60 | DIMENSIONE: 30 | STRATEGIA: smallest
============================================================

Input Vector: [6, 7, 13, 8, 17, 1, 18, 10, 25, 14, 26, 24, 3, 27, 19, 22, 29, 12, 9, 16, 30, 5, 20, 11, 4, 2, 23, 28, 15, 21]

STATO: RISOLTO
K: 24
TEMPO: 0.2460s
----------------------------------------
PIANO:
Solution(v=[[6, 7, 13, 8, 17, 1, 18, 10, 25, 14, 26, 24, 3, 27, 19, 22, 29, 12, 9, 16, 30, 5, 20, 11, 4, 2, 23, 28, 15, 21], [1, 7, 13, 8, 17, 6, 18, 10, 25, 14, 26, 24, 3, 27, 19, 22, 29, 12, 9, 16, 30, 5, 20, 11, 4, 2, 23, 28, 15, 21], [1, 18, 13, 8, 17, 6, 7, 10, 25, 14, 26, 24, 3, 27, 19, 22, 29, 12, 9, 16, 30, 5, 20, 11, 4, 2, 23, 28, 15, 21], [1, 12, 13, 8, 17, 6, 7, 10, 25, 14, 26, 24, 3, 27, 19, 22, 29, 18, 9, 16, 30, 5, 20, 11, 4, 2, 23, 28, 15, 21], [1, 24, 13, 8, 17, 6, 7, 10, 25, 14, 26, 12, 3, 27, 19, 22, 29, 18, 9, 16, 30, 5, 20, 11, 4, 2, 23, 28, 15, 21], [1, 11, 13, 8, 17, 6, 7, 10, 25, 14, 26, 12, 3, 27, 19, 22, 29, 18, 9, 16, 30, 5, 20, 24, 4, 2, 23, 28, 15, 21], [1, 26, 13, 8, 17, 6, 7, 10, 25, 14, 11, 12, 3, 27, 19, 22, 29, 18, 9, 16, 30, 5, 20, 24, 4, 2, 23, 28, 15, 21], [1, 2, 13, 8, 17, 6, 7, 10, 25, 14, 11, 12, 3, 27, 19, 22, 29, 18, 9, 16, 30, 5, 20, 24, 4, 26, 23, 28, 15, 21], [1, 2, 3, 8, 17, 6, 7, 10, 25, 14, 11, 12, 13, 27, 19, 22, 29, 18, 9, 16, 30, 5, 20, 24, 4, 26, 23, 28, 15, 21], [1, 2, 3, 10, 17, 6, 7, 8, 25, 14, 11, 12, 13, 27, 19, 22, 29, 18, 9, 16, 30, 5, 20, 24, 4, 26, 23, 28, 15, 21], [1, 2, 3, 14, 17, 6, 7, 8, 25, 10, 11, 12, 13, 27, 19, 22, 29, 18, 9, 16, 30, 5, 20, 24, 4, 26, 23, 28, 15, 21], [1, 2, 3, 27, 17, 6, 7, 8, 25, 10, 11, 12, 13, 14, 19, 22, 29, 18, 9, 16, 30, 5, 20, 24, 4, 26, 23, 28, 15, 21], [1, 2, 3, 23, 17, 6, 7, 8, 25, 10, 11, 12, 13, 14, 19, 22, 29, 18, 9, 16, 30, 5, 20, 24, 4, 26, 27, 28, 15, 21], [1, 2, 3, 20, 17, 6, 7, 8, 25, 10, 11, 12, 13, 14, 19, 22, 29, 18, 9, 16, 30, 5, 23, 24, 4, 26, 27, 28, 15, 21], [1, 2, 3, 16, 17, 6, 7, 8, 25, 10, 11, 12, 13, 14, 19, 22, 29, 18, 9, 20, 30, 5, 23, 24, 4, 26, 27, 28, 15, 21], [1, 2, 3, 22, 17, 6, 7, 8, 25, 10, 11, 12, 13, 14, 19, 16, 29, 18, 9, 20, 30, 5, 23, 24, 4, 26, 27, 28, 15, 21], [1, 2, 3, 5, 17, 6, 7, 8, 25, 10, 11, 12, 13, 14, 19, 16, 29, 18, 9, 20, 30, 22, 23, 24, 4, 26, 27, 28, 15, 21], [1, 2, 3, 17, 5, 6, 7, 8, 25, 10, 11, 12, 13, 14, 19, 16, 29, 18, 9, 20, 30, 22, 23, 24, 4, 26, 27, 28, 15, 21], [1, 2, 3, 29, 5, 6, 7, 8, 25, 10, 11, 12, 13, 14, 19, 16, 17, 18, 9, 20, 30, 22, 23, 24, 4, 26, 27, 28, 15, 21], [1, 2, 3, 15, 5, 6, 7, 8, 25, 10, 11, 12, 13, 14, 19, 16, 17, 18, 9, 20, 30, 22, 23, 24, 4, 26, 27, 28, 29, 21], [1, 2, 3, 19, 5, 6, 7, 8, 25, 10, 11, 12, 13, 14, 15, 16, 17, 18, 9, 20, 30, 22, 23, 24, 4, 26, 27, 28, 29, 21], [1, 2, 3, 9, 5, 6, 7, 8, 25, 10, 11, 12, 13, 14, 15, 16, 17, 18, 19, 20, 30, 22, 23, 24, 4, 26, 27, 28, 29, 21], [1, 2, 3, 25, 5, 6, 7, 8, 9, 10, 11, 12, 13, 14, 15, 16, 17, 18, 19, 20, 30, 22, 23, 24, 4, 26, 27, 28, 29, 21], [1, 2, 3, 4, 5, 6, 7, 8, 9, 10, 11, 12, 13, 14, 15, 16, 17, 18, 19, 20, 30, 22, 23, 24, 25, 26, 27, 28, 29, 21], [1, 2, 3, 4, 5, 6, 7, 8, 9, 10, 11, 12, 13, 14, 15, 16, 17, 18, 19, 20, 21, 22, 23, 24, 25, 26, 27, 28, 29, 30]], pos=[[6, 26, 13, 25, 22, 1, 2, 4, 19, 8, 24, 18, 3, 10, 29, 20, 5, 7, 15, 23, 30, 16, 27, 12, 9, 11, 14, 28, 17, 21], [1, 26, 13, 25, 22, 6, 2, 4, 19, 8, 24, 18, 3, 10, 29, 20, 5, 7, 15, 23, 30, 16, 27, 12, 9, 11, 14, 28, 17, 21], [1, 26, 13, 25, 22, 6, 7, 4, 19, 8, 24, 18, 3, 10, 29, 20, 5, 2, 15, 23, 30, 16, 27, 12, 9, 11, 14, 28, 17, 21], [1, 26, 13, 25, 22, 6, 7, 4, 19, 8, 24, 2, 3, 10, 29, 20, 5, 18, 15, 23, 30, 16, 27, 12, 9, 11, 14, 28, 17, 21], [1, 26, 13, 25, 22, 6, 7, 4, 19, 8, 24, 12, 3, 10, 29, 20, 5, 18, 15, 23, 30, 16, 27, 2, 9, 11, 14, 28, 17, 21], [1, 26, 13, 25, 22, 6, 7, 4, 19, 8, 2, 12, 3, 10, 29, 20, 5, 18, 15, 23, 30, 16, 27, 24, 9, 11, 14, 28, 17, 21], [1, 26, 13, 25, 22, 6, 7, 4, 19, 8, 11, 12, 3, 10, 29, 20, 5, 18, 15, 23, 30, 16, 27, 24, 9, 2, 14, 28, 17, 21], [1, 2, 13, 25, 22, 6, 7, 4, 19, 8, 11, 12, 3, 10, 29, 20, 5, 18, 15, 23, 30, 16, 27, 24, 9, 26, 14, 28, 17, 21], [1, 2, 3, 25, 22, 6, 7, 4, 19, 8, 11, 12, 13, 10, 29, 20, 5, 18, 15, 23, 30, 16, 27, 24, 9, 26, 14, 28, 17, 21], [1, 2, 3, 25, 22, 6, 7, 8, 19, 4, 11, 12, 13, 10, 29, 20, 5, 18, 15, 23, 30, 16, 27, 24, 9, 26, 14, 28, 17, 21], [1, 2, 3, 25, 22, 6, 7, 8, 19, 10, 11, 12, 13, 4, 29, 20, 5, 18, 15, 23, 30, 16, 27, 24, 9, 26, 14, 28, 17, 21], [1, 2, 3, 25, 22, 6, 7, 8, 19, 10, 11, 12, 13, 14, 29, 20, 5, 18, 15, 23, 30, 16, 27, 24, 9, 26, 4, 28, 17, 21], [1, 2, 3, 25, 22, 6, 7, 8, 19, 10, 11, 12, 13, 14, 29, 20, 5, 18, 15, 23, 30, 16, 4, 24, 9, 26, 27, 28, 17, 21], [1, 2, 3, 25, 22, 6, 7, 8, 19, 10, 11, 12, 13, 14, 29, 20, 5, 18, 15, 4, 30, 16, 23, 24, 9, 26, 27, 28, 17, 21], [1, 2, 3, 25, 22, 6, 7, 8, 19, 10, 11, 12, 13, 14, 29, 4, 5, 18, 15, 20, 30, 16, 23, 24, 9, 26, 27, 28, 17, 21], [1, 2, 3, 25, 22, 6, 7, 8, 19, 10, 11, 12, 13, 14, 29, 16, 5, 18, 15, 20, 30, 4, 23, 24, 9, 26, 27, 28, 17, 21], [1, 2, 3, 25, 4, 6, 7, 8, 19, 10, 11, 12, 13, 14, 29, 16, 5, 18, 15, 20, 30, 22, 23, 24, 9, 26, 27, 28, 17, 21], [1, 2, 3, 25, 5, 6, 7, 8, 19, 10, 11, 12, 13, 14, 29, 16, 4, 18, 15, 20, 30, 22, 23, 24, 9, 26, 27, 28, 17, 21], [1, 2, 3, 25, 5, 6, 7, 8, 19, 10, 11, 12, 13, 14, 29, 16, 17, 18, 15, 20, 30, 22, 23, 24, 9, 26, 27, 28, 4, 21], [1, 2, 3, 25, 5, 6, 7, 8, 19, 10, 11, 12, 13, 14, 4, 16, 17, 18, 15, 20, 30, 22, 23, 24, 9, 26, 27, 28, 29, 21], [1, 2, 3, 25, 5, 6, 7, 8, 19, 10, 11, 12, 13, 14, 15, 16, 17, 18, 4, 20, 30, 22, 23, 24, 9, 26, 27, 28, 29, 21], [1, 2, 3, 25, 5, 6, 7, 8, 4, 10, 11, 12, 13, 14, 15, 16, 17, 18, 19, 20, 30, 22, 23, 24, 9, 26, 27, 28, 29, 21], [1, 2, 3, 25, 5, 6, 7, 8, 9, 10, 11, 12, 13, 14, 15, 16, 17, 18, 19, 20, 30, 22, 23, 24, 4, 26, 27, 28, 29, 21], [1, 2, 3, 4, 5, 6, 7, 8, 9, 10, 11, 12, 13, 14, 15, 16, 17, 18, 19, 20, 30, 22, 23, 24, 25, 26, 27, 28, 29, 21], [1, 2, 3, 4, 5, 6, 7, 8, 9, 10, 11, 12, 13, 14, 15, 16, 17, 18, 19, 20, 21, 22, 23, 24, 25, 26, 27, 28, 29, 30]], idx1=[1, 2, 2, 2, 2, 2, 2, 3, 4, 4, 4, 4, 4, 4, 4, 4, 4, 4, 4, 4, 4, 4, 4, 21], idx2=[6, 7, 18, 12, 24, 11, 26, 13, 8, 10, 14, 27, 23, 20, 16, 22, 5, 17, 29, 15, 19, 9, 25, 30], _checker='')