============================================================
BENCHMARK ID: 41 | DIMENSIONE: 25 | STRATEGIA: smallest
============================================================

Input Vector: [4, 5, 14, 20, 18, 12, 9, 6, 3, 10, 21, 23, 15, 16, 1, 8, 11, 17, 2, 24, 7, 22, 19, 13, 25]

STATO: RISOLTO
K: 20
TEMPO: 0.2150s
----------------------------------------
PIANO:
Solution(v=[[4, 5, 14, 20, 18, 12, 9, 6, 3, 10, 21, 23, 15, 16, 1, 8, 11, 17, 2, 24, 7, 22, 19, 13, 25], [20, 5, 14, 4, 18, 12, 9, 6, 3, 10, 21, 23, 15, 16, 1, 8, 11, 17, 2, 24, 7, 22, 19, 13, 25], [24, 5, 14, 4, 18, 12, 9, 6, 3, 10, 21, 23, 15, 16, 1, 8, 11, 17, 2, 20, 7, 22, 19, 13, 25], [13, 5, 14, 4, 18, 12, 9, 6, 3, 10, 21, 23, 15, 16, 1, 8, 11, 17, 2, 20, 7, 22, 19, 24, 25], [15, 5, 14, 4, 18, 12, 9, 6, 3, 10, 21, 23, 13, 16, 1, 8, 11, 17, 2, 20, 7, 22, 19, 24, 25], [1, 5, 14, 4, 18, 12, 9, 6, 3, 10, 21, 23, 13, 16, 15, 8, 11, 17, 2, 20, 7, 22, 19, 24, 25], [1, 18, 14, 4, 5, 12, 9, 6, 3, 10, 21, 23, 13, 16, 15, 8, 11, 17, 2, 20, 7, 22, 19, 24, 25], [1, 17, 14, 4, 5, 12, 9, 6, 3, 10, 21, 23, 13, 16, 15, 8, 11, 18, 2, 20, 7, 22, 19, 24, 25], [1, 11, 14, 4, 5, 12, 9, 6, 3, 10, 21, 23, 13, 16, 15, 8, 17, 18, 2, 20, 7, 22, 19, 24, 25], [1, 21, 14, 4, 5, 12, 9, 6, 3, 10, 11, 23, 13, 16, 15, 8, 17, 18, 2, 20, 7, 22, 19, 24, 25], [1, 7, 14, 4, 5, 12, 9, 6, 3, 10, 11, 23, 13, 16, 15, 8, 17, 18, 2, 20, 21, 22, 19, 24, 25], [1, 9, 14, 4, 5, 12, 7, 6, 3, 10, 11, 23, 13, 16, 15, 8, 17, 18, 2, 20, 21, 22, 19, 24, 25], [1, 3, 14, 4, 5, 12, 7, 6, 9, 10, 11, 23, 13, 16, 15, 8, 17, 18, 2, 20, 21, 22, 19, 24, 25], [1, 14, 3, 4, 5, 12, 7, 6, 9, 10, 11, 23, 13, 16, 15, 8, 17, 18, 2, 20, 21, 22, 19, 24, 25], [1, 16, 3, 4, 5, 12, 7, 6, 9, 10, 11, 23, 13, 14, 15, 8, 17, 18, 2, 20, 21, 22, 19, 24, 25], [1, 8, 3, 4, 5, 12, 7, 6, 9, 10, 11, 23, 13, 14, 15, 16, 17, 18, 2, 20, 21, 22, 19, 24, 25], [1, 6, 3, 4, 5, 12, 7, 8, 9, 10, 11, 23, 13, 14, 15, 16, 17, 18, 2, 20, 21, 22, 19, 24, 25], [1, 12, 3, 4, 5, 6, 7, 8, 9, 10, 11, 23, 13, 14, 15, 16, 17, 18, 2, 20, 21, 22, 19, 24, 25], [1, 23, 3, 4, 5, 6, 7, 8, 9, 10, 11, 12, 13, 14, 15, 16, 17, 18, 2, 20, 21, 22, 19, 24, 25], [1, 19, 3, 4, 5, 6, 7, 8, 9, 10, 11, 12, 13, 14, 15, 16, 17, 18, 2, 20, 21, 22, 23, 24, 25], [1, 2, 3, 4, 5, 6, 7, 8, 9, 10, 11, 12, 13, 14, 15, 16, 17, 18, 19, 20, 21, 22, 23, 24, 25]], pos=[[15, 19, 9, 1, 2, 8, 21, 16, 7, 10, 17, 6, 24, 3, 13, 14, 18, 5, 23, 4, 11, 22, 12, 20, 25], [15, 19, 9, 4, 2, 8, 21, 16, 7, 10, 17, 6, 24, 3, 13, 14, 18, 5, 23, 1, 11, 22, 12, 20, 25], [15, 19, 9, 4, 2, 8, 21, 16, 7, 10, 17, 6, 24, 3, 13, 14, 18, 5, 23, 20, 11, 22, 12, 1, 25], [15, 19, 9, 4, 2, 8, 21, 16, 7, 10, 17, 6, 1, 3, 13, 14, 18, 5, 23, 20, 11, 22, 12, 24, 25], [15, 19, 9, 4, 2, 8, 21, 16, 7, 10, 17, 6, 13, 3, 1, 14, 18, 5, 23, 20, 11, 22, 12, 24, 25], [1, 19, 9, 4, 2, 8, 21, 16, 7, 10, 17, 6, 13, 3, 15, 14, 18, 5, 23, 20, 11, 22, 12, 24, 25], [1, 19, 9, 4, 5, 8, 21, 16, 7, 10, 17, 6, 13, 3, 15, 14, 18, 2, 23, 20, 11, 22, 12, 24, 25], [1, 19, 9, 4, 5, 8, 21, 16, 7, 10, 17, 6, 13, 3, 15, 14, 2, 18, 23, 20, 11, 22, 12, 24, 25], [1, 19, 9, 4, 5, 8, 21, 16, 7, 10, 2, 6, 13, 3, 15, 14, 17, 18, 23, 20, 11, 22, 12, 24, 25], [1, 19, 9, 4, 5, 8, 21, 16, 7, 10, 11, 6, 13, 3, 15, 14, 17, 18, 23, 20, 2, 22, 12, 24, 25], [1, 19, 9, 4, 5, 8, 2, 16, 7, 10, 11, 6, 13, 3, 15, 14, 17, 18, 23, 20, 21, 22, 12, 24, 25], [1, 19, 9, 4, 5, 8, 7, 16, 2, 10, 11, 6, 13, 3, 15, 14, 17, 18, 23, 20, 21, 22, 12, 24, 25], [1, 19, 2, 4, 5, 8, 7, 16, 9, 10, 11, 6, 13, 3, 15, 14, 17, 18, 23, 20, 21, 22, 12, 24, 25], [1, 19, 3, 4, 5, 8, 7, 16, 9, 10, 11, 6, 13, 2, 15, 14, 17, 18, 23, 20, 21, 22, 12, 24, 25], [1, 19, 3, 4, 5, 8, 7, 16, 9, 10, 11, 6, 13, 14, 15, 2, 17, 18, 23, 20, 21, 22, 12, 24, 25], [1, 19, 3, 4, 5, 8, 7, 2, 9, 10, 11, 6, 13, 14, 15, 16, 17, 18, 23, 20, 21, 22, 12, 24, 25], [1, 19, 3, 4, 5, 2, 7, 8, 9, 10, 11, 6, 13, 14, 15, 16, 17, 18, 23, 20, 21, 22, 12, 24, 25], [1, 19, 3, 4, 5, 6, 7, 8, 9, 10, 11, 2, 13, 14, 15, 16, 17, 18, 23, 20, 21, 22, 12, 24, 25], [1, 19, 3, 4, 5, 6, 7, 8, 9, 10, 11, 12, 13, 14, 15, 16, 17, 18, 23, 20, 21, 22, 2, 24, 25], [1, 19, 3, 4, 5, 6, 7, 8, 9, 10, 11, 12, 13, 14, 15, 16, 17, 18, 2, 20, 21, 22, 23, 24, 25], [1, 2, 3, 4, 5, 6, 7, 8, 9, 10, 11, 12, 13, 14, 15, 16, 17, 18, 19, 20, 21, 22, 23, 24, 25]], idx1=[1, 1, 1, 1, 1, 2, 2, 2, 2, 2, 2, 2, 2, 2, 2, 2, 2, 2, 2, 2], idx2=[4, 20, 24, 13, 15, 5, 18, 17, 11, 21, 7, 9, 3, 14, 16, 8, 6, 12, 23, 19], _checker='')