============================================================
BENCHMARK ID: 45 | DIMENSIONE: 25 | STRATEGIA: smallest
============================================================

Input Vector: [7, 16, 12, 13, 4, 5, 23, 21, 15, 14, 11, 18, 17, 25, 9, 2, 3, 22, 24, 10, 6, 19, 8, 1, 20]

STATO: RISOLTO
K: 20
TEMPO: 0.2090s
----------------------------------------
PIANO:
Solution(v=[[7, 16, 12, 13, 4, 5, 23, 21, 15, 14, 11, 18, 17, 25, 9, 2, 3, 22, 24, 10, 6, 19, 8, 1, 20], [23, 16, 12, 13, 4, 5, 7, 21, 15, 14, 11, 18, 17, 25, 9, 2, 3, 22, 24, 10, 6, 19, 8, 1, 20], [8, 16, 12, 13, 4, 5, 7, 21, 15, 14, 11, 18, 17, 25, 9, 2, 3, 22, 24, 10, 6, 19, 23, 1, 20], [21, 16, 12, 13, 4, 5, 7, 8, 15, 14, 11, 18, 17, 25, 9, 2, 3, 22, 24, 10, 6, 19, 23, 1, 20], [6, 16, 12, 13, 4, 5, 7, 8, 15, 14, 11, 18, 17, 25, 9, 2, 3, 22, 24, 10, 21, 19, 23, 1, 20], [5, 16, 12, 13, 4, 6, 7, 8, 15, 14, 11, 18, 17, 25, 9, 2, 3, 22, 24, 10, 21, 19, 23, 1, 20], [4, 16, 12, 13, 5, 6, 7, 8, 15, 14, 11, 18, 17, 25, 9, 2, 3, 22, 24, 10, 21, 19, 23, 1, 20], [13, 16, 12, 4, 5, 6, 7, 8, 15, 14, 11, 18, 17, 25, 9, 2, 3, 22, 24, 10, 21, 19, 23, 1, 20], [17, 16, 12, 4, 5, 6, 7, 8, 15, 14, 11, 18, 13, 25, 9, 2, 3, 22, 24, 10, 21, 19, 23, 1, 20], [3, 16, 12, 4, 5, 6, 7, 8, 15, 14, 11, 18, 13, 25, 9, 2, 17, 22, 24, 10, 21, 19, 23, 1, 20], [12, 16, 3, 4, 5, 6, 7, 8, 15, 14, 11, 18, 13, 25, 9, 2, 17, 22, 24, 10, 21, 19, 23, 1, 20], [18, 16, 3, 4, 5, 6, 7, 8, 15, 14, 11, 12, 13, 25, 9, 2, 17, 22, 24, 10, 21, 19, 23, 1, 20], [22, 16, 3, 4, 5, 6, 7, 8, 15, 14, 11, 12, 13, 25, 9, 2, 17, 18, 24, 10, 21, 19, 23, 1, 20], [19, 16, 3, 4, 5, 6, 7, 8, 15, 14, 11, 12, 13, 25, 9, 2, 17, 18, 24, 10, 21, 22, 23, 1, 20], [24, 16, 3, 4, 5, 6, 7, 8, 15, 14, 11, 12, 13, 25, 9, 2, 17, 18, 19, 10, 21, 22, 23, 1, 20], [1, 16, 3, 4, 5, 6, 7, 8, 15, 14, 11, 12, 13, 25, 9, 2, 17, 18, 19, 10, 21, 22, 23, 24, 20], [1, 2, 3, 4, 5, 6, 7, 8, 15, 14, 11, 12, 13, 25, 9, 16, 17, 18, 19, 10, 21, 22, 23, 24, 20], [1, 2, 3, 4, 5, 6, 7, 8, 9, 14, 11, 12, 13, 25, 15, 16, 17, 18, 19, 10, 21, 22, 23, 24, 20], [1, 2, 3, 4, 5, 6, 7, 8, 9, 25, 11, 12, 13, 14, 15, 16, 17, 18, 19, 10, 21, 22, 23, 24, 20], [1, 2, 3, 4, 5, 6, 7, 8, 9, 20, 11, 12, 13, 14, 15, 16, 17, 18, 19, 10, 21, 22, 23, 24, 25], [1, 2, 3, 4, 5, 6, 7, 8, 9, 10, 11, 12, 13, 14, 15, 16, 17, 18, 19, 20, 21, 22, 23, 24, 25]], pos=[[24, 16, 17, 5, 6, 21, 1, 23, 15, 20, 11, 3, 4, 10, 9, 2, 13, 12, 22, 25, 8, 18, 7, 19, 14], [24, 16, 17, 5, 6, 21, 7, 23, 15, 20, 11, 3, 4, 10, 9, 2, 13, 12, 22, 25, 8, 18, 1, 19, 14], [24, 16, 17, 5, 6, 21, 7, 1, 15, 20, 11, 3, 4, 10, 9, 2, 13, 12, 22, 25, 8, 18, 23, 19, 14], [24, 16, 17, 5, 6, 21, 7, 8, 15, 20, 11, 3, 4, 10, 9, 2, 13, 12, 22, 25, 1, 18, 23, 19, 14], [24, 16, 17, 5, 6, 1, 7, 8, 15, 20, 11, 3, 4, 10, 9, 2, 13, 12, 22, 25, 21, 18, 23, 19, 14], [24, 16, 17, 5, 1, 6, 7, 8, 15, 20, 11, 3, 4, 10, 9, 2, 13, 12, 22, 25, 21, 18, 23, 19, 14], [24, 16, 17, 1, 5, 6, 7, 8, 15, 20, 11, 3, 4, 10, 9, 2, 13, 12, 22, 25, 21, 18, 23, 19, 14], [24, 16, 17, 4, 5, 6, 7, 8, 15, 20, 11, 3, 1, 10, 9, 2, 13, 12, 22, 25, 21, 18, 23, 19, 14], [24, 16, 17, 4, 5, 6, 7, 8, 15, 20, 11, 3, 13, 10, 9, 2, 1, 12, 22, 25, 21, 18, 23, 19, 14], [24, 16, 1, 4, 5, 6, 7, 8, 15, 20, 11, 3, 13, 10, 9, 2, 17, 12, 22, 25, 21, 18, 23, 19, 14], [24, 16, 3, 4, 5, 6, 7, 8, 15, 20, 11, 1, 13, 10, 9, 2, 17, 12, 22, 25, 21, 18, 23, 19, 14], [24, 16, 3, 4, 5, 6, 7, 8, 15, 20, 11, 12, 13, 10, 9, 2, 17, 1, 22, 25, 21, 18, 23, 19, 14], [24, 16, 3, 4, 5, 6, 7, 8, 15, 20, 11, 12, 13, 10, 9, 2, 17, 18, 22, 25, 21, 1, 23, 19, 14], [24, 16, 3, 4, 5, 6, 7, 8, 15, 20, 11, 12, 13, 10, 9, 2, 17, 18, 1, 25, 21, 22, 23, 19, 14], [24, 16, 3, 4, 5, 6, 7, 8, 15, 20, 11, 12, 13, 10, 9, 2, 17, 18, 19, 25, 21, 22, 23, 1, 14], [1, 16, 3, 4, 5, 6, 7, 8, 15, 20, 11, 12, 13, 10, 9, 2, 17, 18, 19, 25, 21, 22, 23, 24, 14], [1, 2, 3, 4, 5, 6, 7, 8, 15, 20, 11, 12, 13, 10, 9, 16, 17, 18, 19, 25, 21, 22, 23, 24, 14], [1, 2, 3, 4, 5, 6, 7, 8, 9, 20, 11, 12, 13, 10, 15, 16, 17, 18, 19, 25, 21, 22, 23, 24, 14], [1, 2, 3, 4, 5, 6, 7, 8, 9, 20, 11, 12, 13, 14, 15, 16, 17, 18, 19, 25, 21, 22, 23, 24, 10], [1, 2, 3, 4, 5, 6, 7, 8, 9, 20, 11, 12, 13, 14, 15, 16, 17, 18, 19, 10, 21, 22, 23, 24, 25], [1, 2, 3, 4, 5, 6, 7, 8, 9, 10, 11, 12, 13, 14, 15, 16, 17, 18, 19, 20, 21, 22, 23, 24, 25]], idx1=[1, 1, 1, 1, 1, 1, 1, 1, 1, 1, 1, 1, 1, 1, 1, 2, 9, 10, 10, 10], idx2=[7, 23, 8, 21, 6, 5, 4, 13, 17, 3, 12, 18, 22, 19, 24, 16, 15, 14, 25, 20], _checker='')