============================================================
BENCHMARK ID: 11 | DIMENSIONE: 10 | STRATEGIA: smallest
============================================================

Input Vector: [10, 9, 5, 2, 4, 1, 7, 6, 8, 3]

STATO: RISOLTO
K: 8
TEMPO: 0.3210s
----------------------------------------
PIANO:
Solution(v=[[10, 9, 5, 2, 4, 1, 7, 6, 8, 3], [3, 9, 5, 2, 4, 1, 7, 6, 8, 10], [5, 9, 3, 2, 4, 1, 7, 6, 8, 10], [4, 9, 3, 2, 5, 1, 7, 6, 8, 10], [2, 9, 3, 4, 5, 1, 7, 6, 8, 10], [9, 2, 3, 4, 5, 1, 7, 6, 8, 10], [8, 2, 3, 4, 5, 1, 7, 6, 9, 10], [6, 2, 3, 4, 5, 1, 7, 8, 9, 10], [1, 2, 3, 4, 5, 6, 7, 8, 9, 10]], pos=[[6, 4, 10, 5, 3, 8, 7, 9, 2, 1], [6, 4, 1, 5, 3, 8, 7, 9, 2, 10], [6, 4, 3, 5, 1, 8, 7, 9, 2, 10], [6, 4, 3, 1, 5, 8, 7, 9, 2, 10], [6, 1, 3, 4, 5, 8, 7, 9, 2, 10], [6, 2, 3, 4, 5, 8, 7, 9, 1, 10], [6, 2, 3, 4, 5, 8, 7, 1, 9, 10], [6, 2, 3, 4, 5, 1, 7, 8, 9, 10], [1, 2, 3, 4, 5, 6, 7, 8, 9, 10]], idx1=[1, 1, 1, 1, 1, 1, 1, 1], idx2=[10, 3, 5, 4, 2, 9, 8, 6], _checker='')