============================================================
BENCHMARK ID: 19 | DIMENSIONE: 10 | STRATEGIA: smallest
============================================================

Input Vector: [10, 3, 4, 7, 2, 5, 6, 1, 8, 9]

STATO: RISOLTO
K: 8
TEMPO: 0.2460s
----------------------------------------
PIANO:
Solution(v=[[10, 3, 4, 7, 2, 5, 6, 1, 8, 9], [9, 3, 4, 7, 2, 5, 6, 1, 8, 10], [8, 3, 4, 7, 2, 5, 6, 1, 9, 10], [1, 3, 4, 7, 2, 5, 6, 8, 9, 10], [1, 4, 3, 7, 2, 5, 6, 8, 9, 10], [1, 7, 3, 4, 2, 5, 6, 8, 9, 10], [1, 6, 3, 4, 2, 5, 7, 8, 9, 10], [1, 5, 3, 4, 2, 6, 7, 8, 9, 10], [1, 2, 3, 4, 5, 6, 7, 8, 9, 10]], pos=[[8, 5, 2, 3, 6, 7, 4, 9, 10, 1], [8, 5, 2, 3, 6, 7, 4, 9, 1, 10], [8, 5, 2, 3, 6, 7, 4, 1, 9, 10], [1, 5, 2, 3, 6, 7, 4, 8, 9, 10], [1, 5, 3, 2, 6, 7, 4, 8, 9, 10], [1, 5, 3, 4, 6, 7, 2, 8, 9, 10], [1, 5, 3, 4, 6, 2, 7, 8, 9, 10], [1, 5, 3, 4, 2, 6, 7, 8, 9, 10], [1, 2, 3, 4, 5, 6, 7, 8, 9, 10]], idx1=[1, 1, 1, 2, 2, 2, 2, 2], idx2=[10, 9, 8, 3, 4, 7, 6, 5], _checker='')