============================================================
BENCHMARK ID: 48 | DIMENSIONE: 25 | STRATEGIA: smallest
============================================================

Input Vector: [4, 5, 15, 25, 2, 21, 23, 17, 19, 18, 14, 9, 16, 6, 12, 20, 1, 22, 8, 24, 10, 13, 11, 3, 7]

STATO: RISOLTO
K: 23
TEMPO: 0.3110s
----------------------------------------
PIANO:
Solution(v=[[4, 5, 15, 25, 2, 21, 23, 17, 19, 18, 14, 9, 16, 6, 12, 20, 1, 22, 8, 24, 10, 13, 11, 3, 7], [25, 5, 15, 4, 2, 21, 23, 17, 19, 18, 14, 9, 16, 6, 12, 20, 1, 22, 8, 24, 10, 13, 11, 3, 7], [7, 5, 15, 4, 2, 21, 23, 17, 19, 18, 14, 9, 16, 6, 12, 20, 1, 22, 8, 24, 10, 13, 11, 3, 25], [23, 5, 15, 4, 2, 21, 7, 17, 19, 18, 14, 9, 16, 6, 12, 20, 1, 22, 8, 24, 10, 13, 11, 3, 25], [11, 5, 15, 4, 2, 21, 7, 17, 19, 18, 14, 9, 16, 6, 12, 20, 1, 22, 8, 24, 10, 13, 23, 3, 25], [14, 5, 15, 4, 2, 21, 7, 17, 19, 18, 11, 9, 16, 6, 12, 20, 1, 22, 8, 24, 10, 13, 23, 3, 25], [6, 5, 15, 4, 2, 21, 7, 17, 19, 18, 11, 9, 16, 14, 12, 20, 1, 22, 8, 24, 10, 13, 23, 3, 25], [21, 5, 15, 4, 2, 6, 7, 17, 19, 18, 11, 9, 16, 14, 12, 20, 1, 22, 8, 24, 10, 13, 23, 3, 25], [10, 5, 15, 4, 2, 6, 7, 17, 19, 18, 11, 9, 16, 14, 12, 20, 1, 22, 8, 24, 21, 13, 23, 3, 25], [18, 5, 15, 4, 2, 6, 7, 17, 19, 10, 11, 9, 16, 14, 12, 20, 1, 22, 8, 24, 21, 13, 23, 3, 25], [22, 5, 15, 4, 2, 6, 7, 17, 19, 10, 11, 9, 16, 14, 12, 20, 1, 18, 8, 24, 21, 13, 23, 3, 25], [13, 5, 15, 4, 2, 6, 7, 17, 19, 10, 11, 9, 16, 14, 12, 20, 1, 18, 8, 24, 21, 22, 23, 3, 25], [16, 5, 15, 4, 2, 6, 7, 17, 19, 10, 11, 9, 13, 14, 12, 20, 1, 18, 8, 24, 21, 22, 23, 3, 25], [20, 5, 15, 4, 2, 6, 7, 17, 19, 10, 11, 9, 13, 14, 12, 16, 1, 18, 8, 24, 21, 22, 23, 3, 25], [24, 5, 15, 4, 2, 6, 7, 17, 19, 10, 11, 9, 13, 14, 12, 16, 1, 18, 8, 20, 21, 22, 23, 3, 25], [3, 5, 15, 4, 2, 6, 7, 17, 19, 10, 11, 9, 13, 14, 12, 16, 1, 18, 8, 20, 21, 22, 23, 24, 25], [15, 5, 3, 4, 2, 6, 7, 17, 19, 10, 11, 9, 13, 14, 12, 16, 1, 18, 8, 20, 21, 22, 23, 24, 25], [12, 5, 3, 4, 2, 6, 7, 17, 19, 10, 11, 9, 13, 14, 15, 16, 1, 18, 8, 20, 21, 22, 23, 24, 25], [9, 5, 3, 4, 2, 6, 7, 17, 19, 10, 11, 12, 13, 14, 15, 16, 1, 18, 8, 20, 21, 22, 23, 24, 25], [19, 5, 3, 4, 2, 6, 7, 17, 9, 10, 11, 12, 13, 14, 15, 16, 1, 18, 8, 20, 21, 22, 23, 24, 25], [8, 5, 3, 4, 2, 6, 7, 17, 9, 10, 11, 12, 13, 14, 15, 16, 1, 18, 19, 20, 21, 22, 23, 24, 25], [17, 5, 3, 4, 2, 6, 7, 8, 9, 10, 11, 12, 13, 14, 15, 16, 1, 18, 19, 20, 21, 22, 23, 24, 25], [1, 5, 3, 4, 2, 6, 7, 8, 9, 10, 11, 12, 13, 14, 15, 16, 17, 18, 19, 20, 21, 22, 23, 24, 25], [1, 2, 3, 4, 5, 6, 7, 8, 9, 10, 11, 12, 13, 14, 15, 16, 17, 18, 19, 20, 21, 22, 23, 24, 25]], pos=[[17, 5, 24, 1, 2, 14, 25, 19, 12, 21, 23, 15, 22, 11, 3, 13, 8, 10, 9, 16, 6, 18, 7, 20, 4], [17, 5, 24, 4, 2, 14, 25, 19, 12, 21, 23, 15, 22, 11, 3, 13, 8, 10, 9, 16, 6, 18, 7, 20, 1], [17, 5, 24, 4, 2, 14, 1, 19, 12, 21, 23, 15, 22, 11, 3, 13, 8, 10, 9, 16, 6, 18, 7, 20, 25], [17, 5, 24, 4, 2, 14, 7, 19, 12, 21, 23, 15, 22, 11, 3, 13, 8, 10, 9, 16, 6, 18, 1, 20, 25], [17, 5, 24, 4, 2, 14, 7, 19, 12, 21, 1, 15, 22, 11, 3, 13, 8, 10, 9, 16, 6, 18, 23, 20, 25], [17, 5, 24, 4, 2, 14, 7, 19, 12, 21, 11, 15, 22, 1, 3, 13, 8, 10, 9, 16, 6, 18, 23, 20, 25], [17, 5, 24, 4, 2, 1, 7, 19, 12, 21, 11, 15, 22, 14, 3, 13, 8, 10, 9, 16, 6, 18, 23, 20, 25], [17, 5, 24, 4, 2, 6, 7, 19, 12, 21, 11, 15, 22, 14, 3, 13, 8, 10, 9, 16, 1, 18, 23, 20, 25], [17, 5, 24, 4, 2, 6, 7, 19, 12, 1, 11, 15, 22, 14, 3, 13, 8, 10, 9, 16, 21, 18, 23, 20, 25], [17, 5, 24, 4, 2, 6, 7, 19, 12, 10, 11, 15, 22, 14, 3, 13, 8, 1, 9, 16, 21, 18, 23, 20, 25], [17, 5, 24, 4, 2, 6, 7, 19, 12, 10, 11, 15, 22, 14, 3, 13, 8, 18, 9, 16, 21, 1, 23, 20, 25], [17, 5, 24, 4, 2, 6, 7, 19, 12, 10, 11, 15, 1, 14, 3, 13, 8, 18, 9, 16, 21, 22, 23, 20, 25], [17, 5, 24, 4, 2, 6, 7, 19, 12, 10, 11, 15, 13, 14, 3, 1, 8, 18, 9, 16, 21, 22, 23, 20, 25], [17, 5, 24, 4, 2, 6, 7, 19, 12, 10, 11, 15, 13, 14, 3, 16, 8, 18, 9, 1, 21, 22, 23, 20, 25], [17, 5, 24, 4, 2, 6, 7, 19, 12, 10, 11, 15, 13, 14, 3, 16, 8, 18, 9, 20, 21, 22, 23, 1, 25], [17, 5, 1, 4, 2, 6, 7, 19, 12, 10, 11, 15, 13, 14, 3, 16, 8, 18, 9, 20, 21, 22, 23, 24, 25], [17, 5, 3, 4, 2, 6, 7, 19, 12, 10, 11, 15, 13, 14, 1, 16, 8, 18, 9, 20, 21, 22, 23, 24, 25], [17, 5, 3, 4, 2, 6, 7, 19, 12, 10, 11, 1, 13, 14, 15, 16, 8, 18, 9, 20, 21, 22, 23, 24, 25], [17, 5, 3, 4, 2, 6, 7, 19, 1, 10, 11, 12, 13, 14, 15, 16, 8, 18, 9, 20, 21, 22, 23, 24, 25], [17, 5, 3, 4, 2, 6, 7, 19, 9, 10, 11, 12, 13, 14, 15, 16, 8, 18, 1, 20, 21, 22, 23, 24, 25], [17, 5, 3, 4, 2, 6, 7, 1, 9, 10, 11, 12, 13, 14, 15, 16, 8, 18, 19, 20, 21, 22, 23, 24, 25], [17, 5, 3, 4, 2, 6, 7, 8, 9, 10, 11, 12, 13, 14, 15, 16, 1, 18, 19, 20, 21, 22, 23, 24, 25], [1, 5, 3, 4, 2, 6, 7, 8, 9, 10, 11, 12, 13, 14, 15, 16, 17, 18, 19, 20, 21, 22, 23, 24, 25], [1, 2, 3, 4, 5, 6, 7, 8, 9, 10, 11, 12, 13, 14, 15, 16, 17, 18, 19, 20, 21, 22, 23, 24, 25]], idx1=[1, 1, 1, 1, 1, 1, 1, 1, 1, 1, 1, 1, 1, 1, 1, 1, 1, 1, 1, 1, 1, 1, 2], idx2=[4, 25, 7, 23, 11, 14, 6, 21, 10, 18, 22, 13, 16, 20, 24, 3, 15, 12, 9, 19, 8, 17, 5], _checker='')