============================================================
BENCHMARK ID: 56 | DIMENSIONE: 30 | STRATEGIA: smallest
============================================================

Input Vector: [23, 11, 6, 5, 28, 8, 1, 19, 2, 25, 9, 26, 12, 30, 22, 4, 13, 10, 21, 7, 15, 24, 27, 17, 20, 16, 29, 14, 18, 3]

STATO: RISOLTO
K: 27
TEMPO: 0.3600s
----------------------------------------
PIANO:
Solution(v=[[23, 11, 6, 5, 28, 8, 1, 19, 2, 25, 9, 26, 12, 30, 22, 4, 13, 10, 21, 7, 15, 24, 27, 17, 20, 16, 29, 14, 18, 3], [27, 11, 6, 5, 28, 8, 1, 19, 2, 25, 9, 26, 12, 30, 22, 4, 13, 10, 21, 7, 15, 24, 23, 17, 20, 16, 29, 14, 18, 3], [29, 11, 6, 5, 28, 8, 1, 19, 2, 25, 9, 26, 12, 30, 22, 4, 13, 10, 21, 7, 15, 24, 23, 17, 20, 16, 27, 14, 18, 3], [18, 11, 6, 5, 28, 8, 1, 19, 2, 25, 9, 26, 12, 30, 22, 4, 13, 10, 21, 7, 15, 24, 23, 17, 20, 16, 27, 14, 29, 3], [10, 11, 6, 5, 28, 8, 1, 19, 2, 25, 9, 26, 12, 30, 22, 4, 13, 18, 21, 7, 15, 24, 23, 17, 20, 16, 27, 14, 29, 3], [25, 11, 6, 5, 28, 8, 1, 19, 2, 10, 9, 26, 12, 30, 22, 4, 13, 18, 21, 7, 15, 24, 23, 17, 20, 16, 27, 14, 29, 3], [20, 11, 6, 5, 28, 8, 1, 19, 2, 10, 9, 26, 12, 30, 22, 4, 13, 18, 21, 7, 15, 24, 23, 17, 25, 16, 27, 14, 29, 3], [7, 11, 6, 5, 28, 8, 1, 19, 2, 10, 9, 26, 12, 30, 22, 4, 13, 18, 21, 20, 15, 24, 23, 17, 25, 16, 27, 14, 29, 3], [1, 11, 6, 5, 28, 8, 7, 19, 2, 10, 9, 26, 12, 30, 22, 4, 13, 18, 21, 20, 15, 24, 23, 17, 25, 16, 27, 14, 29, 3], [1, 9, 6, 5, 28, 8, 7, 19, 2, 10, 11, 26, 12, 30, 22, 4, 13, 18, 21, 20, 15, 24, 23, 17, 25, 16, 27, 14, 29, 3], [1, 2, 6, 5, 28, 8, 7, 19, 9, 10, 11, 26, 12, 30, 22, 4, 13, 18, 21, 20, 15, 24, 23, 17, 25, 16, 27, 14, 29, 3], [1, 2, 8, 5, 28, 6, 7, 19, 9, 10, 11, 26, 12, 30, 22, 4, 13, 18, 21, 20, 15, 24, 23, 17, 25, 16, 27, 14, 29, 3], [1, 2, 19, 5, 28, 6, 7, 8, 9, 10, 11, 26, 12, 30, 22, 4, 13, 18, 21, 20, 15, 24, 23, 17, 25, 16, 27, 14, 29, 3], [1, 2, 21, 5, 28, 6, 7, 8, 9, 10, 11, 26, 12, 30, 22, 4, 13, 18, 19, 20, 15, 24, 23, 17, 25, 16, 27, 14, 29, 3], [1, 2, 15, 5, 28, 6, 7, 8, 9, 10, 11, 26, 12, 30, 22, 4, 13, 18, 19, 20, 21, 24, 23, 17, 25, 16, 27, 14, 29, 3], [1, 2, 22, 5, 28, 6, 7, 8, 9, 10, 11, 26, 12, 30, 15, 4, 13, 18, 19, 20, 21, 24, 23, 17, 25, 16, 27, 14, 29, 3], [1, 2, 24, 5, 28, 6, 7, 8, 9, 10, 11, 26, 12, 30, 15, 4, 13, 18, 19, 20, 21, 22, 23, 17, 25, 16, 27, 14, 29, 3], [1, 2, 17, 5, 28, 6, 7, 8, 9, 10, 11, 26, 12, 30, 15, 4, 13, 18, 19, 20, 21, 22, 23, 24, 25, 16, 27, 14, 29, 3], [1, 2, 13, 5, 28, 6, 7, 8, 9, 10, 11, 26, 12, 30, 15, 4, 17, 18, 19, 20, 21, 22, 23, 24, 25, 16, 27, 14, 29, 3], [1, 2, 12, 5, 28, 6, 7, 8, 9, 10, 11, 26, 13, 30, 15, 4, 17, 18, 19, 20, 21, 22, 23, 24, 25, 16, 27, 14, 29, 3], [1, 2, 26, 5, 28, 6, 7, 8, 9, 10, 11, 12, 13, 30, 15, 4, 17, 18, 19, 20, 21, 22, 23, 24, 25, 16, 27, 14, 29, 3], [1, 2, 16, 5, 28, 6, 7, 8, 9, 10, 11, 12, 13, 30, 15, 4, 17, 18, 19, 20, 21, 22, 23, 24, 25, 26, 27, 14, 29, 3], [1, 2, 4, 5, 28, 6, 7, 8, 9, 10, 11, 12, 13, 30, 15, 16, 17, 18, 19, 20, 21, 22, 23, 24, 25, 26, 27, 14, 29, 3], [1, 2, 5, 4, 28, 6, 7, 8, 9, 10, 11, 12, 13, 30, 15, 16, 17, 18, 19, 20, 21, 22, 23, 24, 25, 26, 27, 14, 29, 3], [1, 2, 28, 4, 5, 6, 7, 8, 9, 10, 11, 12, 13, 30, 15, 16, 17, 18, 19, 20, 21, 22, 23, 24, 25, 26, 27, 14, 29, 3], [1, 2, 14, 4, 5, 6, 7, 8, 9, 10, 11, 12, 13, 30, 15, 16, 17, 18, 19, 20, 21, 22, 23, 24, 25, 26, 27, 28, 29, 3], [1, 2, 30, 4, 5, 6, 7, 8, 9, 10, 11, 12, 13, 14, 15, 16, 17, 18, 19, 20, 21, 22, 23, 24, 25, 26, 27, 28, 29, 3], [1, 2, 3, 4, 5, 6, 7, 8, 9, 10, 11, 12, 13, 14, 15, 16, 17, 18, 19, 20, 21, 22, 23, 24, 25, 26, 27, 28, 29, 30]], pos=[[7, 9, 30, 16, 4, 3, 20, 6, 11, 18, 2, 13, 17, 28, 21, 26, 24, 29, 8, 25, 19, 15, 1, 22, 10, 12, 23, 5, 27, 14], [7, 9, 30, 16, 4, 3, 20, 6, 11, 18, 2, 13, 17, 28, 21, 26, 24, 29, 8, 25, 19, 15, 23, 22, 10, 12, 1, 5, 27, 14], [7, 9, 30, 16, 4, 3, 20, 6, 11, 18, 2, 13, 17, 28, 21, 26, 24, 29, 8, 25, 19, 15, 23, 22, 10, 12, 27, 5, 1, 14], [7, 9, 30, 16, 4, 3, 20, 6, 11, 18, 2, 13, 17, 28, 21, 26, 24, 1, 8, 25, 19, 15, 23, 22, 10, 12, 27, 5, 29, 14], [7, 9, 30, 16, 4, 3, 20, 6, 11, 1, 2, 13, 17, 28, 21, 26, 24, 18, 8, 25, 19, 15, 23, 22, 10, 12, 27, 5, 29, 14], [7, 9, 30, 16, 4, 3, 20, 6, 11, 10, 2, 13, 17, 28, 21, 26, 24, 18, 8, 25, 19, 15, 23, 22, 1, 12, 27, 5, 29, 14], [7, 9, 30, 16, 4, 3, 20, 6, 11, 10, 2, 13, 17, 28, 21, 26, 24, 18, 8, 1, 19, 15, 23, 22, 25, 12, 27, 5, 29, 14], [7, 9, 30, 16, 4, 3, 1, 6, 11, 10, 2, 13, 17, 28, 21, 26, 24, 18, 8, 20, 19, 15, 23, 22, 25, 12, 27, 5, 29, 14], [1, 9, 30, 16, 4, 3, 7, 6, 11, 10, 2, 13, 17, 28, 21, 26, 24, 18, 8, 20, 19, 15, 23, 22, 25, 12, 27, 5, 29, 14], [1, 9, 30, 16, 4, 3, 7, 6, 2, 10, 11, 13, 17, 28, 21, 26, 24, 18, 8, 20, 19, 15, 23, 22, 25, 12, 27, 5, 29, 14], [1, 2, 30, 16, 4, 3, 7, 6, 9, 10, 11, 13, 17, 28, 21, 26, 24, 18, 8, 20, 19, 15, 23, 22, 25, 12, 27, 5, 29, 14], [1, 2, 30, 16, 4, 6, 7, 3, 9, 10, 11, 13, 17, 28, 21, 26, 24, 18, 8, 20, 19, 15, 23, 22, 25, 12, 27, 5, 29, 14], [1, 2, 30, 16, 4, 6, 7, 8, 9, 10, 11, 13, 17, 28, 21, 26, 24, 18, 3, 20, 19, 15, 23, 22, 25, 12, 27, 5, 29, 14], [1, 2, 30, 16, 4, 6, 7, 8, 9, 10, 11, 13, 17, 28, 21, 26, 24, 18, 19, 20, 3, 15, 23, 22, 25, 12, 27, 5, 29, 14], [1, 2, 30, 16, 4, 6, 7, 8, 9, 10, 11, 13, 17, 28, 3, 26, 24, 18, 19, 20, 21, 15, 23, 22, 25, 12, 27, 5, 29, 14], [1, 2, 30, 16, 4, 6, 7, 8, 9, 10, 11, 13, 17, 28, 15, 26, 24, 18, 19, 20, 21, 3, 23, 22, 25, 12, 27, 5, 29, 14], [1, 2, 30, 16, 4, 6, 7, 8, 9, 10, 11, 13, 17, 28, 15, 26, 24, 18, 19, 20, 21, 22, 23, 3, 25, 12, 27, 5, 29, 14], [1, 2, 30, 16, 4, 6, 7, 8, 9, 10, 11, 13, 17, 28, 15, 26, 3, 18, 19, 20, 21, 22, 23, 24, 25, 12, 27, 5, 29, 14], [1, 2, 30, 16, 4, 6, 7, 8, 9, 10, 11, 13, 3, 28, 15, 26, 17, 18, 19, 20, 21, 22, 23, 24, 25, 12, 27, 5, 29, 14], [1, 2, 30, 16, 4, 6, 7, 8, 9, 10, 11, 3, 13, 28, 15, 26, 17, 18, 19, 20, 21, 22, 23, 24, 25, 12, 27, 5, 29, 14], [1, 2, 30, 16, 4, 6, 7, 8, 9, 10, 11, 12, 13, 28, 15, 26, 17, 18, 19, 20, 21, 22, 23, 24, 25, 3, 27, 5, 29, 14], [1, 2, 30, 16, 4, 6, 7, 8, 9, 10, 11, 12, 13, 28, 15, 3, 17, 18, 19, 20, 21, 22, 23, 24, 25, 26, 27, 5, 29, 14], [1, 2, 30, 3, 4, 6, 7, 8, 9, 10, 11, 12, 13, 28, 15, 16, 17, 18, 19, 20, 21, 22, 23, 24, 25, 26, 27, 5, 29, 14], [1, 2, 30, 4, 3, 6, 7, 8, 9, 10, 11, 12, 13, 28, 15, 16, 17, 18, 19, 20, 21, 22, 23, 24, 25, 26, 27, 5, 29, 14], [1, 2, 30, 4, 5, 6, 7, 8, 9, 10, 11, 12, 13, 28, 15, 16, 17, 18, 19, 20, 21, 22, 23, 24, 25, 26, 27, 3, 29, 14], [1, 2, 30, 4, 5, 6, 7, 8, 9, 10, 11, 12, 13, 3, 15, 16, 17, 18, 19, 20, 21, 22, 23, 24, 25, 26, 27, 28, 29, 14], [1, 2, 30, 4, 5, 6, 7, 8, 9, 10, 11, 12, 13, 14, 15, 16, 17, 18, 19, 20, 21, 22, 23, 24, 25, 26, 27, 28, 29, 3], [1, 2, 3, 4, 5, 6, 7, 8, 9, 10, 11, 12, 13, 14, 15, 16, 17, 18, 19, 20, 21, 22, 23, 24, 25, 26, 27, 28, 29, 30]], idx1=[1, 1, 1, 1, 1, 1, 1, 1, 2, 2, 3, 3, 3, 3, 3, 3, 3, 3, 3, 3, 3, 3, 3, 3, 3, 3, 3], idx2=[23, 27, 29, 18, 10, 25, 20, 7, 11, 9, 6, 8, 19, 21, 15, 22, 24, 17, 13, 12, 26, 16, 4, 5, 28, 14, 30], _checker='')