============================================================
BENCHMARK ID: 40 | DIMENSIONE: 20 | STRATEGIA: smallest
============================================================

Input Vector: [15, 12, 11, 6, 10, 2, 17, 14, 19, 7, 16, 5, 4, 9, 13, 1, 18, 20, 8, 3]

STATO: RISOLTO
K: 18
TEMPO: 0.1900s
----------------------------------------
PIANO:
Solution(v=[[15, 12, 11, 6, 10, 2, 17, 14, 19, 7, 16, 5, 4, 9, 13, 1, 18, 20, 8, 3], [13, 12, 11, 6, 10, 2, 17, 14, 19, 7, 16, 5, 4, 9, 15, 1, 18, 20, 8, 3], [4, 12, 11, 6, 10, 2, 17, 14, 19, 7, 16, 5, 13, 9, 15, 1, 18, 20, 8, 3], [6, 12, 11, 4, 10, 2, 17, 14, 19, 7, 16, 5, 13, 9, 15, 1, 18, 20, 8, 3], [2, 12, 11, 4, 10, 6, 17, 14, 19, 7, 16, 5, 13, 9, 15, 1, 18, 20, 8, 3], [12, 2, 11, 4, 10, 6, 17, 14, 19, 7, 16, 5, 13, 9, 15, 1, 18, 20, 8, 3], [5, 2, 11, 4, 10, 6, 17, 14, 19, 7, 16, 12, 13, 9, 15, 1, 18, 20, 8, 3], [10, 2, 11, 4, 5, 6, 17, 14, 19, 7, 16, 12, 13, 9, 15, 1, 18, 20, 8, 3], [7, 2, 11, 4, 5, 6, 17, 14, 19, 10, 16, 12, 13, 9, 15, 1, 18, 20, 8, 3], [17, 2, 11, 4, 5, 6, 7, 14, 19, 10, 16, 12, 13, 9, 15, 1, 18, 20, 8, 3], [18, 2, 11, 4, 5, 6, 7, 14, 19, 10, 16, 12, 13, 9, 15, 1, 17, 20, 8, 3], [20, 2, 11, 4, 5, 6, 7, 14, 19, 10, 16, 12, 13, 9, 15, 1, 17, 18, 8, 3], [3, 2, 11, 4, 5, 6, 7, 14, 19, 10, 16, 12, 13, 9, 15, 1, 17, 18, 8, 20], [11, 2, 3, 4, 5, 6, 7, 14, 19, 10, 16, 12, 13, 9, 15, 1, 17, 18, 8, 20], [16, 2, 3, 4, 5, 6, 7, 14, 19, 10, 11, 12, 13, 9, 15, 1, 17, 18, 8, 20], [1, 2, 3, 4, 5, 6, 7, 14, 19, 10, 11, 12, 13, 9, 15, 16, 17, 18, 8, 20], [1, 2, 3, 4, 5, 6, 7, 9, 19, 10, 11, 12, 13, 14, 15, 16, 17, 18, 8, 20], [1, 2, 3, 4, 5, 6, 7, 19, 9, 10, 11, 12, 13, 14, 15, 16, 17, 18, 8, 20], [1, 2, 3, 4, 5, 6, 7, 8, 9, 10, 11, 12, 13, 14, 15, 16, 17, 18, 19, 20]], pos=[[16, 6, 20, 13, 12, 4, 10, 19, 14, 5, 3, 2, 15, 8, 1, 11, 7, 17, 9, 18], [16, 6, 20, 13, 12, 4, 10, 19, 14, 5, 3, 2, 1, 8, 15, 11, 7, 17, 9, 18], [16, 6, 20, 1, 12, 4, 10, 19, 14, 5, 3, 2, 13, 8, 15, 11, 7, 17, 9, 18], [16, 6, 20, 4, 12, 1, 10, 19, 14, 5, 3, 2, 13, 8, 15, 11, 7, 17, 9, 18], [16, 1, 20, 4, 12, 6, 10, 19, 14, 5, 3, 2, 13, 8, 15, 11, 7, 17, 9, 18], [16, 2, 20, 4, 12, 6, 10, 19, 14, 5, 3, 1, 13, 8, 15, 11, 7, 17, 9, 18], [16, 2, 20, 4, 1, 6, 10, 19, 14, 5, 3, 12, 13, 8, 15, 11, 7, 17, 9, 18], [16, 2, 20, 4, 5, 6, 10, 19, 14, 1, 3, 12, 13, 8, 15, 11, 7, 17, 9, 18], [16, 2, 20, 4, 5, 6, 1, 19, 14, 10, 3, 12, 13, 8, 15, 11, 7, 17, 9, 18], [16, 2, 20, 4, 5, 6, 7, 19, 14, 10, 3, 12, 13, 8, 15, 11, 1, 17, 9, 18], [16, 2, 20, 4, 5, 6, 7, 19, 14, 10, 3, 12, 13, 8, 15, 11, 17, 1, 9, 18], [16, 2, 20, 4, 5, 6, 7, 19, 14, 10, 3, 12, 13, 8, 15, 11, 17, 18, 9, 1], [16, 2, 1, 4, 5, 6, 7, 19, 14, 10, 3, 12, 13, 8, 15, 11, 17, 18, 9, 20], [16, 2, 3, 4, 5, 6, 7, 19, 14, 10, 1, 12, 13, 8, 15, 11, 17, 18, 9, 20], [16, 2, 3, 4, 5, 6, 7, 19, 14, 10, 11, 12, 13, 8, 15, 1, 17, 18, 9, 20], [1, 2, 3, 4, 5, 6, 7, 19, 14, 10, 11, 12, 13, 8, 15, 16, 17, 18, 9, 20], [1, 2, 3, 4, 5, 6, 7, 19, 8, 10, 11, 12, 13, 14, 15, 16, 17, 18, 9, 20], [1, 2, 3, 4, 5, 6, 7, 19, 9, 10, 11, 12, 13, 14, 15, 16, 17, 18, 8, 20], [1, 2, 3, 4, 5, 6, 7, 8, 9, 10, 11, 12, 13, 14, 15, 16, 17, 18, 19, 20]], idx1=[1, 1, 1, 1, 1, 1, 1, 1, 1, 1, 1, 1, 1, 1, 1, 8, 8, 8], idx2=[15, 13, 4, 6, 2, 12, 5, 10, 7, 17, 18, 20, 3, 11, 16, 14, 9, 19], _checker='')