============================================================
BENCHMARK ID: 51 | DIMENSIONE: 30 | STRATEGIA: smallest
============================================================

Input Vector: [18, 23, 6, 4, 30, 14, 21, 29, 20, 7, 2, 5, 1, 28, 11, 15, 8, 27, 16, 25, 10, 19, 26, 24, 3, 12, 13, 9, 17, 22]

STATO: RISOLTO
K: 23
TEMPO: 0.2420s
----------------------------------------
PIANO:
Solution(v=[[18, 23, 6, 4, 30, 14, 21, 29, 20, 7, 2, 5, 1, 28, 11, 15, 8, 27, 16, 25, 10, 19, 26, 24, 3, 12, 13, 9, 17, 22], [27, 23, 6, 4, 30, 14, 21, 29, 20, 7, 2, 5, 1, 28, 11, 15, 8, 18, 16, 25, 10, 19, 26, 24, 3, 12, 13, 9, 17, 22], [13, 23, 6, 4, 30, 14, 21, 29, 20, 7, 2, 5, 1, 28, 11, 15, 8, 18, 16, 25, 10, 19, 26, 24, 3, 12, 27, 9, 17, 22], [1, 23, 6, 4, 30, 14, 21, 29, 20, 7, 2, 5, 13, 28, 11, 15, 8, 18, 16, 25, 10, 19, 26, 24, 3, 12, 27, 9, 17, 22], [1, 26, 6, 4, 30, 14, 21, 29, 20, 7, 2, 5, 13, 28, 11, 15, 8, 18, 16, 25, 10, 19, 23, 24, 3, 12, 27, 9, 17, 22], [1, 12, 6, 4, 30, 14, 21, 29, 20, 7, 2, 5, 13, 28, 11, 15, 8, 18, 16, 25, 10, 19, 23, 24, 3, 26, 27, 9, 17, 22], [1, 5, 6, 4, 30, 14, 21, 29, 20, 7, 2, 12, 13, 28, 11, 15, 8, 18, 16, 25, 10, 19, 23, 24, 3, 26, 27, 9, 17, 22], [1, 30, 6, 4, 5, 14, 21, 29, 20, 7, 2, 12, 13, 28, 11, 15, 8, 18, 16, 25, 10, 19, 23, 24, 3, 26, 27, 9, 17, 22], [1, 22, 6, 4, 5, 14, 21, 29, 20, 7, 2, 12, 13, 28, 11, 15, 8, 18, 16, 25, 10, 19, 23, 24, 3, 26, 27, 9, 17, 30], [1, 19, 6, 4, 5, 14, 21, 29, 20, 7, 2, 12, 13, 28, 11, 15, 8, 18, 16, 25, 10, 22, 23, 24, 3, 26, 27, 9, 17, 30], [1, 16, 6, 4, 5, 14, 21, 29, 20, 7, 2, 12, 13, 28, 11, 15, 8, 18, 19, 25, 10, 22, 23, 24, 3, 26, 27, 9, 17, 30], [1, 15, 6, 4, 5, 14, 21, 29, 20, 7, 2, 12, 13, 28, 11, 16, 8, 18, 19, 25, 10, 22, 23, 24, 3, 26, 27, 9, 17, 30], [1, 11, 6, 4, 5, 14, 21, 29, 20, 7, 2, 12, 13, 28, 15, 16, 8, 18, 19, 25, 10, 22, 23, 24, 3, 26, 27, 9, 17, 30], [1, 2, 6, 4, 5, 14, 21, 29, 20, 7, 11, 12, 13, 28, 15, 16, 8, 18, 19, 25, 10, 22, 23, 24, 3, 26, 27, 9, 17, 30], [1, 2, 14, 4, 5, 6, 21, 29, 20, 7, 11, 12, 13, 28, 15, 16, 8, 18, 19, 25, 10, 22, 23, 24, 3, 26, 27, 9, 17, 30], [1, 2, 28, 4, 5, 6, 21, 29, 20, 7, 11, 12, 13, 14, 15, 16, 8, 18, 19, 25, 10, 22, 23, 24, 3, 26, 27, 9, 17, 30], [1, 2, 9, 4, 5, 6, 21, 29, 20, 7, 11, 12, 13, 14, 15, 16, 8, 18, 19, 25, 10, 22, 23, 24, 3, 26, 27, 28, 17, 30], [1, 2, 20, 4, 5, 6, 21, 29, 9, 7, 11, 12, 13, 14, 15, 16, 8, 18, 19, 25, 10, 22, 23, 24, 3, 26, 27, 28, 17, 30], [1, 2, 25, 4, 5, 6, 21, 29, 9, 7, 11, 12, 13, 14, 15, 16, 8, 18, 19, 20, 10, 22, 23, 24, 3, 26, 27, 28, 17, 30], [1, 2, 3, 4, 5, 6, 21, 29, 9, 7, 11, 12, 13, 14, 15, 16, 8, 18, 19, 20, 10, 22, 23, 24, 25, 26, 27, 28, 17, 30], [1, 2, 3, 4, 5, 6, 10, 29, 9, 7, 11, 12, 13, 14, 15, 16, 8, 18, 19, 20, 21, 22, 23, 24, 25, 26, 27, 28, 17, 30], [1, 2, 3, 4, 5, 6, 7, 29, 9, 10, 11, 12, 13, 14, 15, 16, 8, 18, 19, 20, 21, 22, 23, 24, 25, 26, 27, 28, 17, 30], [1, 2, 3, 4, 5, 6, 7, 17, 9, 10, 11, 12, 13, 14, 15, 16, 8, 18, 19, 20, 21, 22, 23, 24, 25, 26, 27, 28, 29, 30], [1, 2, 3, 4, 5, 6, 7, 8, 9, 10, 11, 12, 13, 14, 15, 16, 17, 18, 19, 20, 21, 22, 23, 24, 25, 26, 27, 28, 29, 30]], pos=[[13, 11, 25, 4, 12, 3, 10, 17, 28, 21, 15, 26, 27, 6, 16, 19, 29, 1, 22, 9, 7, 30, 2, 24, 20, 23, 18, 14, 8, 5], [13, 11, 25, 4, 12, 3, 10, 17, 28, 21, 15, 26, 27, 6, 16, 19, 29, 18, 22, 9, 7, 30, 2, 24, 20, 23, 1, 14, 8, 5], [13, 11, 25, 4, 12, 3, 10, 17, 28, 21, 15, 26, 1, 6, 16, 19, 29, 18, 22, 9, 7, 30, 2, 24, 20, 23, 27, 14, 8, 5], [1, 11, 25, 4, 12, 3, 10, 17, 28, 21, 15, 26, 13, 6, 16, 19, 29, 18, 22, 9, 7, 30, 2, 24, 20, 23, 27, 14, 8, 5], [1, 11, 25, 4, 12, 3, 10, 17, 28, 21, 15, 26, 13, 6, 16, 19, 29, 18, 22, 9, 7, 30, 23, 24, 20, 2, 27, 14, 8, 5], [1, 11, 25, 4, 12, 3, 10, 17, 28, 21, 15, 2, 13, 6, 16, 19, 29, 18, 22, 9, 7, 30, 23, 24, 20, 26, 27, 14, 8, 5], [1, 11, 25, 4, 2, 3, 10, 17, 28, 21, 15, 12, 13, 6, 16, 19, 29, 18, 22, 9, 7, 30, 23, 24, 20, 26, 27, 14, 8, 5], [1, 11, 25, 4, 5, 3, 10, 17, 28, 21, 15, 12, 13, 6, 16, 19, 29, 18, 22, 9, 7, 30, 23, 24, 20, 26, 27, 14, 8, 2], [1, 11, 25, 4, 5, 3, 10, 17, 28, 21, 15, 12, 13, 6, 16, 19, 29, 18, 22, 9, 7, 2, 23, 24, 20, 26, 27, 14, 8, 30], [1, 11, 25, 4, 5, 3, 10, 17, 28, 21, 15, 12, 13, 6, 16, 19, 29, 18, 2, 9, 7, 22, 23, 24, 20, 26, 27, 14, 8, 30], [1, 11, 25, 4, 5, 3, 10, 17, 28, 21, 15, 12, 13, 6, 16, 2, 29, 18, 19, 9, 7, 22, 23, 24, 20, 26, 27, 14, 8, 30], [1, 11, 25, 4, 5, 3, 10, 17, 28, 21, 15, 12, 13, 6, 2, 16, 29, 18, 19, 9, 7, 22, 23, 24, 20, 26, 27, 14, 8, 30], [1, 11, 25, 4, 5, 3, 10, 17, 28, 21, 2, 12, 13, 6, 15, 16, 29, 18, 19, 9, 7, 22, 23, 24, 20, 26, 27, 14, 8, 30], [1, 2, 25, 4, 5, 3, 10, 17, 28, 21, 11, 12, 13, 6, 15, 16, 29, 18, 19, 9, 7, 22, 23, 24, 20, 26, 27, 14, 8, 30], [1, 2, 25, 4, 5, 6, 10, 17, 28, 21, 11, 12, 13, 3, 15, 16, 29, 18, 19, 9, 7, 22, 23, 24, 20, 26, 27, 14, 8, 30], [1, 2, 25, 4, 5, 6, 10, 17, 28, 21, 11, 12, 13, 14, 15, 16, 29, 18, 19, 9, 7, 22, 23, 24, 20, 26, 27, 3, 8, 30], [1, 2, 25, 4, 5, 6, 10, 17, 3, 21, 11, 12, 13, 14, 15, 16, 29, 18, 19, 9, 7, 22, 23, 24, 20, 26, 27, 28, 8, 30], [1, 2, 25, 4, 5, 6, 10, 17, 9, 21, 11, 12, 13, 14, 15, 16, 29, 18, 19, 3, 7, 22, 23, 24, 20, 26, 27, 28, 8, 30], [1, 2, 25, 4, 5, 6, 10, 17, 9, 21, 11, 12, 13, 14, 15, 16, 29, 18, 19, 20, 7, 22, 23, 24, 3, 26, 27, 28, 8, 30], [1, 2, 3, 4, 5, 6, 10, 17, 9, 21, 11, 12, 13, 14, 15, 16, 29, 18, 19, 20, 7, 22, 23, 24, 25, 26, 27, 28, 8, 30], [1, 2, 3, 4, 5, 6, 10, 17, 9, 7, 11, 12, 13, 14, 15, 16, 29, 18, 19, 20, 21, 22, 23, 24, 25, 26, 27, 28, 8, 30], [1, 2, 3, 4, 5, 6, 7, 17, 9, 10, 11, 12, 13, 14, 15, 16, 29, 18, 19, 20, 21, 22, 23, 24, 25, 26, 27, 28, 8, 30], [1, 2, 3, 4, 5, 6, 7, 17, 9, 10, 11, 12, 13, 14, 15, 16, 8, 18, 19, 20, 21, 22, 23, 24, 25, 26, 27, 28, 29, 30], [1, 2, 3, 4, 5, 6, 7, 8, 9, 10, 11, 12, 13, 14, 15, 16, 17, 18, 19, 20, 21, 22, 23, 24, 25, 26, 27, 28, 29, 30]], idx1=[1, 1, 1, 2, 2, 2, 2, 2, 2, 2, 2, 2, 2, 3, 3, 3, 3, 3, 3, 7, 7, 8, 8], idx2=[18, 27, 13, 23, 26, 12, 5, 30, 22, 19, 16, 15, 11, 6, 14, 28, 9, 20, 25, 21, 10, 29, 17], _checker='')