============================================================
BENCHMARK ID: 29 | DIMENSIONE: 15 | STRATEGIA: smallest
============================================================

Input Vector: [11, 2, 1, 12, 6, 15, 4, 8, 5, 9, 13, 14, 3, 10, 7]

STATO: RISOLTO
K: 11
TEMPO: 0.2830s
----------------------------------------
PIANO:
Solution(v=[[11, 2, 1, 12, 6, 15, 4, 8, 5, 9, 13, 14, 3, 10, 7], [13, 2, 1, 12, 6, 15, 4, 8, 5, 9, 11, 14, 3, 10, 7], [3, 2, 1, 12, 6, 15, 4, 8, 5, 9, 11, 14, 13, 10, 7], [1, 2, 3, 12, 6, 15, 4, 8, 5, 9, 11, 14, 13, 10, 7], [1, 2, 3, 14, 6, 15, 4, 8, 5, 9, 11, 12, 13, 10, 7], [1, 2, 3, 10, 6, 15, 4, 8, 5, 9, 11, 12, 13, 14, 7], [1, 2, 3, 9, 6, 15, 4, 8, 5, 10, 11, 12, 13, 14, 7], [1, 2, 3, 5, 6, 15, 4, 8, 9, 10, 11, 12, 13, 14, 7], [1, 2, 3, 6, 5, 15, 4, 8, 9, 10, 11, 12, 13, 14, 7], [1, 2, 3, 15, 5, 6, 4, 8, 9, 10, 11, 12, 13, 14, 7], [1, 2, 3, 7, 5, 6, 4, 8, 9, 10, 11, 12, 13, 14, 15], [1, 2, 3, 4, 5, 6, 7, 8, 9, 10, 11, 12, 13, 14, 15]], pos=[[3, 2, 13, 7, 9, 5, 15, 8, 10, 14, 1, 4, 11, 12, 6], [3, 2, 13, 7, 9, 5, 15, 8, 10, 14, 11, 4, 1, 12, 6], [3, 2, 1, 7, 9, 5, 15, 8, 10, 14, 11, 4, 13, 12, 6], [1, 2, 3, 7, 9, 5, 15, 8, 10, 14, 11, 4, 13, 12, 6], [1, 2, 3, 7, 9, 5, 15, 8, 10, 14, 11, 12, 13, 4, 6], [1, 2, 3, 7, 9, 5, 15, 8, 10, 4, 11, 12, 13, 14, 6], [1, 2, 3, 7, 9, 5, 15, 8, 4, 10, 11, 12, 13, 14, 6], [1, 2, 3, 7, 4, 5, 15, 8, 9, 10, 11, 12, 13, 14, 6], [1, 2, 3, 7, 5, 4, 15, 8, 9, 10, 11, 12, 13, 14, 6], [1, 2, 3, 7, 5, 6, 15, 8, 9, 10, 11, 12, 13, 14, 4], [1, 2, 3, 7, 5, 6, 4, 8, 9, 10, 11, 12, 13, 14, 15], [1, 2, 3, 4, 5, 6, 7, 8, 9, 10, 11, 12, 13, 14, 15]], idx1=[1, 1, 1, 4, 4, 4, 4, 4, 4, 4, 4], idx2=[11, 13, 3, 12, 14, 10, 9, 5, 6, 15, 7], _checker='')