============================================================
BENCHMARK ID: 50 | DIMENSIONE: 25 | STRATEGIA: smallest
============================================================

Input Vector: [14, 20, 15, 8, 10, 2, 16, 24, 19, 18, 21, 17, 9, 11, 3, 5, 23, 1, 6, 7, 22, 4, 25, 13, 12]

STATO: RISOLTO
K: 22
TEMPO: 0.2220s
----------------------------------------
PIANO:
Solution(v=[[14, 20, 15, 8, 10, 2, 16, 24, 19, 18, 21, 17, 9, 11, 3, 5, 23, 1, 6, 7, 22, 4, 25, 13, 12], [11, 20, 15, 8, 10, 2, 16, 24, 19, 18, 21, 17, 9, 14, 3, 5, 23, 1, 6, 7, 22, 4, 25, 13, 12], [21, 20, 15, 8, 10, 2, 16, 24, 19, 18, 11, 17, 9, 14, 3, 5, 23, 1, 6, 7, 22, 4, 25, 13, 12], [22, 20, 15, 8, 10, 2, 16, 24, 19, 18, 11, 17, 9, 14, 3, 5, 23, 1, 6, 7, 21, 4, 25, 13, 12], [4, 20, 15, 8, 10, 2, 16, 24, 19, 18, 11, 17, 9, 14, 3, 5, 23, 1, 6, 7, 21, 22, 25, 13, 12], [8, 20, 15, 4, 10, 2, 16, 24, 19, 18, 11, 17, 9, 14, 3, 5, 23, 1, 6, 7, 21, 22, 25, 13, 12], [24, 20, 15, 4, 10, 2, 16, 8, 19, 18, 11, 17, 9, 14, 3, 5, 23, 1, 6, 7, 21, 22, 25, 13, 12], [13, 20, 15, 4, 10, 2, 16, 8, 19, 18, 11, 17, 9, 14, 3, 5, 23, 1, 6, 7, 21, 22, 25, 24, 12], [9, 20, 15, 4, 10, 2, 16, 8, 19, 18, 11, 17, 13, 14, 3, 5, 23, 1, 6, 7, 21, 22, 25, 24, 12], [19, 20, 15, 4, 10, 2, 16, 8, 9, 18, 11, 17, 13, 14, 3, 5, 23, 1, 6, 7, 21, 22, 25, 24, 12], [6, 20, 15, 4, 10, 2, 16, 8, 9, 18, 11, 17, 13, 14, 3, 5, 23, 1, 19, 7, 21, 22, 25, 24, 12], [2, 20, 15, 4, 10, 6, 16, 8, 9, 18, 11, 17, 13, 14, 3, 5, 23, 1, 19, 7, 21, 22, 25, 24, 12], [20, 2, 15, 4, 10, 6, 16, 8, 9, 18, 11, 17, 13, 14, 3, 5, 23, 1, 19, 7, 21, 22, 25, 24, 12], [7, 2, 15, 4, 10, 6, 16, 8, 9, 18, 11, 17, 13, 14, 3, 5, 23, 1, 19, 20, 21, 22, 25, 24, 12], [16, 2, 15, 4, 10, 6, 7, 8, 9, 18, 11, 17, 13, 14, 3, 5, 23, 1, 19, 20, 21, 22, 25, 24, 12], [5, 2, 15, 4, 10, 6, 7, 8, 9, 18, 11, 17, 13, 14, 3, 16, 23, 1, 19, 20, 21, 22, 25, 24, 12], [10, 2, 15, 4, 5, 6, 7, 8, 9, 18, 11, 17, 13, 14, 3, 16, 23, 1, 19, 20, 21, 22, 25, 24, 12], [18, 2, 15, 4, 5, 6, 7, 8, 9, 10, 11, 17, 13, 14, 3, 16, 23, 1, 19, 20, 21, 22, 25, 24, 12], [1, 2, 15, 4, 5, 6, 7, 8, 9, 10, 11, 17, 13, 14, 3, 16, 23, 18, 19, 20, 21, 22, 25, 24, 12], [1, 2, 3, 4, 5, 6, 7, 8, 9, 10, 11, 17, 13, 14, 15, 16, 23, 18, 19, 20, 21, 22, 25, 24, 12], [1, 2, 3, 4, 5, 6, 7, 8, 9, 10, 11, 23, 13, 14, 15, 16, 17, 18, 19, 20, 21, 22, 25, 24, 12], [1, 2, 3, 4, 5, 6, 7, 8, 9, 10, 11, 25, 13, 14, 15, 16, 17, 18, 19, 20, 21, 22, 23, 24, 12], [1, 2, 3, 4, 5, 6, 7, 8, 9, 10, 11, 12, 13, 14, 15, 16, 17, 18, 19, 20, 21, 22, 23, 24, 25]], pos=[[18, 6, 15, 22, 16, 19, 20, 4, 13, 5, 14, 25, 24, 1, 3, 7, 12, 10, 9, 2, 11, 21, 17, 8, 23], [18, 6, 15, 22, 16, 19, 20, 4, 13, 5, 1, 25, 24, 14, 3, 7, 12, 10, 9, 2, 11, 21, 17, 8, 23], [18, 6, 15, 22, 16, 19, 20, 4, 13, 5, 11, 25, 24, 14, 3, 7, 12, 10, 9, 2, 1, 21, 17, 8, 23], [18, 6, 15, 22, 16, 19, 20, 4, 13, 5, 11, 25, 24, 14, 3, 7, 12, 10, 9, 2, 21, 1, 17, 8, 23], [18, 6, 15, 1, 16, 19, 20, 4, 13, 5, 11, 25, 24, 14, 3, 7, 12, 10, 9, 2, 21, 22, 17, 8, 23], [18, 6, 15, 4, 16, 19, 20, 1, 13, 5, 11, 25, 24, 14, 3, 7, 12, 10, 9, 2, 21, 22, 17, 8, 23], [18, 6, 15, 4, 16, 19, 20, 8, 13, 5, 11, 25, 24, 14, 3, 7, 12, 10, 9, 2, 21, 22, 17, 1, 23], [18, 6, 15, 4, 16, 19, 20, 8, 13, 5, 11, 25, 1, 14, 3, 7, 12, 10, 9, 2, 21, 22, 17, 24, 23], [18, 6, 15, 4, 16, 19, 20, 8, 1, 5, 11, 25, 13, 14, 3, 7, 12, 10, 9, 2, 21, 22, 17, 24, 23], [18, 6, 15, 4, 16, 19, 20, 8, 9, 5, 11, 25, 13, 14, 3, 7, 12, 10, 1, 2, 21, 22, 17, 24, 23], [18, 6, 15, 4, 16, 1, 20, 8, 9, 5, 11, 25, 13, 14, 3, 7, 12, 10, 19, 2, 21, 22, 17, 24, 23], [18, 1, 15, 4, 16, 6, 20, 8, 9, 5, 11, 25, 13, 14, 3, 7, 12, 10, 19, 2, 21, 22, 17, 24, 23], [18, 2, 15, 4, 16, 6, 20, 8, 9, 5, 11, 25, 13, 14, 3, 7, 12, 10, 19, 1, 21, 22, 17, 24, 23], [18, 2, 15, 4, 16, 6, 1, 8, 9, 5, 11, 25, 13, 14, 3, 7, 12, 10, 19, 20, 21, 22, 17, 24, 23], [18, 2, 15, 4, 16, 6, 7, 8, 9, 5, 11, 25, 13, 14, 3, 1, 12, 10, 19, 20, 21, 22, 17, 24, 23], [18, 2, 15, 4, 1, 6, 7, 8, 9, 5, 11, 25, 13, 14, 3, 16, 12, 10, 19, 20, 21, 22, 17, 24, 23], [18, 2, 15, 4, 5, 6, 7, 8, 9, 1, 11, 25, 13, 14, 3, 16, 12, 10, 19, 20, 21, 22, 17, 24, 23], [18, 2, 15, 4, 5, 6, 7, 8, 9, 10, 11, 25, 13, 14, 3, 16, 12, 1, 19, 20, 21, 22, 17, 24, 23], [1, 2, 15, 4, 5, 6, 7, 8, 9, 10, 11, 25, 13, 14, 3, 16, 12, 18, 19, 20, 21, 22, 17, 24, 23], [1, 2, 3, 4, 5, 6, 7, 8, 9, 10, 11, 25, 13, 14, 15, 16, 12, 18, 19, 20, 21, 22, 17, 24, 23], [1, 2, 3, 4, 5, 6, 7, 8, 9, 10, 11, 25, 13, 14, 15, 16, 17, 18, 19, 20, 21, 22, 12, 24, 23], [1, 2, 3, 4, 5, 6, 7, 8, 9, 10, 11, 25, 13, 14, 15, 16, 17, 18, 19, 20, 21, 22, 23, 24, 12], [1, 2, 3, 4, 5, 6, 7, 8, 9, 10, 11, 12, 13, 14, 15, 16, 17, 18, 19, 20, 21, 22, 23, 24, 25]], idx1=[1, 1, 1, 1, 1, 1, 1, 1, 1, 1, 1, 1, 1, 1, 1, 1, 1, 1, 3, 12, 12, 12], idx2=[14, 11, 21, 22, 4, 8, 24, 13, 9, 19, 6, 2, 20, 7, 16, 5, 10, 18, 15, 17, 23, 25], _checker='')