============================================================
BENCHMARK ID: 35 | DIMENSIONE: 20 | STRATEGIA: smallest
============================================================

Input Vector: [15, 13, 19, 2, 6, 17, 4, 8, 14, 16, 7, 11, 1, 3, 10, 12, 5, 20, 18, 9]

STATO: RISOLTO
K: 16
TEMPO: 0.2330s
----------------------------------------
PIANO:
Solution(v=[[15, 13, 19, 2, 6, 17, 4, 8, 14, 16, 7, 11, 1, 3, 10, 12, 5, 20, 18, 9], [10, 13, 19, 2, 6, 17, 4, 8, 14, 16, 7, 11, 1, 3, 15, 12, 5, 20, 18, 9], [16, 13, 19, 2, 6, 17, 4, 8, 14, 10, 7, 11, 1, 3, 15, 12, 5, 20, 18, 9], [12, 13, 19, 2, 6, 17, 4, 8, 14, 10, 7, 11, 1, 3, 15, 16, 5, 20, 18, 9], [11, 13, 19, 2, 6, 17, 4, 8, 14, 10, 7, 12, 1, 3, 15, 16, 5, 20, 18, 9], [7, 13, 19, 2, 6, 17, 4, 8, 14, 10, 11, 12, 1, 3, 15, 16, 5, 20, 18, 9], [4, 13, 19, 2, 6, 17, 7, 8, 14, 10, 11, 12, 1, 3, 15, 16, 5, 20, 18, 9], [2, 13, 19, 4, 6, 17, 7, 8, 14, 10, 11, 12, 1, 3, 15, 16, 5, 20, 18, 9], [13, 2, 19, 4, 6, 17, 7, 8, 14, 10, 11, 12, 1, 3, 15, 16, 5, 20, 18, 9], [1, 2, 19, 4, 6, 17, 7, 8, 14, 10, 11, 12, 13, 3, 15, 16, 5, 20, 18, 9], [1, 2, 18, 4, 6, 17, 7, 8, 14, 10, 11, 12, 13, 3, 15, 16, 5, 20, 19, 9], [1, 2, 20, 4, 6, 17, 7, 8, 14, 10, 11, 12, 13, 3, 15, 16, 5, 18, 19, 9], [1, 2, 9, 4, 6, 17, 7, 8, 14, 10, 11, 12, 13, 3, 15, 16, 5, 18, 19, 20], [1, 2, 14, 4, 6, 17, 7, 8, 9, 10, 11, 12, 13, 3, 15, 16, 5, 18, 19, 20], [1, 2, 3, 4, 6, 17, 7, 8, 9, 10, 11, 12, 13, 14, 15, 16, 5, 18, 19, 20], [1, 2, 3, 4, 17, 6, 7, 8, 9, 10, 11, 12, 13, 14, 15, 16, 5, 18, 19, 20], [1, 2, 3, 4, 5, 6, 7, 8, 9, 10, 11, 12, 13, 14, 15, 16, 17, 18, 19, 20]], pos=[[13, 4, 14, 7, 17, 5, 11, 8, 20, 15, 12, 16, 2, 9, 1, 10, 6, 19, 3, 18], [13, 4, 14, 7, 17, 5, 11, 8, 20, 1, 12, 16, 2, 9, 15, 10, 6, 19, 3, 18], [13, 4, 14, 7, 17, 5, 11, 8, 20, 10, 12, 16, 2, 9, 15, 1, 6, 19, 3, 18], [13, 4, 14, 7, 17, 5, 11, 8, 20, 10, 12, 1, 2, 9, 15, 16, 6, 19, 3, 18], [13, 4, 14, 7, 17, 5, 11, 8, 20, 10, 1, 12, 2, 9, 15, 16, 6, 19, 3, 18], [13, 4, 14, 7, 17, 5, 1, 8, 20, 10, 11, 12, 2, 9, 15, 16, 6, 19, 3, 18], [13, 4, 14, 1, 17, 5, 7, 8, 20, 10, 11, 12, 2, 9, 15, 16, 6, 19, 3, 18], [13, 1, 14, 4, 17, 5, 7, 8, 20, 10, 11, 12, 2, 9, 15, 16, 6, 19, 3, 18], [13, 2, 14, 4, 17, 5, 7, 8, 20, 10, 11, 12, 1, 9, 15, 16, 6, 19, 3, 18], [1, 2, 14, 4, 17, 5, 7, 8, 20, 10, 11, 12, 13, 9, 15, 16, 6, 19, 3, 18], [1, 2, 14, 4, 17, 5, 7, 8, 20, 10, 11, 12, 13, 9, 15, 16, 6, 3, 19, 18], [1, 2, 14, 4, 17, 5, 7, 8, 20, 10, 11, 12, 13, 9, 15, 16, 6, 18, 19, 3], [1, 2, 14, 4, 17, 5, 7, 8, 3, 10, 11, 12, 13, 9, 15, 16, 6, 18, 19, 20], [1, 2, 14, 4, 17, 5, 7, 8, 9, 10, 11, 12, 13, 3, 15, 16, 6, 18, 19, 20], [1, 2, 3, 4, 17, 5, 7, 8, 9, 10, 11, 12, 13, 14, 15, 16, 6, 18, 19, 20], [1, 2, 3, 4, 17, 6, 7, 8, 9, 10, 11, 12, 13, 14, 15, 16, 5, 18, 19, 20], [1, 2, 3, 4, 5, 6, 7, 8, 9, 10, 11, 12, 13, 14, 15, 16, 17, 18, 19, 20]], idx1=[1, 1, 1, 1, 1, 1, 1, 1, 1, 3, 3, 3, 3, 3, 5, 5], idx2=[15, 10, 16, 12, 11, 7, 4, 2, 13, 19, 18, 20, 9, 14, 6, 17], _checker='')