============================================================
BENCHMARK ID: 47 | DIMENSIONE: 25 | STRATEGIA: smallest
============================================================

Input Vector: [14, 7, 16, 10, 22, 17, 6, 25, 15, 8, 1, 20, 13, 19, 11, 9, 2, 12, 23, 21, 4, 18, 5, 24, 3]

STATO: RISOLTO
K: 21
TEMPO: 0.2100s
----------------------------------------
PIANO:
Solution(v=[[14, 7, 16, 10, 22, 17, 6, 25, 15, 8, 1, 20, 13, 19, 11, 9, 2, 12, 23, 21, 4, 18, 5, 24, 3], [19, 7, 16, 10, 22, 17, 6, 25, 15, 8, 1, 20, 13, 14, 11, 9, 2, 12, 23, 21, 4, 18, 5, 24, 3], [23, 7, 16, 10, 22, 17, 6, 25, 15, 8, 1, 20, 13, 14, 11, 9, 2, 12, 19, 21, 4, 18, 5, 24, 3], [5, 7, 16, 10, 22, 17, 6, 25, 15, 8, 1, 20, 13, 14, 11, 9, 2, 12, 19, 21, 4, 18, 23, 24, 3], [22, 7, 16, 10, 5, 17, 6, 25, 15, 8, 1, 20, 13, 14, 11, 9, 2, 12, 19, 21, 4, 18, 23, 24, 3], [18, 7, 16, 10, 5, 17, 6, 25, 15, 8, 1, 20, 13, 14, 11, 9, 2, 12, 19, 21, 4, 22, 23, 24, 3], [12, 7, 16, 10, 5, 17, 6, 25, 15, 8, 1, 20, 13, 14, 11, 9, 2, 18, 19, 21, 4, 22, 23, 24, 3], [20, 7, 16, 10, 5, 17, 6, 25, 15, 8, 1, 12, 13, 14, 11, 9, 2, 18, 19, 21, 4, 22, 23, 24, 3], [21, 7, 16, 10, 5, 17, 6, 25, 15, 8, 1, 12, 13, 14, 11, 9, 2, 18, 19, 20, 4, 22, 23, 24, 3], [4, 7, 16, 10, 5, 17, 6, 25, 15, 8, 1, 12, 13, 14, 11, 9, 2, 18, 19, 20, 21, 22, 23, 24, 3], [10, 7, 16, 4, 5, 17, 6, 25, 15, 8, 1, 12, 13, 14, 11, 9, 2, 18, 19, 20, 21, 22, 23, 24, 3], [8, 7, 16, 4, 5, 17, 6, 25, 15, 10, 1, 12, 13, 14, 11, 9, 2, 18, 19, 20, 21, 22, 23, 24, 3], [25, 7, 16, 4, 5, 17, 6, 8, 15, 10, 1, 12, 13, 14, 11, 9, 2, 18, 19, 20, 21, 22, 23, 24, 3], [3, 7, 16, 4, 5, 17, 6, 8, 15, 10, 1, 12, 13, 14, 11, 9, 2, 18, 19, 20, 21, 22, 23, 24, 25], [16, 7, 3, 4, 5, 17, 6, 8, 15, 10, 1, 12, 13, 14, 11, 9, 2, 18, 19, 20, 21, 22, 23, 24, 25], [9, 7, 3, 4, 5, 17, 6, 8, 15, 10, 1, 12, 13, 14, 11, 16, 2, 18, 19, 20, 21, 22, 23, 24, 25], [15, 7, 3, 4, 5, 17, 6, 8, 9, 10, 1, 12, 13, 14, 11, 16, 2, 18, 19, 20, 21, 22, 23, 24, 25], [11, 7, 3, 4, 5, 17, 6, 8, 9, 10, 1, 12, 13, 14, 15, 16, 2, 18, 19, 20, 21, 22, 23, 24, 25], [1, 7, 3, 4, 5, 17, 6, 8, 9, 10, 11, 12, 13, 14, 15, 16, 2, 18, 19, 20, 21, 22, 23, 24, 25], [1, 6, 3, 4, 5, 17, 7, 8, 9, 10, 11, 12, 13, 14, 15, 16, 2, 18, 19, 20, 21, 22, 23, 24, 25], [1, 17, 3, 4, 5, 6, 7, 8, 9, 10, 11, 12, 13, 14, 15, 16, 2, 18, 19, 20, 21, 22, 23, 24, 25], [1, 2, 3, 4, 5, 6, 7, 8, 9, 10, 11, 12, 13, 14, 15, 16, 17, 18, 19, 20, 21, 22, 23, 24, 25]], pos=[[11, 17, 25, 21, 23, 7, 2, 10, 16, 4, 15, 18, 13, 1, 9, 3, 6, 22, 14, 12, 20, 5, 19, 24, 8], [11, 17, 25, 21, 23, 7, 2, 10, 16, 4, 15, 18, 13, 14, 9, 3, 6, 22, 1, 12, 20, 5, 19, 24, 8], [11, 17, 25, 21, 23, 7, 2, 10, 16, 4, 15, 18, 13, 14, 9, 3, 6, 22, 19, 12, 20, 5, 1, 24, 8], [11, 17, 25, 21, 1, 7, 2, 10, 16, 4, 15, 18, 13, 14, 9, 3, 6, 22, 19, 12, 20, 5, 23, 24, 8], [11, 17, 25, 21, 5, 7, 2, 10, 16, 4, 15, 18, 13, 14, 9, 3, 6, 22, 19, 12, 20, 1, 23, 24, 8], [11, 17, 25, 21, 5, 7, 2, 10, 16, 4, 15, 18, 13, 14, 9, 3, 6, 1, 19, 12, 20, 22, 23, 24, 8], [11, 17, 25, 21, 5, 7, 2, 10, 16, 4, 15, 1, 13, 14, 9, 3, 6, 18, 19, 12, 20, 22, 23, 24, 8], [11, 17, 25, 21, 5, 7, 2, 10, 16, 4, 15, 12, 13, 14, 9, 3, 6, 18, 19, 1, 20, 22, 23, 24, 8], [11, 17, 25, 21, 5, 7, 2, 10, 16, 4, 15, 12, 13, 14, 9, 3, 6, 18, 19, 20, 1, 22, 23, 24, 8], [11, 17, 25, 1, 5, 7, 2, 10, 16, 4, 15, 12, 13, 14, 9, 3, 6, 18, 19, 20, 21, 22, 23, 24, 8], [11, 17, 25, 4, 5, 7, 2, 10, 16, 1, 15, 12, 13, 14, 9, 3, 6, 18, 19, 20, 21, 22, 23, 24, 8], [11, 17, 25, 4, 5, 7, 2, 1, 16, 10, 15, 12, 13, 14, 9, 3, 6, 18, 19, 20, 21, 22, 23, 24, 8], [11, 17, 25, 4, 5, 7, 2, 8, 16, 10, 15, 12, 13, 14, 9, 3, 6, 18, 19, 20, 21, 22, 23, 24, 1], [11, 17, 1, 4, 5, 7, 2, 8, 16, 10, 15, 12, 13, 14, 9, 3, 6, 18, 19, 20, 21, 22, 23, 24, 25], [11, 17, 3, 4, 5, 7, 2, 8, 16, 10, 15, 12, 13, 14, 9, 1, 6, 18, 19, 20, 21, 22, 23, 24, 25], [11, 17, 3, 4, 5, 7, 2, 8, 1, 10, 15, 12, 13, 14, 9, 16, 6, 18, 19, 20, 21, 22, 23, 24, 25], [11, 17, 3, 4, 5, 7, 2, 8, 9, 10, 15, 12, 13, 14, 1, 16, 6, 18, 19, 20, 21, 22, 23, 24, 25], [11, 17, 3, 4, 5, 7, 2, 8, 9, 10, 1, 12, 13, 14, 15, 16, 6, 18, 19, 20, 21, 22, 23, 24, 25], [1, 17, 3, 4, 5, 7, 2, 8, 9, 10, 11, 12, 13, 14, 15, 16, 6, 18, 19, 20, 21, 22, 23, 24, 25], [1, 17, 3, 4, 5, 2, 7, 8, 9, 10, 11, 12, 13, 14, 15, 16, 6, 18, 19, 20, 21, 22, 23, 24, 25], [1, 17, 3, 4, 5, 6, 7, 8, 9, 10, 11, 12, 13, 14, 15, 16, 2, 18, 19, 20, 21, 22, 23, 24, 25], [1, 2, 3, 4, 5, 6, 7, 8, 9, 10, 11, 12, 13, 14, 15, 16, 17, 18, 19, 20, 21, 22, 23, 24, 25]], idx1=[1, 1, 1, 1, 1, 1, 1, 1, 1, 1, 1, 1, 1, 1, 1, 1, 1, 1, 2, 2, 2], idx2=[14, 19, 23, 5, 22, 18, 12, 20, 21, 4, 10, 8, 25, 3, 16, 9, 15, 11, 7, 6, 17], _checker='')