============================================================
BENCHMARK ID: 25 | DIMENSIONE: 15 | STRATEGIA: smallest
============================================================

Input Vector: [10, 4, 15, 7, 6, 13, 9, 5, 14, 3, 1, 11, 12, 8, 2]

STATO: RISOLTO
K: 14
TEMPO: 0.2600s
----------------------------------------
PIANO:
Solution(v=[[10, 4, 15, 7, 6, 13, 9, 5, 14, 3, 1, 11, 12, 8, 2], [3, 4, 15, 7, 6, 13, 9, 5, 14, 10, 1, 11, 12, 8, 2], [15, 4, 3, 7, 6, 13, 9, 5, 14, 10, 1, 11, 12, 8, 2], [2, 4, 3, 7, 6, 13, 9, 5, 14, 10, 1, 11, 12, 8, 15], [4, 2, 3, 7, 6, 13, 9, 5, 14, 10, 1, 11, 12, 8, 15], [7, 2, 3, 4, 6, 13, 9, 5, 14, 10, 1, 11, 12, 8, 15], [9, 2, 3, 4, 6, 13, 7, 5, 14, 10, 1, 11, 12, 8, 15], [14, 2, 3, 4, 6, 13, 7, 5, 9, 10, 1, 11, 12, 8, 15], [8, 2, 3, 4, 6, 13, 7, 5, 9, 10, 1, 11, 12, 14, 15], [5, 2, 3, 4, 6, 13, 7, 8, 9, 10, 1, 11, 12, 14, 15], [6, 2, 3, 4, 5, 13, 7, 8, 9, 10, 1, 11, 12, 14, 15], [13, 2, 3, 4, 5, 6, 7, 8, 9, 10, 1, 11, 12, 14, 15], [12, 2, 3, 4, 5, 6, 7, 8, 9, 10, 1, 11, 13, 14, 15], [11, 2, 3, 4, 5, 6, 7, 8, 9, 10, 1, 12, 13, 14, 15], [1, 2, 3, 4, 5, 6, 7, 8, 9, 10, 11, 12, 13, 14, 15]], pos=[[11, 15, 10, 2, 8, 5, 4, 14, 7, 1, 12, 13, 6, 9, 3], [11, 15, 1, 2, 8, 5, 4, 14, 7, 10, 12, 13, 6, 9, 3], [11, 15, 3, 2, 8, 5, 4, 14, 7, 10, 12, 13, 6, 9, 1], [11, 1, 3, 2, 8, 5, 4, 14, 7, 10, 12, 13, 6, 9, 15], [11, 2, 3, 1, 8, 5, 4, 14, 7, 10, 12, 13, 6, 9, 15], [11, 2, 3, 4, 8, 5, 1, 14, 7, 10, 12, 13, 6, 9, 15], [11, 2, 3, 4, 8, 5, 7, 14, 1, 10, 12, 13, 6, 9, 15], [11, 2, 3, 4, 8, 5, 7, 14, 9, 10, 12, 13, 6, 1, 15], [11, 2, 3, 4, 8, 5, 7, 1, 9, 10, 12, 13, 6, 14, 15], [11, 2, 3, 4, 1, 5, 7, 8, 9, 10, 12, 13, 6, 14, 15], [11, 2, 3, 4, 5, 1, 7, 8, 9, 10, 12, 13, 6, 14, 15], [11, 2, 3, 4, 5, 6, 7, 8, 9, 10, 12, 13, 1, 14, 15], [11, 2, 3, 4, 5, 6, 7, 8, 9, 10, 12, 1, 13, 14, 15], [11, 2, 3, 4, 5, 6, 7, 8, 9, 10, 1, 12, 13, 14, 15], [1, 2, 3, 4, 5, 6, 7, 8, 9, 10, 11, 12, 13, 14, 15]], idx1=[1, 1, 1, 1, 1, 1, 1, 1, 1, 1, 1, 1, 1, 1], idx2=[10, 3, 15, 2, 4, 7, 9, 14, 8, 5, 6, 13, 12, 11], _checker='')