============================================================
BENCHMARK ID: 34 | DIMENSIONE: 20 | STRATEGIA: smallest
============================================================

Input Vector: [20, 18, 5, 11, 1, 14, 16, 2, 8, 7, 13, 6, 10, 19, 12, 9, 4, 17, 15, 3]

STATO: RISOLTO
K: 17
TEMPO: 0.2880s
----------------------------------------
PIANO:
Solution(v=[[20, 18, 5, 11, 1, 14, 16, 2, 8, 7, 13, 6, 10, 19, 12, 9, 4, 17, 15, 3], [3, 18, 5, 11, 1, 14, 16, 2, 8, 7, 13, 6, 10, 19, 12, 9, 4, 17, 15, 20], [5, 18, 3, 11, 1, 14, 16, 2, 8, 7, 13, 6, 10, 19, 12, 9, 4, 17, 15, 20], [1, 18, 3, 11, 5, 14, 16, 2, 8, 7, 13, 6, 10, 19, 12, 9, 4, 17, 15, 20], [1, 17, 3, 11, 5, 14, 16, 2, 8, 7, 13, 6, 10, 19, 12, 9, 4, 18, 15, 20], [1, 4, 3, 11, 5, 14, 16, 2, 8, 7, 13, 6, 10, 19, 12, 9, 17, 18, 15, 20], [1, 11, 3, 4, 5, 14, 16, 2, 8, 7, 13, 6, 10, 19, 12, 9, 17, 18, 15, 20], [1, 13, 3, 4, 5, 14, 16, 2, 8, 7, 11, 6, 10, 19, 12, 9, 17, 18, 15, 20], [1, 10, 3, 4, 5, 14, 16, 2, 8, 7, 11, 6, 13, 19, 12, 9, 17, 18, 15, 20], [1, 7, 3, 4, 5, 14, 16, 2, 8, 10, 11, 6, 13, 19, 12, 9, 17, 18, 15, 20], [1, 16, 3, 4, 5, 14, 7, 2, 8, 10, 11, 6, 13, 19, 12, 9, 17, 18, 15, 20], [1, 9, 3, 4, 5, 14, 7, 2, 8, 10, 11, 6, 13, 19, 12, 16, 17, 18, 15, 20], [1, 8, 3, 4, 5, 14, 7, 2, 9, 10, 11, 6, 13, 19, 12, 16, 17, 18, 15, 20], [1, 2, 3, 4, 5, 14, 7, 8, 9, 10, 11, 6, 13, 19, 12, 16, 17, 18, 15, 20], [1, 2, 3, 4, 5, 19, 7, 8, 9, 10, 11, 6, 13, 14, 12, 16, 17, 18, 15, 20], [1, 2, 3, 4, 5, 15, 7, 8, 9, 10, 11, 6, 13, 14, 12, 16, 17, 18, 19, 20], [1, 2, 3, 4, 5, 12, 7, 8, 9, 10, 11, 6, 13, 14, 15, 16, 17, 18, 19, 20], [1, 2, 3, 4, 5, 6, 7, 8, 9, 10, 11, 12, 13, 14, 15, 16, 17, 18, 19, 20]], pos=[[5, 8, 20, 17, 3, 12, 10, 9, 16, 13, 4, 15, 11, 6, 19, 7, 18, 2, 14, 1], [5, 8, 1, 17, 3, 12, 10, 9, 16, 13, 4, 15, 11, 6, 19, 7, 18, 2, 14, 20], [5, 8, 3, 17, 1, 12, 10, 9, 16, 13, 4, 15, 11, 6, 19, 7, 18, 2, 14, 20], [1, 8, 3, 17, 5, 12, 10, 9, 16, 13, 4, 15, 11, 6, 19, 7, 18, 2, 14, 20], [1, 8, 3, 17, 5, 12, 10, 9, 16, 13, 4, 15, 11, 6, 19, 7, 2, 18, 14, 20], [1, 8, 3, 2, 5, 12, 10, 9, 16, 13, 4, 15, 11, 6, 19, 7, 17, 18, 14, 20], [1, 8, 3, 4, 5, 12, 10, 9, 16, 13, 2, 15, 11, 6, 19, 7, 17, 18, 14, 20], [1, 8, 3, 4, 5, 12, 10, 9, 16, 13, 11, 15, 2, 6, 19, 7, 17, 18, 14, 20], [1, 8, 3, 4, 5, 12, 10, 9, 16, 2, 11, 15, 13, 6, 19, 7, 17, 18, 14, 20], [1, 8, 3, 4, 5, 12, 2, 9, 16, 10, 11, 15, 13, 6, 19, 7, 17, 18, 14, 20], [1, 8, 3, 4, 5, 12, 7, 9, 16, 10, 11, 15, 13, 6, 19, 2, 17, 18, 14, 20], [1, 8, 3, 4, 5, 12, 7, 9, 2, 10, 11, 15, 13, 6, 19, 16, 17, 18, 14, 20], [1, 8, 3, 4, 5, 12, 7, 2, 9, 10, 11, 15, 13, 6, 19, 16, 17, 18, 14, 20], [1, 2, 3, 4, 5, 12, 7, 8, 9, 10, 11, 15, 13, 6, 19, 16, 17, 18, 14, 20], [1, 2, 3, 4, 5, 12, 7, 8, 9, 10, 11, 15, 13, 14, 19, 16, 17, 18, 6, 20], [1, 2, 3, 4, 5, 12, 7, 8, 9, 10, 11, 15, 13, 14, 6, 16, 17, 18, 19, 20], [1, 2, 3, 4, 5, 12, 7, 8, 9, 10, 11, 6, 13, 14, 15, 16, 17, 18, 19, 20], [1, 2, 3, 4, 5, 6, 7, 8, 9, 10, 11, 12, 13, 14, 15, 16, 17, 18, 19, 20]], idx1=[1, 1, 1, 2, 2, 2, 2, 2, 2, 2, 2, 2, 2, 6, 6, 6, 6], idx2=[20, 3, 5, 18, 17, 4, 11, 13, 10, 7, 16, 9, 8, 14, 19, 15, 12], _checker='')