============================================================
BENCHMARK ID: 54 | DIMENSIONE: 30 | STRATEGIA: smallest
============================================================

Input Vector: [17, 14, 9, 2, 24, 20, 4, 27, 16, 1, 10, 6, 13, 8, 28, 15, 19, 29, 18, 23, 5, 7, 30, 12, 22, 21, 3, 25, 26, 11]

STATO: RISOLTO
K: 27
TEMPO: 0.2880s
----------------------------------------
PIANO:
Solution(v=[[17, 14, 9, 2, 24, 20, 4, 27, 16, 1, 10, 6, 13, 8, 28, 15, 19, 29, 18, 23, 5, 7, 30, 12, 22, 21, 3, 25, 26, 11], [19, 14, 9, 2, 24, 20, 4, 27, 16, 1, 10, 6, 13, 8, 28, 15, 17, 29, 18, 23, 5, 7, 30, 12, 22, 21, 3, 25, 26, 11], [18, 14, 9, 2, 24, 20, 4, 27, 16, 1, 10, 6, 13, 8, 28, 15, 17, 29, 19, 23, 5, 7, 30, 12, 22, 21, 3, 25, 26, 11], [29, 14, 9, 2, 24, 20, 4, 27, 16, 1, 10, 6, 13, 8, 28, 15, 17, 18, 19, 23, 5, 7, 30, 12, 22, 21, 3, 25, 26, 11], [26, 14, 9, 2, 24, 20, 4, 27, 16, 1, 10, 6, 13, 8, 28, 15, 17, 18, 19, 23, 5, 7, 30, 12, 22, 21, 3, 25, 29, 11], [21, 14, 9, 2, 24, 20, 4, 27, 16, 1, 10, 6, 13, 8, 28, 15, 17, 18, 19, 23, 5, 7, 30, 12, 22, 26, 3, 25, 29, 11], [5, 14, 9, 2, 24, 20, 4, 27, 16, 1, 10, 6, 13, 8, 28, 15, 17, 18, 19, 23, 21, 7, 30, 12, 22, 26, 3, 25, 29, 11], [24, 14, 9, 2, 5, 20, 4, 27, 16, 1, 10, 6, 13, 8, 28, 15, 17, 18, 19, 23, 21, 7, 30, 12, 22, 26, 3, 25, 29, 11], [12, 14, 9, 2, 5, 20, 4, 27, 16, 1, 10, 6, 13, 8, 28, 15, 17, 18, 19, 23, 21, 7, 30, 24, 22, 26, 3, 25, 29, 11], [6, 14, 9, 2, 5, 20, 4, 27, 16, 1, 10, 12, 13, 8, 28, 15, 17, 18, 19, 23, 21, 7, 30, 24, 22, 26, 3, 25, 29, 11], [20, 14, 9, 2, 5, 6, 4, 27, 16, 1, 10, 12, 13, 8, 28, 15, 17, 18, 19, 23, 21, 7, 30, 24, 22, 26, 3, 25, 29, 11], [23, 14, 9, 2, 5, 6, 4, 27, 16, 1, 10, 12, 13, 8, 28, 15, 17, 18, 19, 20, 21, 7, 30, 24, 22, 26, 3, 25, 29, 11], [30, 14, 9, 2, 5, 6, 4, 27, 16, 1, 10, 12, 13, 8, 28, 15, 17, 18, 19, 20, 21, 7, 23, 24, 22, 26, 3, 25, 29, 11], [11, 14, 9, 2, 5, 6, 4, 27, 16, 1, 10, 12, 13, 8, 28, 15, 17, 18, 19, 20, 21, 7, 23, 24, 22, 26, 3, 25, 29, 30], [10, 14, 9, 2, 5, 6, 4, 27, 16, 1, 11, 12, 13, 8, 28, 15, 17, 18, 19, 20, 21, 7, 23, 24, 22, 26, 3, 25, 29, 30], [1, 14, 9, 2, 5, 6, 4, 27, 16, 10, 11, 12, 13, 8, 28, 15, 17, 18, 19, 20, 21, 7, 23, 24, 22, 26, 3, 25, 29, 30], [1, 8, 9, 2, 5, 6, 4, 27, 16, 10, 11, 12, 13, 14, 28, 15, 17, 18, 19, 20, 21, 7, 23, 24, 22, 26, 3, 25, 29, 30], [1, 27, 9, 2, 5, 6, 4, 8, 16, 10, 11, 12, 13, 14, 28, 15, 17, 18, 19, 20, 21, 7, 23, 24, 22, 26, 3, 25, 29, 30], [1, 3, 9, 2, 5, 6, 4, 8, 16, 10, 11, 12, 13, 14, 28, 15, 17, 18, 19, 20, 21, 7, 23, 24, 22, 26, 27, 25, 29, 30], [1, 9, 3, 2, 5, 6, 4, 8, 16, 10, 11, 12, 13, 14, 28, 15, 17, 18, 19, 20, 21, 7, 23, 24, 22, 26, 27, 25, 29, 30], [1, 16, 3, 2, 5, 6, 4, 8, 9, 10, 11, 12, 13, 14, 28, 15, 17, 18, 19, 20, 21, 7, 23, 24, 22, 26, 27, 25, 29, 30], [1, 15, 3, 2, 5, 6, 4, 8, 9, 10, 11, 12, 13, 14, 28, 16, 17, 18, 19, 20, 21, 7, 23, 24, 22, 26, 27, 25, 29, 30], [1, 28, 3, 2, 5, 6, 4, 8, 9, 10, 11, 12, 13, 14, 15, 16, 17, 18, 19, 20, 21, 7, 23, 24, 22, 26, 27, 25, 29, 30], [1, 25, 3, 2, 5, 6, 4, 8, 9, 10, 11, 12, 13, 14, 15, 16, 17, 18, 19, 20, 21, 7, 23, 24, 22, 26, 27, 28, 29, 30], [1, 22, 3, 2, 5, 6, 4, 8, 9, 10, 11, 12, 13, 14, 15, 16, 17, 18, 19, 20, 21, 7, 23, 24, 25, 26, 27, 28, 29, 30], [1, 7, 3, 2, 5, 6, 4, 8, 9, 10, 11, 12, 13, 14, 15, 16, 17, 18, 19, 20, 21, 22, 23, 24, 25, 26, 27, 28, 29, 30], [1, 4, 3, 2, 5, 6, 7, 8, 9, 10, 11, 12, 13, 14, 15, 16, 17, 18, 19, 20, 21, 22, 23, 24, 25, 26, 27, 28, 29, 30], [1, 2, 3, 4, 5, 6, 7, 8, 9, 10, 11, 12, 13, 14, 15, 16, 17, 18, 19, 20, 21, 22, 23, 24, 25, 26, 27, 28, 29, 30]], pos=[[10, 4, 27, 7, 21, 12, 22, 14, 3, 11, 30, 24, 13, 2, 16, 9, 1, 19, 17, 6, 26, 25, 20, 5, 28, 29, 8, 15, 18, 23], [10, 4, 27, 7, 21, 12, 22, 14, 3, 11, 30, 24, 13, 2, 16, 9, 17, 19, 1, 6, 26, 25, 20, 5, 28, 29, 8, 15, 18, 23], [10, 4, 27, 7, 21, 12, 22, 14, 3, 11, 30, 24, 13, 2, 16, 9, 17, 1, 19, 6, 26, 25, 20, 5, 28, 29, 8, 15, 18, 23], [10, 4, 27, 7, 21, 12, 22, 14, 3, 11, 30, 24, 13, 2, 16, 9, 17, 18, 19, 6, 26, 25, 20, 5, 28, 29, 8, 15, 1, 23], [10, 4, 27, 7, 21, 12, 22, 14, 3, 11, 30, 24, 13, 2, 16, 9, 17, 18, 19, 6, 26, 25, 20, 5, 28, 1, 8, 15, 29, 23], [10, 4, 27, 7, 21, 12, 22, 14, 3, 11, 30, 24, 13, 2, 16, 9, 17, 18, 19, 6, 1, 25, 20, 5, 28, 26, 8, 15, 29, 23], [10, 4, 27, 7, 1, 12, 22, 14, 3, 11, 30, 24, 13, 2, 16, 9, 17, 18, 19, 6, 21, 25, 20, 5, 28, 26, 8, 15, 29, 23], [10, 4, 27, 7, 5, 12, 22, 14, 3, 11, 30, 24, 13, 2, 16, 9, 17, 18, 19, 6, 21, 25, 20, 1, 28, 26, 8, 15, 29, 23], [10, 4, 27, 7, 5, 12, 22, 14, 3, 11, 30, 1, 13, 2, 16, 9, 17, 18, 19, 6, 21, 25, 20, 24, 28, 26, 8, 15, 29, 23], [10, 4, 27, 7, 5, 1, 22, 14, 3, 11, 30, 12, 13, 2, 16, 9, 17, 18, 19, 6, 21, 25, 20, 24, 28, 26, 8, 15, 29, 23], [10, 4, 27, 7, 5, 6, 22, 14, 3, 11, 30, 12, 13, 2, 16, 9, 17, 18, 19, 1, 21, 25, 20, 24, 28, 26, 8, 15, 29, 23], [10, 4, 27, 7, 5, 6, 22, 14, 3, 11, 30, 12, 13, 2, 16, 9, 17, 18, 19, 20, 21, 25, 1, 24, 28, 26, 8, 15, 29, 23], [10, 4, 27, 7, 5, 6, 22, 14, 3, 11, 30, 12, 13, 2, 16, 9, 17, 18, 19, 20, 21, 25, 23, 24, 28, 26, 8, 15, 29, 1], [10, 4, 27, 7, 5, 6, 22, 14, 3, 11, 1, 12, 13, 2, 16, 9, 17, 18, 19, 20, 21, 25, 23, 24, 28, 26, 8, 15, 29, 30], [10, 4, 27, 7, 5, 6, 22, 14, 3, 1, 11, 12, 13, 2, 16, 9, 17, 18, 19, 20, 21, 25, 23, 24, 28, 26, 8, 15, 29, 30], [1, 4, 27, 7, 5, 6, 22, 14, 3, 10, 11, 12, 13, 2, 16, 9, 17, 18, 19, 20, 21, 25, 23, 24, 28, 26, 8, 15, 29, 30], [1, 4, 27, 7, 5, 6, 22, 2, 3, 10, 11, 12, 13, 14, 16, 9, 17, 18, 19, 20, 21, 25, 23, 24, 28, 26, 8, 15, 29, 30], [1, 4, 27, 7, 5, 6, 22, 8, 3, 10, 11, 12, 13, 14, 16, 9, 17, 18, 19, 20, 21, 25, 23, 24, 28, 26, 2, 15, 29, 30], [1, 4, 2, 7, 5, 6, 22, 8, 3, 10, 11, 12, 13, 14, 16, 9, 17, 18, 19, 20, 21, 25, 23, 24, 28, 26, 27, 15, 29, 30], [1, 4, 3, 7, 5, 6, 22, 8, 2, 10, 11, 12, 13, 14, 16, 9, 17, 18, 19, 20, 21, 25, 23, 24, 28, 26, 27, 15, 29, 30], [1, 4, 3, 7, 5, 6, 22, 8, 9, 10, 11, 12, 13, 14, 16, 2, 17, 18, 19, 20, 21, 25, 23, 24, 28, 26, 27, 15, 29, 30], [1, 4, 3, 7, 5, 6, 22, 8, 9, 10, 11, 12, 13, 14, 2, 16, 17, 18, 19, 20, 21, 25, 23, 24, 28, 26, 27, 15, 29, 30], [1, 4, 3, 7, 5, 6, 22, 8, 9, 10, 11, 12, 13, 14, 15, 16, 17, 18, 19, 20, 21, 25, 23, 24, 28, 26, 27, 2, 29, 30], [1, 4, 3, 7, 5, 6, 22, 8, 9, 10, 11, 12, 13, 14, 15, 16, 17, 18, 19, 20, 21, 25, 23, 24, 2, 26, 27, 28, 29, 30], [1, 4, 3, 7, 5, 6, 22, 8, 9, 10, 11, 12, 13, 14, 15, 16, 17, 18, 19, 20, 21, 2, 23, 24, 25, 26, 27, 28, 29, 30], [1, 4, 3, 7, 5, 6, 2, 8, 9, 10, 11, 12, 13, 14, 15, 16, 17, 18, 19, 20, 21, 22, 23, 24, 25, 26, 27, 28, 29, 30], [1, 4, 3, 2, 5, 6, 7, 8, 9, 10, 11, 12, 13, 14, 15, 16, 17, 18, 19, 20, 21, 22, 23, 24, 25, 26, 27, 28, 29, 30], [1, 2, 3, 4, 5, 6, 7, 8, 9, 10, 11, 12, 13, 14, 15, 16, 17, 18, 19, 20, 21, 22, 23, 24, 25, 26, 27, 28, 29, 30]], idx1=[1, 1, 1, 1, 1, 1, 1, 1, 1, 1, 1, 1, 1, 1, 1, 2, 2, 2, 2, 2, 2, 2, 2, 2, 2, 2, 2], idx2=[17, 19, 18, 29, 26, 21, 5, 24, 12, 6, 20, 23, 30, 11, 10, 14, 8, 27, 3, 9, 16, 15, 28, 25, 22, 7, 4], _checker='')