============================================================
BENCHMARK ID: 14 | DIMENSIONE: 10 | STRATEGIA: smallest
============================================================

Input Vector: [6, 3, 8, 9, 5, 7, 1, 2, 10, 4]

STATO: RISOLTO
K: 6
TEMPO: 0.2680s
----------------------------------------
PIANO:
Solution(v=[[6, 3, 8, 9, 5, 7, 1, 2, 10, 4], [7, 3, 8, 9, 5, 6, 1, 2, 10, 4], [1, 3, 8, 9, 5, 6, 7, 2, 10, 4], [1, 8, 3, 9, 5, 6, 7, 2, 10, 4], [1, 2, 3, 9, 5, 6, 7, 8, 10, 4], [1, 2, 3, 10, 5, 6, 7, 8, 9, 4], [1, 2, 3, 4, 5, 6, 7, 8, 9, 10]], pos=[[7, 8, 2, 10, 5, 1, 6, 3, 4, 9], [7, 8, 2, 10, 5, 6, 1, 3, 4, 9], [1, 8, 2, 10, 5, 6, 7, 3, 4, 9], [1, 8, 3, 10, 5, 6, 7, 2, 4, 9], [1, 2, 3, 10, 5, 6, 7, 8, 4, 9], [1, 2, 3, 10, 5, 6, 7, 8, 9, 4], [1, 2, 3, 4, 5, 6, 7, 8, 9, 10]], idx1=[1, 1, 2, 2, 4, 4], idx2=[6, 7, 3, 8, 9, 10], _checker='')