============================================================
BENCHMARK ID: 27 | DIMENSIONE: 15 | STRATEGIA: smallest
============================================================

Input Vector: [14, 1, 8, 9, 4, 5, 15, 13, 12, 2, 3, 7, 6, 11, 10]

STATO: RISOLTO
K: 14
TEMPO: 0.3390s
----------------------------------------
PIANO:
Solution(v=[[14, 1, 8, 9, 4, 5, 15, 13, 12, 2, 3, 7, 6, 11, 10], [11, 1, 8, 9, 4, 5, 15, 13, 12, 2, 3, 7, 6, 14, 10], [3, 1, 8, 9, 4, 5, 15, 13, 12, 2, 11, 7, 6, 14, 10], [8, 1, 3, 9, 4, 5, 15, 13, 12, 2, 11, 7, 6, 14, 10], [13, 1, 3, 9, 4, 5, 15, 8, 12, 2, 11, 7, 6, 14, 10], [6, 1, 3, 9, 4, 5, 15, 8, 12, 2, 11, 7, 13, 14, 10], [5, 1, 3, 9, 4, 6, 15, 8, 12, 2, 11, 7, 13, 14, 10], [4, 1, 3, 9, 5, 6, 15, 8, 12, 2, 11, 7, 13, 14, 10], [9, 1, 3, 4, 5, 6, 15, 8, 12, 2, 11, 7, 13, 14, 10], [12, 1, 3, 4, 5, 6, 15, 8, 9, 2, 11, 7, 13, 14, 10], [7, 1, 3, 4, 5, 6, 15, 8, 9, 2, 11, 12, 13, 14, 10], [15, 1, 3, 4, 5, 6, 7, 8, 9, 2, 11, 12, 13, 14, 10], [10, 1, 3, 4, 5, 6, 7, 8, 9, 2, 11, 12, 13, 14, 15], [2, 1, 3, 4, 5, 6, 7, 8, 9, 10, 11, 12, 13, 14, 15], [1, 2, 3, 4, 5, 6, 7, 8, 9, 10, 11, 12, 13, 14, 15]], pos=[[2, 10, 11, 5, 6, 13, 12, 3, 4, 15, 14, 9, 8, 1, 7], [2, 10, 11, 5, 6, 13, 12, 3, 4, 15, 1, 9, 8, 14, 7], [2, 10, 1, 5, 6, 13, 12, 3, 4, 15, 11, 9, 8, 14, 7], [2, 10, 3, 5, 6, 13, 12, 1, 4, 15, 11, 9, 8, 14, 7], [2, 10, 3, 5, 6, 13, 12, 8, 4, 15, 11, 9, 1, 14, 7], [2, 10, 3, 5, 6, 1, 12, 8, 4, 15, 11, 9, 13, 14, 7], [2, 10, 3, 5, 1, 6, 12, 8, 4, 15, 11, 9, 13, 14, 7], [2, 10, 3, 1, 5, 6, 12, 8, 4, 15, 11, 9, 13, 14, 7], [2, 10, 3, 4, 5, 6, 12, 8, 1, 15, 11, 9, 13, 14, 7], [2, 10, 3, 4, 5, 6, 12, 8, 9, 15, 11, 1, 13, 14, 7], [2, 10, 3, 4, 5, 6, 1, 8, 9, 15, 11, 12, 13, 14, 7], [2, 10, 3, 4, 5, 6, 7, 8, 9, 15, 11, 12, 13, 14, 1], [2, 10, 3, 4, 5, 6, 7, 8, 9, 1, 11, 12, 13, 14, 15], [2, 1, 3, 4, 5, 6, 7, 8, 9, 10, 11, 12, 13, 14, 15], [1, 2, 3, 4, 5, 6, 7, 8, 9, 10, 11, 12, 13, 14, 15]], idx1=[1, 1, 1, 1, 1, 1, 1, 1, 1, 1, 1, 1, 1, 1], idx2=[14, 11, 3, 8, 13, 6, 5, 4, 9, 12, 7, 15, 10, 2], _checker='')