============================================================
BENCHMARK ID: 53 | DIMENSIONE: 30 | STRATEGIA: smallest
============================================================

Input Vector: [2, 17, 23, 5, 19, 29, 6, 14, 4, 15, 28, 9, 25, 27, 26, 10, 18, 13, 16, 30, 7, 24, 3, 1, 21, 12, 11, 22, 8, 20]

STATO: RISOLTO
K: 26
TEMPO: 0.2730s
----------------------------------------
PIANO:
Solution(v=[[2, 17, 23, 5, 19, 29, 6, 14, 4, 15, 28, 9, 25, 27, 26, 10, 18, 13, 16, 30, 7, 24, 3, 1, 21, 12, 11, 22, 8, 20], [17, 2, 23, 5, 19, 29, 6, 14, 4, 15, 28, 9, 25, 27, 26, 10, 18, 13, 16, 30, 7, 24, 3, 1, 21, 12, 11, 22, 8, 20], [18, 2, 23, 5, 19, 29, 6, 14, 4, 15, 28, 9, 25, 27, 26, 10, 17, 13, 16, 30, 7, 24, 3, 1, 21, 12, 11, 22, 8, 20], [13, 2, 23, 5, 19, 29, 6, 14, 4, 15, 28, 9, 25, 27, 26, 10, 17, 18, 16, 30, 7, 24, 3, 1, 21, 12, 11, 22, 8, 20], [25, 2, 23, 5, 19, 29, 6, 14, 4, 15, 28, 9, 13, 27, 26, 10, 17, 18, 16, 30, 7, 24, 3, 1, 21, 12, 11, 22, 8, 20], [21, 2, 23, 5, 19, 29, 6, 14, 4, 15, 28, 9, 13, 27, 26, 10, 17, 18, 16, 30, 7, 24, 3, 1, 25, 12, 11, 22, 8, 20], [7, 2, 23, 5, 19, 29, 6, 14, 4, 15, 28, 9, 13, 27, 26, 10, 17, 18, 16, 30, 21, 24, 3, 1, 25, 12, 11, 22, 8, 20], [6, 2, 23, 5, 19, 29, 7, 14, 4, 15, 28, 9, 13, 27, 26, 10, 17, 18, 16, 30, 21, 24, 3, 1, 25, 12, 11, 22, 8, 20], [29, 2, 23, 5, 19, 6, 7, 14, 4, 15, 28, 9, 13, 27, 26, 10, 17, 18, 16, 30, 21, 24, 3, 1, 25, 12, 11, 22, 8, 20], [8, 2, 23, 5, 19, 6, 7, 14, 4, 15, 28, 9, 13, 27, 26, 10, 17, 18, 16, 30, 21, 24, 3, 1, 25, 12, 11, 22, 29, 20], [14, 2, 23, 5, 19, 6, 7, 8, 4, 15, 28, 9, 13, 27, 26, 10, 17, 18, 16, 30, 21, 24, 3, 1, 25, 12, 11, 22, 29, 20], [27, 2, 23, 5, 19, 6, 7, 8, 4, 15, 28, 9, 13, 14, 26, 10, 17, 18, 16, 30, 21, 24, 3, 1, 25, 12, 11, 22, 29, 20], [11, 2, 23, 5, 19, 6, 7, 8, 4, 15, 28, 9, 13, 14, 26, 10, 17, 18, 16, 30, 21, 24, 3, 1, 25, 12, 27, 22, 29, 20], [28, 2, 23, 5, 19, 6, 7, 8, 4, 15, 11, 9, 13, 14, 26, 10, 17, 18, 16, 30, 21, 24, 3, 1, 25, 12, 27, 22, 29, 20], [22, 2, 23, 5, 19, 6, 7, 8, 4, 15, 11, 9, 13, 14, 26, 10, 17, 18, 16, 30, 21, 24, 3, 1, 25, 12, 27, 28, 29, 20], [24, 2, 23, 5, 19, 6, 7, 8, 4, 15, 11, 9, 13, 14, 26, 10, 17, 18, 16, 30, 21, 22, 3, 1, 25, 12, 27, 28, 29, 20], [1, 2, 23, 5, 19, 6, 7, 8, 4, 15, 11, 9, 13, 14, 26, 10, 17, 18, 16, 30, 21, 22, 3, 24, 25, 12, 27, 28, 29, 20], [1, 2, 3, 5, 19, 6, 7, 8, 4, 15, 11, 9, 13, 14, 26, 10, 17, 18, 16, 30, 21, 22, 23, 24, 25, 12, 27, 28, 29, 20], [1, 2, 3, 19, 5, 6, 7, 8, 4, 15, 11, 9, 13, 14, 26, 10, 17, 18, 16, 30, 21, 22, 23, 24, 25, 12, 27, 28, 29, 20], [1, 2, 3, 16, 5, 6, 7, 8, 4, 15, 11, 9, 13, 14, 26, 10, 17, 18, 19, 30, 21, 22, 23, 24, 25, 12, 27, 28, 29, 20], [1, 2, 3, 10, 5, 6, 7, 8, 4, 15, 11, 9, 13, 14, 26, 16, 17, 18, 19, 30, 21, 22, 23, 24, 25, 12, 27, 28, 29, 20], [1, 2, 3, 15, 5, 6, 7, 8, 4, 10, 11, 9, 13, 14, 26, 16, 17, 18, 19, 30, 21, 22, 23, 24, 25, 12, 27, 28, 29, 20], [1, 2, 3, 26, 5, 6, 7, 8, 4, 10, 11, 9, 13, 14, 15, 16, 17, 18, 19, 30, 21, 22, 23, 24, 25, 12, 27, 28, 29, 20], [1, 2, 3, 12, 5, 6, 7, 8, 4, 10, 11, 9, 13, 14, 15, 16, 17, 18, 19, 30, 21, 22, 23, 24, 25, 26, 27, 28, 29, 20], [1, 2, 3, 9, 5, 6, 7, 8, 4, 10, 11, 12, 13, 14, 15, 16, 17, 18, 19, 30, 21, 22, 23, 24, 25, 26, 27, 28, 29, 20], [1, 2, 3, 4, 5, 6, 7, 8, 9, 10, 11, 12, 13, 14, 15, 16, 17, 18, 19, 30, 21, 22, 23, 24, 25, 26, 27, 28, 29, 20], [1, 2, 3, 4, 5, 6, 7, 8, 9, 10, 11, 12, 13, 14, 15, 16, 17, 18, 19, 20, 21, 22, 23, 24, 25, 26, 27, 28, 29, 30]], pos=[[24, 1, 23, 9, 4, 7, 21, 29, 12, 16, 27, 26, 18, 8, 10, 19, 2, 17, 5, 30, 25, 28, 3, 22, 13, 15, 14, 11, 6, 20], [24, 2, 23, 9, 4, 7, 21, 29, 12, 16, 27, 26, 18, 8, 10, 19, 1, 17, 5, 30, 25, 28, 3, 22, 13, 15, 14, 11, 6, 20], [24, 2, 23, 9, 4, 7, 21, 29, 12, 16, 27, 26, 18, 8, 10, 19, 17, 1, 5, 30, 25, 28, 3, 22, 13, 15, 14, 11, 6, 20], [24, 2, 23, 9, 4, 7, 21, 29, 12, 16, 27, 26, 1, 8, 10, 19, 17, 18, 5, 30, 25, 28, 3, 22, 13, 15, 14, 11, 6, 20], [24, 2, 23, 9, 4, 7, 21, 29, 12, 16, 27, 26, 13, 8, 10, 19, 17, 18, 5, 30, 25, 28, 3, 22, 1, 15, 14, 11, 6, 20], [24, 2, 23, 9, 4, 7, 21, 29, 12, 16, 27, 26, 13, 8, 10, 19, 17, 18, 5, 30, 1, 28, 3, 22, 25, 15, 14, 11, 6, 20], [24, 2, 23, 9, 4, 7, 1, 29, 12, 16, 27, 26, 13, 8, 10, 19, 17, 18, 5, 30, 21, 28, 3, 22, 25, 15, 14, 11, 6, 20], [24, 2, 23, 9, 4, 1, 7, 29, 12, 16, 27, 26, 13, 8, 10, 19, 17, 18, 5, 30, 21, 28, 3, 22, 25, 15, 14, 11, 6, 20], [24, 2, 23, 9, 4, 6, 7, 29, 12, 16, 27, 26, 13, 8, 10, 19, 17, 18, 5, 30, 21, 28, 3, 22, 25, 15, 14, 11, 1, 20], [24, 2, 23, 9, 4, 6, 7, 1, 12, 16, 27, 26, 13, 8, 10, 19, 17, 18, 5, 30, 21, 28, 3, 22, 25, 15, 14, 11, 29, 20], [24, 2, 23, 9, 4, 6, 7, 8, 12, 16, 27, 26, 13, 1, 10, 19, 17, 18, 5, 30, 21, 28, 3, 22, 25, 15, 14, 11, 29, 20], [24, 2, 23, 9, 4, 6, 7, 8, 12, 16, 27, 26, 13, 14, 10, 19, 17, 18, 5, 30, 21, 28, 3, 22, 25, 15, 1, 11, 29, 20], [24, 2, 23, 9, 4, 6, 7, 8, 12, 16, 1, 26, 13, 14, 10, 19, 17, 18, 5, 30, 21, 28, 3, 22, 25, 15, 27, 11, 29, 20], [24, 2, 23, 9, 4, 6, 7, 8, 12, 16, 11, 26, 13, 14, 10, 19, 17, 18, 5, 30, 21, 28, 3, 22, 25, 15, 27, 1, 29, 20], [24, 2, 23, 9, 4, 6, 7, 8, 12, 16, 11, 26, 13, 14, 10, 19, 17, 18, 5, 30, 21, 1, 3, 22, 25, 15, 27, 28, 29, 20], [24, 2, 23, 9, 4, 6, 7, 8, 12, 16, 11, 26, 13, 14, 10, 19, 17, 18, 5, 30, 21, 22, 3, 1, 25, 15, 27, 28, 29, 20], [1, 2, 23, 9, 4, 6, 7, 8, 12, 16, 11, 26, 13, 14, 10, 19, 17, 18, 5, 30, 21, 22, 3, 24, 25, 15, 27, 28, 29, 20], [1, 2, 3, 9, 4, 6, 7, 8, 12, 16, 11, 26, 13, 14, 10, 19, 17, 18, 5, 30, 21, 22, 23, 24, 25, 15, 27, 28, 29, 20], [1, 2, 3, 9, 5, 6, 7, 8, 12, 16, 11, 26, 13, 14, 10, 19, 17, 18, 4, 30, 21, 22, 23, 24, 25, 15, 27, 28, 29, 20], [1, 2, 3, 9, 5, 6, 7, 8, 12, 16, 11, 26, 13, 14, 10, 4, 17, 18, 19, 30, 21, 22, 23, 24, 25, 15, 27, 28, 29, 20], [1, 2, 3, 9, 5, 6, 7, 8, 12, 4, 11, 26, 13, 14, 10, 16, 17, 18, 19, 30, 21, 22, 23, 24, 25, 15, 27, 28, 29, 20], [1, 2, 3, 9, 5, 6, 7, 8, 12, 10, 11, 26, 13, 14, 4, 16, 17, 18, 19, 30, 21, 22, 23, 24, 25, 15, 27, 28, 29, 20], [1, 2, 3, 9, 5, 6, 7, 8, 12, 10, 11, 26, 13, 14, 15, 16, 17, 18, 19, 30, 21, 22, 23, 24, 25, 4, 27, 28, 29, 20], [1, 2, 3, 9, 5, 6, 7, 8, 12, 10, 11, 4, 13, 14, 15, 16, 17, 18, 19, 30, 21, 22, 23, 24, 25, 26, 27, 28, 29, 20], [1, 2, 3, 9, 5, 6, 7, 8, 4, 10, 11, 12, 13, 14, 15, 16, 17, 18, 19, 30, 21, 22, 23, 24, 25, 26, 27, 28, 29, 20], [1, 2, 3, 4, 5, 6, 7, 8, 9, 10, 11, 12, 13, 14, 15, 16, 17, 18, 19, 30, 21, 22, 23, 24, 25, 26, 27, 28, 29, 20], [1, 2, 3, 4, 5, 6, 7, 8, 9, 10, 11, 12, 13, 14, 15, 16, 17, 18, 19, 20, 21, 22, 23, 24, 25, 26, 27, 28, 29, 30]], idx1=[1, 1, 1, 1, 1, 1, 1, 1, 1, 1, 1, 1, 1, 1, 1, 1, 3, 4, 4, 4, 4, 4, 4, 4, 4, 20], idx2=[2, 17, 18, 13, 25, 21, 7, 6, 29, 8, 14, 27, 11, 28, 22, 24, 23, 5, 19, 16, 10, 15, 26, 12, 9, 30], _checker='')