============================================================
BENCHMARK ID: 15 | DIMENSIONE: 10 | STRATEGIA: smallest
============================================================

Input Vector: [4, 2, 6, 1, 8, 3, 5, 9, 10, 7]

STATO: RISOLTO
K: 6
TEMPO: 0.2080s
----------------------------------------
PIANO:
Solution(v=[[4, 2, 6, 1, 8, 3, 5, 9, 10, 7], [1, 2, 6, 4, 8, 3, 5, 9, 10, 7], [1, 2, 3, 4, 8, 6, 5, 9, 10, 7], [1, 2, 3, 4, 9, 6, 5, 8, 10, 7], [1, 2, 3, 4, 10, 6, 5, 8, 9, 7], [1, 2, 3, 4, 7, 6, 5, 8, 9, 10], [1, 2, 3, 4, 5, 6, 7, 8, 9, 10]], pos=[[4, 2, 6, 1, 7, 3, 10, 5, 8, 9], [1, 2, 6, 4, 7, 3, 10, 5, 8, 9], [1, 2, 3, 4, 7, 6, 10, 5, 8, 9], [1, 2, 3, 4, 7, 6, 10, 8, 5, 9], [1, 2, 3, 4, 7, 6, 10, 8, 9, 5], [1, 2, 3, 4, 7, 6, 5, 8, 9, 10], [1, 2, 3, 4, 5, 6, 7, 8, 9, 10]], idx1=[1, 3, 5, 5, 5, 5], idx2=[4, 6, 8, 9, 10, 7], _checker='')