============================================================
BENCHMARK ID: 12 | DIMENSIONE: 10 | STRATEGIA: smallest
============================================================

Input Vector: [1, 4, 8, 2, 6, 7, 9, 5, 3, 10]

STATO: RISOLTO
K: 6
TEMPO: 0.3330s
----------------------------------------
PIANO:
Solution(v=[[1, 4, 8, 2, 6, 7, 9, 5, 3, 10], [1, 2, 8, 4, 6, 7, 9, 5, 3, 10], [1, 2, 5, 4, 6, 7, 9, 8, 3, 10], [1, 2, 6, 4, 5, 7, 9, 8, 3, 10], [1, 2, 7, 4, 5, 6, 9, 8, 3, 10], [1, 2, 9, 4, 5, 6, 7, 8, 3, 10], [1, 2, 3, 4, 5, 6, 7, 8, 9, 10]], pos=[[1, 4, 9, 2, 8, 5, 6, 3, 7, 10], [1, 2, 9, 4, 8, 5, 6, 3, 7, 10], [1, 2, 9, 4, 3, 5, 6, 8, 7, 10], [1, 2, 9, 4, 5, 3, 6, 8, 7, 10], [1, 2, 9, 4, 5, 6, 3, 8, 7, 10], [1, 2, 9, 4, 5, 6, 7, 8, 3, 10], [1, 2, 3, 4, 5, 6, 7, 8, 9, 10]], idx1=[2, 3, 3, 3, 3, 3], idx2=[4, 8, 5, 6, 7, 9], _checker='')