============================================================
BENCHMARK ID: 44 | DIMENSIONE: 25 | STRATEGIA: smallest
============================================================

Input Vector: [24, 18, 2, 10, 23, 7, 15, 21, 5, 19, 8, 16, 13, 4, 17, 11, 9, 14, 6, 25, 12, 22, 20, 1, 3]

STATO: RISOLTO
K: 20
TEMPO: 0.2420s
----------------------------------------
PIANO:
Solution(v=[[24, 18, 2, 10, 23, 7, 15, 21, 5, 19, 8, 16, 13, 4, 17, 11, 9, 14, 6, 25, 12, 22, 20, 1, 3], [1, 18, 2, 10, 23, 7, 15, 21, 5, 19, 8, 16, 13, 4, 17, 11, 9, 14, 6, 25, 12, 22, 20, 24, 3], [1, 14, 2, 10, 23, 7, 15, 21, 5, 19, 8, 16, 13, 4, 17, 11, 9, 18, 6, 25, 12, 22, 20, 24, 3], [1, 4, 2, 10, 23, 7, 15, 21, 5, 19, 8, 16, 13, 14, 17, 11, 9, 18, 6, 25, 12, 22, 20, 24, 3], [1, 10, 2, 4, 23, 7, 15, 21, 5, 19, 8, 16, 13, 14, 17, 11, 9, 18, 6, 25, 12, 22, 20, 24, 3], [1, 19, 2, 4, 23, 7, 15, 21, 5, 10, 8, 16, 13, 14, 17, 11, 9, 18, 6, 25, 12, 22, 20, 24, 3], [1, 6, 2, 4, 23, 7, 15, 21, 5, 10, 8, 16, 13, 14, 17, 11, 9, 18, 19, 25, 12, 22, 20, 24, 3], [1, 7, 2, 4, 23, 6, 15, 21, 5, 10, 8, 16, 13, 14, 17, 11, 9, 18, 19, 25, 12, 22, 20, 24, 3], [1, 15, 2, 4, 23, 6, 7, 21, 5, 10, 8, 16, 13, 14, 17, 11, 9, 18, 19, 25, 12, 22, 20, 24, 3], [1, 17, 2, 4, 23, 6, 7, 21, 5, 10, 8, 16, 13, 14, 15, 11, 9, 18, 19, 25, 12, 22, 20, 24, 3], [1, 9, 2, 4, 23, 6, 7, 21, 5, 10, 8, 16, 13, 14, 15, 11, 17, 18, 19, 25, 12, 22, 20, 24, 3], [1, 5, 2, 4, 23, 6, 7, 21, 9, 10, 8, 16, 13, 14, 15, 11, 17, 18, 19, 25, 12, 22, 20, 24, 3], [1, 23, 2, 4, 5, 6, 7, 21, 9, 10, 8, 16, 13, 14, 15, 11, 17, 18, 19, 25, 12, 22, 20, 24, 3], [1, 20, 2, 4, 5, 6, 7, 21, 9, 10, 8, 16, 13, 14, 15, 11, 17, 18, 19, 25, 12, 22, 23, 24, 3], [1, 25, 2, 4, 5, 6, 7, 21, 9, 10, 8, 16, 13, 14, 15, 11, 17, 18, 19, 20, 12, 22, 23, 24, 3], [1, 3, 2, 4, 5, 6, 7, 21, 9, 10, 8, 16, 13, 14, 15, 11, 17, 18, 19, 20, 12, 22, 23, 24, 25], [1, 2, 3, 4, 5, 6, 7, 21, 9, 10, 8, 16, 13, 14, 15, 11, 17, 18, 19, 20, 12, 22, 23, 24, 25], [1, 2, 3, 4, 5, 6, 7, 12, 9, 10, 8, 16, 13, 14, 15, 11, 17, 18, 19, 20, 21, 22, 23, 24, 25], [1, 2, 3, 4, 5, 6, 7, 16, 9, 10, 8, 12, 13, 14, 15, 11, 17, 18, 19, 20, 21, 22, 23, 24, 25], [1, 2, 3, 4, 5, 6, 7, 11, 9, 10, 8, 12, 13, 14, 15, 16, 17, 18, 19, 20, 21, 22, 23, 24, 25], [1, 2, 3, 4, 5, 6, 7, 8, 9, 10, 11, 12, 13, 14, 15, 16, 17, 18, 19, 20, 21, 22, 23, 24, 25]], pos=[[24, 3, 25, 14, 9, 19, 6, 11, 17, 4, 16, 21, 13, 18, 7, 12, 15, 2, 10, 23, 8, 22, 5, 1, 20], [1, 3, 25, 14, 9, 19, 6, 11, 17, 4, 16, 21, 13, 18, 7, 12, 15, 2, 10, 23, 8, 22, 5, 24, 20], [1, 3, 25, 14, 9, 19, 6, 11, 17, 4, 16, 21, 13, 2, 7, 12, 15, 18, 10, 23, 8, 22, 5, 24, 20], [1, 3, 25, 2, 9, 19, 6, 11, 17, 4, 16, 21, 13, 14, 7, 12, 15, 18, 10, 23, 8, 22, 5, 24, 20], [1, 3, 25, 4, 9, 19, 6, 11, 17, 2, 16, 21, 13, 14, 7, 12, 15, 18, 10, 23, 8, 22, 5, 24, 20], [1, 3, 25, 4, 9, 19, 6, 11, 17, 10, 16, 21, 13, 14, 7, 12, 15, 18, 2, 23, 8, 22, 5, 24, 20], [1, 3, 25, 4, 9, 2, 6, 11, 17, 10, 16, 21, 13, 14, 7, 12, 15, 18, 19, 23, 8, 22, 5, 24, 20], [1, 3, 25, 4, 9, 6, 2, 11, 17, 10, 16, 21, 13, 14, 7, 12, 15, 18, 19, 23, 8, 22, 5, 24, 20], [1, 3, 25, 4, 9, 6, 7, 11, 17, 10, 16, 21, 13, 14, 2, 12, 15, 18, 19, 23, 8, 22, 5, 24, 20], [1, 3, 25, 4, 9, 6, 7, 11, 17, 10, 16, 21, 13, 14, 15, 12, 2, 18, 19, 23, 8, 22, 5, 24, 20], [1, 3, 25, 4, 9, 6, 7, 11, 2, 10, 16, 21, 13, 14, 15, 12, 17, 18, 19, 23, 8, 22, 5, 24, 20], [1, 3, 25, 4, 2, 6, 7, 11, 9, 10, 16, 21, 13, 14, 15, 12, 17, 18, 19, 23, 8, 22, 5, 24, 20], [1, 3, 25, 4, 5, 6, 7, 11, 9, 10, 16, 21, 13, 14, 15, 12, 17, 18, 19, 23, 8, 22, 2, 24, 20], [1, 3, 25, 4, 5, 6, 7, 11, 9, 10, 16, 21, 13, 14, 15, 12, 17, 18, 19, 2, 8, 22, 23, 24, 20], [1, 3, 25, 4, 5, 6, 7, 11, 9, 10, 16, 21, 13, 14, 15, 12, 17, 18, 19, 20, 8, 22, 23, 24, 2], [1, 3, 2, 4, 5, 6, 7, 11, 9, 10, 16, 21, 13, 14, 15, 12, 17, 18, 19, 20, 8, 22, 23, 24, 25], [1, 2, 3, 4, 5, 6, 7, 11, 9, 10, 16, 21, 13, 14, 15, 12, 17, 18, 19, 20, 8, 22, 23, 24, 25], [1, 2, 3, 4, 5, 6, 7, 11, 9, 10, 16, 8, 13, 14, 15, 12, 17, 18, 19, 20, 21, 22, 23, 24, 25], [1, 2, 3, 4, 5, 6, 7, 11, 9, 10, 16, 12, 13, 14, 15, 8, 17, 18, 19, 20, 21, 22, 23, 24, 25], [1, 2, 3, 4, 5, 6, 7, 11, 9, 10, 8, 12, 13, 14, 15, 16, 17, 18, 19, 20, 21, 22, 23, 24, 25], [1, 2, 3, 4, 5, 6, 7, 8, 9, 10, 11, 12, 13, 14, 15, 16, 17, 18, 19, 20, 21, 22, 23, 24, 25]], idx1=[1, 2, 2, 2, 2, 2, 2, 2, 2, 2, 2, 2, 2, 2, 2, 2, 8, 8, 8, 8], idx2=[24, 18, 14, 4, 10, 19, 6, 7, 15, 17, 9, 5, 23, 20, 25, 3, 21, 12, 16, 11], _checker='')