============================================================
BENCHMARK ID: 32 | DIMENSIONE: 20 | STRATEGIA: smallest
============================================================

Input Vector: [9, 16, 17, 5, 13, 6, 2, 8, 1, 15, 20, 18, 10, 14, 11, 7, 4, 19, 3, 12]

STATO: RISOLTO
K: 14
TEMPO: 0.2780s
----------------------------------------
PIANO:
Solution(v=[[9, 16, 17, 5, 13, 6, 2, 8, 1, 15, 20, 18, 10, 14, 11, 7, 4, 19, 3, 12], [1, 16, 17, 5, 13, 6, 2, 8, 9, 15, 20, 18, 10, 14, 11, 7, 4, 19, 3, 12], [1, 7, 17, 5, 13, 6, 2, 8, 9, 15, 20, 18, 10, 14, 11, 16, 4, 19, 3, 12], [1, 2, 17, 5, 13, 6, 7, 8, 9, 15, 20, 18, 10, 14, 11, 16, 4, 19, 3, 12], [1, 2, 4, 5, 13, 6, 7, 8, 9, 15, 20, 18, 10, 14, 11, 16, 17, 19, 3, 12], [1, 2, 5, 4, 13, 6, 7, 8, 9, 15, 20, 18, 10, 14, 11, 16, 17, 19, 3, 12], [1, 2, 13, 4, 5, 6, 7, 8, 9, 15, 20, 18, 10, 14, 11, 16, 17, 19, 3, 12], [1, 2, 10, 4, 5, 6, 7, 8, 9, 15, 20, 18, 13, 14, 11, 16, 17, 19, 3, 12], [1, 2, 15, 4, 5, 6, 7, 8, 9, 10, 20, 18, 13, 14, 11, 16, 17, 19, 3, 12], [1, 2, 11, 4, 5, 6, 7, 8, 9, 10, 20, 18, 13, 14, 15, 16, 17, 19, 3, 12], [1, 2, 20, 4, 5, 6, 7, 8, 9, 10, 11, 18, 13, 14, 15, 16, 17, 19, 3, 12], [1, 2, 12, 4, 5, 6, 7, 8, 9, 10, 11, 18, 13, 14, 15, 16, 17, 19, 3, 20], [1, 2, 18, 4, 5, 6, 7, 8, 9, 10, 11, 12, 13, 14, 15, 16, 17, 19, 3, 20], [1, 2, 19, 4, 5, 6, 7, 8, 9, 10, 11, 12, 13, 14, 15, 16, 17, 18, 3, 20], [1, 2, 3, 4, 5, 6, 7, 8, 9, 10, 11, 12, 13, 14, 15, 16, 17, 18, 19, 20]], pos=[[9, 7, 19, 17, 4, 6, 16, 8, 1, 13, 15, 20, 5, 14, 10, 2, 3, 12, 18, 11], [1, 7, 19, 17, 4, 6, 16, 8, 9, 13, 15, 20, 5, 14, 10, 2, 3, 12, 18, 11], [1, 7, 19, 17, 4, 6, 2, 8, 9, 13, 15, 20, 5, 14, 10, 16, 3, 12, 18, 11], [1, 2, 19, 17, 4, 6, 7, 8, 9, 13, 15, 20, 5, 14, 10, 16, 3, 12, 18, 11], [1, 2, 19, 3, 4, 6, 7, 8, 9, 13, 15, 20, 5, 14, 10, 16, 17, 12, 18, 11], [1, 2, 19, 4, 3, 6, 7, 8, 9, 13, 15, 20, 5, 14, 10, 16, 17, 12, 18, 11], [1, 2, 19, 4, 5, 6, 7, 8, 9, 13, 15, 20, 3, 14, 10, 16, 17, 12, 18, 11], [1, 2, 19, 4, 5, 6, 7, 8, 9, 3, 15, 20, 13, 14, 10, 16, 17, 12, 18, 11], [1, 2, 19, 4, 5, 6, 7, 8, 9, 10, 15, 20, 13, 14, 3, 16, 17, 12, 18, 11], [1, 2, 19, 4, 5, 6, 7, 8, 9, 10, 3, 20, 13, 14, 15, 16, 17, 12, 18, 11], [1, 2, 19, 4, 5, 6, 7, 8, 9, 10, 11, 20, 13, 14, 15, 16, 17, 12, 18, 3], [1, 2, 19, 4, 5, 6, 7, 8, 9, 10, 11, 3, 13, 14, 15, 16, 17, 12, 18, 20], [1, 2, 19, 4, 5, 6, 7, 8, 9, 10, 11, 12, 13, 14, 15, 16, 17, 3, 18, 20], [1, 2, 19, 4, 5, 6, 7, 8, 9, 10, 11, 12, 13, 14, 15, 16, 17, 18, 3, 20], [1, 2, 3, 4, 5, 6, 7, 8, 9, 10, 11, 12, 13, 14, 15, 16, 17, 18, 19, 20]], idx1=[1, 2, 2, 3, 3, 3, 3, 3, 3, 3, 3, 3, 3, 3], idx2=[9, 16, 7, 17, 4, 5, 13, 10, 15, 11, 20, 12, 18, 19], _checker='')