============================================================
BENCHMARK ID: 20 | DIMENSIONE: 10 | STRATEGIA: smallest
============================================================

Input Vector: [1, 6, 7, 9, 8, 4, 10, 3, 5, 2]

STATO: RISOLTO
K: 8
TEMPO: 0.2930s
----------------------------------------
PIANO:
Solution(v=[[1, 6, 7, 9, 8, 4, 10, 3, 5, 2], [1, 4, 7, 9, 8, 6, 10, 3, 5, 2], [1, 9, 7, 4, 8, 6, 10, 3, 5, 2], [1, 5, 7, 4, 8, 6, 10, 3, 9, 2], [1, 8, 7, 4, 5, 6, 10, 3, 9, 2], [1, 3, 7, 4, 5, 6, 10, 8, 9, 2], [1, 7, 3, 4, 5, 6, 10, 8, 9, 2], [1, 10, 3, 4, 5, 6, 7, 8, 9, 2], [1, 2, 3, 4, 5, 6, 7, 8, 9, 10]], pos=[[1, 10, 8, 6, 9, 2, 3, 5, 4, 7], [1, 10, 8, 2, 9, 6, 3, 5, 4, 7], [1, 10, 8, 4, 9, 6, 3, 5, 2, 7], [1, 10, 8, 4, 2, 6, 3, 5, 9, 7], [1, 10, 8, 4, 5, 6, 3, 2, 9, 7], [1, 10, 2, 4, 5, 6, 3, 8, 9, 7], [1, 10, 3, 4, 5, 6, 2, 8, 9, 7], [1, 10, 3, 4, 5, 6, 7, 8, 9, 2], [1, 2, 3, 4, 5, 6, 7, 8, 9, 10]], idx1=[2, 2, 2, 2, 2, 2, 2, 2], idx2=[6, 4, 9, 5, 8, 3, 7, 10], _checker='')