============================================================
BENCHMARK ID: 39 | DIMENSIONE: 20 | STRATEGIA: smallest
============================================================

Input Vector: [12, 17, 2, 9, 16, 13, 14, 11, 8, 18, 15, 4, 1, 5, 7, 3, 6, 10, 20, 19]

STATO: RISOLTO
K: 17
TEMPO: 0.3080s
----------------------------------------
PIANO:
Solution(v=[[12, 17, 2, 9, 16, 13, 14, 11, 8, 18, 15, 4, 1, 5, 7, 3, 6, 10, 20, 19], [4, 17, 2, 9, 16, 13, 14, 11, 8, 18, 15, 12, 1, 5, 7, 3, 6, 10, 20, 19], [9, 17, 2, 4, 16, 13, 14, 11, 8, 18, 15, 12, 1, 5, 7, 3, 6, 10, 20, 19], [8, 17, 2, 4, 16, 13, 14, 11, 9, 18, 15, 12, 1, 5, 7, 3, 6, 10, 20, 19], [11, 17, 2, 4, 16, 13, 14, 8, 9, 18, 15, 12, 1, 5, 7, 3, 6, 10, 20, 19], [15, 17, 2, 4, 16, 13, 14, 8, 9, 18, 11, 12, 1, 5, 7, 3, 6, 10, 20, 19], [7, 17, 2, 4, 16, 13, 14, 8, 9, 18, 11, 12, 1, 5, 15, 3, 6, 10, 20, 19], [14, 17, 2, 4, 16, 13, 7, 8, 9, 18, 11, 12, 1, 5, 15, 3, 6, 10, 20, 19], [5, 17, 2, 4, 16, 13, 7, 8, 9, 18, 11, 12, 1, 14, 15, 3, 6, 10, 20, 19], [16, 17, 2, 4, 5, 13, 7, 8, 9, 18, 11, 12, 1, 14, 15, 3, 6, 10, 20, 19], [3, 17, 2, 4, 5, 13, 7, 8, 9, 18, 11, 12, 1, 14, 15, 16, 6, 10, 20, 19], [2, 17, 3, 4, 5, 13, 7, 8, 9, 18, 11, 12, 1, 14, 15, 16, 6, 10, 20, 19], [17, 2, 3, 4, 5, 13, 7, 8, 9, 18, 11, 12, 1, 14, 15, 16, 6, 10, 20, 19], [6, 2, 3, 4, 5, 13, 7, 8, 9, 18, 11, 12, 1, 14, 15, 16, 17, 10, 20, 19], [13, 2, 3, 4, 5, 6, 7, 8, 9, 18, 11, 12, 1, 14, 15, 16, 17, 10, 20, 19], [1, 2, 3, 4, 5, 6, 7, 8, 9, 18, 11, 12, 13, 14, 15, 16, 17, 10, 20, 19], [1, 2, 3, 4, 5, 6, 7, 8, 9, 10, 11, 12, 13, 14, 15, 16, 17, 18, 20, 19], [1, 2, 3, 4, 5, 6, 7, 8, 9, 10, 11, 12, 13, 14, 15, 16, 17, 18, 19, 20]], pos=[[13, 3, 16, 12, 14, 17, 15, 9, 4, 18, 8, 1, 6, 7, 11, 5, 2, 10, 20, 19], [13, 3, 16, 1, 14, 17, 15, 9, 4, 18, 8, 12, 6, 7, 11, 5, 2, 10, 20, 19], [13, 3, 16, 4, 14, 17, 15, 9, 1, 18, 8, 12, 6, 7, 11, 5, 2, 10, 20, 19], [13, 3, 16, 4, 14, 17, 15, 1, 9, 18, 8, 12, 6, 7, 11, 5, 2, 10, 20, 19], [13, 3, 16, 4, 14, 17, 15, 8, 9, 18, 1, 12, 6, 7, 11, 5, 2, 10, 20, 19], [13, 3, 16, 4, 14, 17, 15, 8, 9, 18, 11, 12, 6, 7, 1, 5, 2, 10, 20, 19], [13, 3, 16, 4, 14, 17, 1, 8, 9, 18, 11, 12, 6, 7, 15, 5, 2, 10, 20, 19], [13, 3, 16, 4, 14, 17, 7, 8, 9, 18, 11, 12, 6, 1, 15, 5, 2, 10, 20, 19], [13, 3, 16, 4, 1, 17, 7, 8, 9, 18, 11, 12, 6, 14, 15, 5, 2, 10, 20, 19], [13, 3, 16, 4, 5, 17, 7, 8, 9, 18, 11, 12, 6, 14, 15, 1, 2, 10, 20, 19], [13, 3, 1, 4, 5, 17, 7, 8, 9, 18, 11, 12, 6, 14, 15, 16, 2, 10, 20, 19], [13, 1, 3, 4, 5, 17, 7, 8, 9, 18, 11, 12, 6, 14, 15, 16, 2, 10, 20, 19], [13, 2, 3, 4, 5, 17, 7, 8, 9, 18, 11, 12, 6, 14, 15, 16, 1, 10, 20, 19], [13, 2, 3, 4, 5, 1, 7, 8, 9, 18, 11, 12, 6, 14, 15, 16, 17, 10, 20, 19], [13, 2, 3, 4, 5, 6, 7, 8, 9, 18, 11, 12, 1, 14, 15, 16, 17, 10, 20, 19], [1, 2, 3, 4, 5, 6, 7, 8, 9, 18, 11, 12, 13, 14, 15, 16, 17, 10, 20, 19], [1, 2, 3, 4, 5, 6, 7, 8, 9, 10, 11, 12, 13, 14, 15, 16, 17, 18, 20, 19], [1, 2, 3, 4, 5, 6, 7, 8, 9, 10, 11, 12, 13, 14, 15, 16, 17, 18, 19, 20]], idx1=[1, 1, 1, 1, 1, 1, 1, 1, 1, 1, 1, 1, 1, 1, 1, 10, 19], idx2=[12, 4, 9, 8, 11, 15, 7, 14, 5, 16, 3, 2, 17, 6, 13, 18, 20], _checker='')