============================================================
BENCHMARK ID: 55 | DIMENSIONE: 30 | STRATEGIA: smallest
============================================================

Input Vector: [10, 13, 26, 20, 21, 6, 16, 4, 22, 17, 3, 12, 27, 25, 24, 8, 2, 15, 5, 18, 1, 9, 7, 14, 29, 19, 11, 23, 30, 28]

STATO: RISOLTO
K: 25
TEMPO: 0.3080s
----------------------------------------
PIANO:
Solution(v=[[10, 13, 26, 20, 21, 6, 16, 4, 22, 17, 3, 12, 27, 25, 24, 8, 2, 15, 5, 18, 1, 9, 7, 14, 29, 19, 11, 23, 30, 28], [17, 13, 26, 20, 21, 6, 16, 4, 22, 10, 3, 12, 27, 25, 24, 8, 2, 15, 5, 18, 1, 9, 7, 14, 29, 19, 11, 23, 30, 28], [2, 13, 26, 20, 21, 6, 16, 4, 22, 10, 3, 12, 27, 25, 24, 8, 17, 15, 5, 18, 1, 9, 7, 14, 29, 19, 11, 23, 30, 28], [13, 2, 26, 20, 21, 6, 16, 4, 22, 10, 3, 12, 27, 25, 24, 8, 17, 15, 5, 18, 1, 9, 7, 14, 29, 19, 11, 23, 30, 28], [27, 2, 26, 20, 21, 6, 16, 4, 22, 10, 3, 12, 13, 25, 24, 8, 17, 15, 5, 18, 1, 9, 7, 14, 29, 19, 11, 23, 30, 28], [11, 2, 26, 20, 21, 6, 16, 4, 22, 10, 3, 12, 13, 25, 24, 8, 17, 15, 5, 18, 1, 9, 7, 14, 29, 19, 27, 23, 30, 28], [3, 2, 26, 20, 21, 6, 16, 4, 22, 10, 11, 12, 13, 25, 24, 8, 17, 15, 5, 18, 1, 9, 7, 14, 29, 19, 27, 23, 30, 28], [26, 2, 3, 20, 21, 6, 16, 4, 22, 10, 11, 12, 13, 25, 24, 8, 17, 15, 5, 18, 1, 9, 7, 14, 29, 19, 27, 23, 30, 28], [19, 2, 3, 20, 21, 6, 16, 4, 22, 10, 11, 12, 13, 25, 24, 8, 17, 15, 5, 18, 1, 9, 7, 14, 29, 26, 27, 23, 30, 28], [5, 2, 3, 20, 21, 6, 16, 4, 22, 10, 11, 12, 13, 25, 24, 8, 17, 15, 19, 18, 1, 9, 7, 14, 29, 26, 27, 23, 30, 28], [21, 2, 3, 20, 5, 6, 16, 4, 22, 10, 11, 12, 13, 25, 24, 8, 17, 15, 19, 18, 1, 9, 7, 14, 29, 26, 27, 23, 30, 28], [1, 2, 3, 20, 5, 6, 16, 4, 22, 10, 11, 12, 13, 25, 24, 8, 17, 15, 19, 18, 21, 9, 7, 14, 29, 26, 27, 23, 30, 28], [1, 2, 3, 18, 5, 6, 16, 4, 22, 10, 11, 12, 13, 25, 24, 8, 17, 15, 19, 20, 21, 9, 7, 14, 29, 26, 27, 23, 30, 28], [1, 2, 3, 15, 5, 6, 16, 4, 22, 10, 11, 12, 13, 25, 24, 8, 17, 18, 19, 20, 21, 9, 7, 14, 29, 26, 27, 23, 30, 28], [1, 2, 3, 24, 5, 6, 16, 4, 22, 10, 11, 12, 13, 25, 15, 8, 17, 18, 19, 20, 21, 9, 7, 14, 29, 26, 27, 23, 30, 28], [1, 2, 3, 14, 5, 6, 16, 4, 22, 10, 11, 12, 13, 25, 15, 8, 17, 18, 19, 20, 21, 9, 7, 24, 29, 26, 27, 23, 30, 28], [1, 2, 3, 25, 5, 6, 16, 4, 22, 10, 11, 12, 13, 14, 15, 8, 17, 18, 19, 20, 21, 9, 7, 24, 29, 26, 27, 23, 30, 28], [1, 2, 3, 29, 5, 6, 16, 4, 22, 10, 11, 12, 13, 14, 15, 8, 17, 18, 19, 20, 21, 9, 7, 24, 25, 26, 27, 23, 30, 28], [1, 2, 3, 30, 5, 6, 16, 4, 22, 10, 11, 12, 13, 14, 15, 8, 17, 18, 19, 20, 21, 9, 7, 24, 25, 26, 27, 23, 29, 28], [1, 2, 3, 28, 5, 6, 16, 4, 22, 10, 11, 12, 13, 14, 15, 8, 17, 18, 19, 20, 21, 9, 7, 24, 25, 26, 27, 23, 29, 30], [1, 2, 3, 23, 5, 6, 16, 4, 22, 10, 11, 12, 13, 14, 15, 8, 17, 18, 19, 20, 21, 9, 7, 24, 25, 26, 27, 28, 29, 30], [1, 2, 3, 7, 5, 6, 16, 4, 22, 10, 11, 12, 13, 14, 15, 8, 17, 18, 19, 20, 21, 9, 23, 24, 25, 26, 27, 28, 29, 30], [1, 2, 3, 16, 5, 6, 7, 4, 22, 10, 11, 12, 13, 14, 15, 8, 17, 18, 19, 20, 21, 9, 23, 24, 25, 26, 27, 28, 29, 30], [1, 2, 3, 8, 5, 6, 7, 4, 22, 10, 11, 12, 13, 14, 15, 16, 17, 18, 19, 20, 21, 9, 23, 24, 25, 26, 27, 28, 29, 30], [1, 2, 3, 4, 5, 6, 7, 8, 22, 10, 11, 12, 13, 14, 15, 16, 17, 18, 19, 20, 21, 9, 23, 24, 25, 26, 27, 28, 29, 30], [1, 2, 3, 4, 5, 6, 7, 8, 9, 10, 11, 12, 13, 14, 15, 16, 17, 18, 19, 20, 21, 22, 23, 24, 25, 26, 27, 28, 29, 30]], pos=[[21, 17, 11, 8, 19, 6, 23, 16, 22, 1, 27, 12, 2, 24, 18, 7, 10, 20, 26, 4, 5, 9, 28, 15, 14, 3, 13, 30, 25, 29], [21, 17, 11, 8, 19, 6, 23, 16, 22, 10, 27, 12, 2, 24, 18, 7, 1, 20, 26, 4, 5, 9, 28, 15, 14, 3, 13, 30, 25, 29], [21, 1, 11, 8, 19, 6, 23, 16, 22, 10, 27, 12, 2, 24, 18, 7, 17, 20, 26, 4, 5, 9, 28, 15, 14, 3, 13, 30, 25, 29], [21, 2, 11, 8, 19, 6, 23, 16, 22, 10, 27, 12, 1, 24, 18, 7, 17, 20, 26, 4, 5, 9, 28, 15, 14, 3, 13, 30, 25, 29], [21, 2, 11, 8, 19, 6, 23, 16, 22, 10, 27, 12, 13, 24, 18, 7, 17, 20, 26, 4, 5, 9, 28, 15, 14, 3, 1, 30, 25, 29], [21, 2, 11, 8, 19, 6, 23, 16, 22, 10, 1, 12, 13, 24, 18, 7, 17, 20, 26, 4, 5, 9, 28, 15, 14, 3, 27, 30, 25, 29], [21, 2, 1, 8, 19, 6, 23, 16, 22, 10, 11, 12, 13, 24, 18, 7, 17, 20, 26, 4, 5, 9, 28, 15, 14, 3, 27, 30, 25, 29], [21, 2, 3, 8, 19, 6, 23, 16, 22, 10, 11, 12, 13, 24, 18, 7, 17, 20, 26, 4, 5, 9, 28, 15, 14, 1, 27, 30, 25, 29], [21, 2, 3, 8, 19, 6, 23, 16, 22, 10, 11, 12, 13, 24, 18, 7, 17, 20, 1, 4, 5, 9, 28, 15, 14, 26, 27, 30, 25, 29], [21, 2, 3, 8, 1, 6, 23, 16, 22, 10, 11, 12, 13, 24, 18, 7, 17, 20, 19, 4, 5, 9, 28, 15, 14, 26, 27, 30, 25, 29], [21, 2, 3, 8, 5, 6, 23, 16, 22, 10, 11, 12, 13, 24, 18, 7, 17, 20, 19, 4, 1, 9, 28, 15, 14, 26, 27, 30, 25, 29], [1, 2, 3, 8, 5, 6, 23, 16, 22, 10, 11, 12, 13, 24, 18, 7, 17, 20, 19, 4, 21, 9, 28, 15, 14, 26, 27, 30, 25, 29], [1, 2, 3, 8, 5, 6, 23, 16, 22, 10, 11, 12, 13, 24, 18, 7, 17, 4, 19, 20, 21, 9, 28, 15, 14, 26, 27, 30, 25, 29], [1, 2, 3, 8, 5, 6, 23, 16, 22, 10, 11, 12, 13, 24, 4, 7, 17, 18, 19, 20, 21, 9, 28, 15, 14, 26, 27, 30, 25, 29], [1, 2, 3, 8, 5, 6, 23, 16, 22, 10, 11, 12, 13, 24, 15, 7, 17, 18, 19, 20, 21, 9, 28, 4, 14, 26, 27, 30, 25, 29], [1, 2, 3, 8, 5, 6, 23, 16, 22, 10, 11, 12, 13, 4, 15, 7, 17, 18, 19, 20, 21, 9, 28, 24, 14, 26, 27, 30, 25, 29], [1, 2, 3, 8, 5, 6, 23, 16, 22, 10, 11, 12, 13, 14, 15, 7, 17, 18, 19, 20, 21, 9, 28, 24, 4, 26, 27, 30, 25, 29], [1, 2, 3, 8, 5, 6, 23, 16, 22, 10, 11, 12, 13, 14, 15, 7, 17, 18, 19, 20, 21, 9, 28, 24, 25, 26, 27, 30, 4, 29], [1, 2, 3, 8, 5, 6, 23, 16, 22, 10, 11, 12, 13, 14, 15, 7, 17, 18, 19, 20, 21, 9, 28, 24, 25, 26, 27, 30, 29, 4], [1, 2, 3, 8, 5, 6, 23, 16, 22, 10, 11, 12, 13, 14, 15, 7, 17, 18, 19, 20, 21, 9, 28, 24, 25, 26, 27, 4, 29, 30], [1, 2, 3, 8, 5, 6, 23, 16, 22, 10, 11, 12, 13, 14, 15, 7, 17, 18, 19, 20, 21, 9, 4, 24, 25, 26, 27, 28, 29, 30], [1, 2, 3, 8, 5, 6, 4, 16, 22, 10, 11, 12, 13, 14, 15, 7, 17, 18, 19, 20, 21, 9, 23, 24, 25, 26, 27, 28, 29, 30], [1, 2, 3, 8, 5, 6, 7, 16, 22, 10, 11, 12, 13, 14, 15, 4, 17, 18, 19, 20, 21, 9, 23, 24, 25, 26, 27, 28, 29, 30], [1, 2, 3, 8, 5, 6, 7, 4, 22, 10, 11, 12, 13, 14, 15, 16, 17, 18, 19, 20, 21, 9, 23, 24, 25, 26, 27, 28, 29, 30], [1, 2, 3, 4, 5, 6, 7, 8, 22, 10, 11, 12, 13, 14, 15, 16, 17, 18, 19, 20, 21, 9, 23, 24, 25, 26, 27, 28, 29, 30], [1, 2, 3, 4, 5, 6, 7, 8, 9, 10, 11, 12, 13, 14, 15, 16, 17, 18, 19, 20, 21, 22, 23, 24, 25, 26, 27, 28, 29, 30]], idx1=[1, 1, 1, 1, 1, 1, 1, 1, 1, 1, 1, 4, 4, 4, 4, 4, 4, 4, 4, 4, 4, 4, 4, 4, 9], idx2=[10, 17, 2, 13, 27, 11, 3, 26, 19, 5, 21, 20, 18, 15, 24, 14, 25, 29, 30, 28, 23, 7, 16, 8, 22], _checker='')