============================================================
BENCHMARK ID: 49 | DIMENSIONE: 25 | STRATEGIA: smallest
============================================================

Input Vector: [20, 2, 11, 21, 17, 15, 13, 12, 23, 16, 22, 6, 25, 19, 24, 10, 18, 8, 14, 9, 1, 7, 5, 4, 3]

STATO: RISOLTO
K: 20
TEMPO: 0.2470s
----------------------------------------
PIANO:
Solution(v=[[20, 2, 11, 21, 17, 15, 13, 12, 23, 16, 22, 6, 25, 19, 24, 10, 18, 8, 14, 9, 1, 7, 5, 4, 3], [9, 2, 11, 21, 17, 15, 13, 12, 23, 16, 22, 6, 25, 19, 24, 10, 18, 8, 14, 20, 1, 7, 5, 4, 3], [23, 2, 11, 21, 17, 15, 13, 12, 9, 16, 22, 6, 25, 19, 24, 10, 18, 8, 14, 20, 1, 7, 5, 4, 3], [5, 2, 11, 21, 17, 15, 13, 12, 9, 16, 22, 6, 25, 19, 24, 10, 18, 8, 14, 20, 1, 7, 23, 4, 3], [17, 2, 11, 21, 5, 15, 13, 12, 9, 16, 22, 6, 25, 19, 24, 10, 18, 8, 14, 20, 1, 7, 23, 4, 3], [18, 2, 11, 21, 5, 15, 13, 12, 9, 16, 22, 6, 25, 19, 24, 10, 17, 8, 14, 20, 1, 7, 23, 4, 3], [8, 2, 11, 21, 5, 15, 13, 12, 9, 16, 22, 6, 25, 19, 24, 10, 17, 18, 14, 20, 1, 7, 23, 4, 3], [12, 2, 11, 21, 5, 15, 13, 8, 9, 16, 22, 6, 25, 19, 24, 10, 17, 18, 14, 20, 1, 7, 23, 4, 3], [6, 2, 11, 21, 5, 15, 13, 8, 9, 16, 22, 12, 25, 19, 24, 10, 17, 18, 14, 20, 1, 7, 23, 4, 3], [15, 2, 11, 21, 5, 6, 13, 8, 9, 16, 22, 12, 25, 19, 24, 10, 17, 18, 14, 20, 1, 7, 23, 4, 3], [24, 2, 11, 21, 5, 6, 13, 8, 9, 16, 22, 12, 25, 19, 15, 10, 17, 18, 14, 20, 1, 7, 23, 4, 3], [4, 2, 11, 21, 5, 6, 13, 8, 9, 16, 22, 12, 25, 19, 15, 10, 17, 18, 14, 20, 1, 7, 23, 24, 3], [21, 2, 11, 4, 5, 6, 13, 8, 9, 16, 22, 12, 25, 19, 15, 10, 17, 18, 14, 20, 1, 7, 23, 24, 3], [1, 2, 11, 4, 5, 6, 13, 8, 9, 16, 22, 12, 25, 19, 15, 10, 17, 18, 14, 20, 21, 7, 23, 24, 3], [1, 2, 22, 4, 5, 6, 13, 8, 9, 16, 11, 12, 25, 19, 15, 10, 17, 18, 14, 20, 21, 7, 23, 24, 3], [1, 2, 7, 4, 5, 6, 13, 8, 9, 16, 11, 12, 25, 19, 15, 10, 17, 18, 14, 20, 21, 22, 23, 24, 3], [1, 2, 13, 4, 5, 6, 7, 8, 9, 16, 11, 12, 25, 19, 15, 10, 17, 18, 14, 20, 21, 22, 23, 24, 3], [1, 2, 25, 4, 5, 6, 7, 8, 9, 16, 11, 12, 13, 19, 15, 10, 17, 18, 14, 20, 21, 22, 23, 24, 3], [1, 2, 3, 4, 5, 6, 7, 8, 9, 16, 11, 12, 13, 19, 15, 10, 17, 18, 14, 20, 21, 22, 23, 24, 25], [1, 2, 3, 4, 5, 6, 7, 8, 9, 10, 11, 12, 13, 19, 15, 16, 17, 18, 14, 20, 21, 22, 23, 24, 25], [1, 2, 3, 4, 5, 6, 7, 8, 9, 10, 11, 12, 13, 14, 15, 16, 17, 18, 19, 20, 21, 22, 23, 24, 25]], pos=[[21, 2, 25, 24, 23, 12, 22, 18, 20, 16, 3, 8, 7, 19, 6, 10, 5, 17, 14, 1, 4, 11, 9, 15, 13], [21, 2, 25, 24, 23, 12, 22, 18, 1, 16, 3, 8, 7, 19, 6, 10, 5, 17, 14, 20, 4, 11, 9, 15, 13], [21, 2, 25, 24, 23, 12, 22, 18, 9, 16, 3, 8, 7, 19, 6, 10, 5, 17, 14, 20, 4, 11, 1, 15, 13], [21, 2, 25, 24, 1, 12, 22, 18, 9, 16, 3, 8, 7, 19, 6, 10, 5, 17, 14, 20, 4, 11, 23, 15, 13], [21, 2, 25, 24, 5, 12, 22, 18, 9, 16, 3, 8, 7, 19, 6, 10, 1, 17, 14, 20, 4, 11, 23, 15, 13], [21, 2, 25, 24, 5, 12, 22, 18, 9, 16, 3, 8, 7, 19, 6, 10, 17, 1, 14, 20, 4, 11, 23, 15, 13], [21, 2, 25, 24, 5, 12, 22, 1, 9, 16, 3, 8, 7, 19, 6, 10, 17, 18, 14, 20, 4, 11, 23, 15, 13], [21, 2, 25, 24, 5, 12, 22, 8, 9, 16, 3, 1, 7, 19, 6, 10, 17, 18, 14, 20, 4, 11, 23, 15, 13], [21, 2, 25, 24, 5, 1, 22, 8, 9, 16, 3, 12, 7, 19, 6, 10, 17, 18, 14, 20, 4, 11, 23, 15, 13], [21, 2, 25, 24, 5, 6, 22, 8, 9, 16, 3, 12, 7, 19, 1, 10, 17, 18, 14, 20, 4, 11, 23, 15, 13], [21, 2, 25, 24, 5, 6, 22, 8, 9, 16, 3, 12, 7, 19, 15, 10, 17, 18, 14, 20, 4, 11, 23, 1, 13], [21, 2, 25, 1, 5, 6, 22, 8, 9, 16, 3, 12, 7, 19, 15, 10, 17, 18, 14, 20, 4, 11, 23, 24, 13], [21, 2, 25, 4, 5, 6, 22, 8, 9, 16, 3, 12, 7, 19, 15, 10, 17, 18, 14, 20, 1, 11, 23, 24, 13], [1, 2, 25, 4, 5, 6, 22, 8, 9, 16, 3, 12, 7, 19, 15, 10, 17, 18, 14, 20, 21, 11, 23, 24, 13], [1, 2, 25, 4, 5, 6, 22, 8, 9, 16, 11, 12, 7, 19, 15, 10, 17, 18, 14, 20, 21, 3, 23, 24, 13], [1, 2, 25, 4, 5, 6, 3, 8, 9, 16, 11, 12, 7, 19, 15, 10, 17, 18, 14, 20, 21, 22, 23, 24, 13], [1, 2, 25, 4, 5, 6, 7, 8, 9, 16, 11, 12, 3, 19, 15, 10, 17, 18, 14, 20, 21, 22, 23, 24, 13], [1, 2, 25, 4, 5, 6, 7, 8, 9, 16, 11, 12, 13, 19, 15, 10, 17, 18, 14, 20, 21, 22, 23, 24, 3], [1, 2, 3, 4, 5, 6, 7, 8, 9, 16, 11, 12, 13, 19, 15, 10, 17, 18, 14, 20, 21, 22, 23, 24, 25], [1, 2, 3, 4, 5, 6, 7, 8, 9, 10, 11, 12, 13, 19, 15, 16, 17, 18, 14, 20, 21, 22, 23, 24, 25], [1, 2, 3, 4, 5, 6, 7, 8, 9, 10, 11, 12, 13, 14, 15, 16, 17, 18, 19, 20, 21, 22, 23, 24, 25]], idx1=[1, 1, 1, 1, 1, 1, 1, 1, 1, 1, 1, 1, 1, 3, 3, 3, 3, 3, 10, 14], idx2=[20, 9, 23, 5, 17, 18, 8, 12, 6, 15, 24, 4, 21, 11, 22, 7, 13, 25, 16, 19], _checker='')