============================================================
BENCHMARK ID: 14 | DIMENSIONE: 10 | STRATEGIA: firstfail
============================================================

Input Vector: [6, 3, 8, 9, 5, 7, 1, 2, 10, 4]

STATO: RISOLTO
K: 6
TEMPO: 0.2600s
----------------------------------------
PIANO:
Solution(v=[[6, 3, 8, 9, 5, 7, 1, 2, 10, 4], [1, 3, 8, 9, 5, 7, 6, 2, 10, 4], [1, 3, 2, 9, 5, 7, 6, 8, 10, 4], [1, 2, 3, 9, 5, 7, 6, 8, 10, 4], [1, 2, 3, 4, 5, 7, 6, 8, 10, 9], [1, 2, 3, 4, 5, 6, 7, 8, 10, 9], [1, 2, 3, 4, 5, 6, 7, 8, 9, 10]], pos=[[7, 8, 2, 10, 5, 1, 6, 3, 4, 9], [1, 8, 2, 10, 5, 7, 6, 3, 4, 9], [1, 3, 2, 10, 5, 7, 6, 8, 4, 9], [1, 2, 3, 10, 5, 7, 6, 8, 4, 9], [1, 2, 3, 4, 5, 7, 6, 8, 10, 9], [1, 2, 3, 4, 5, 6, 7, 8, 10, 9], [1, 2, 3, 4, 5, 6, 7, 8, 9, 10]], idx1=[1, 3, 2, 4, 6, 9], idx2=[7, 8, 3, 10, 7, 10], _checker='')