============================================================
BENCHMARK ID: 59 | DIMENSIONE: 30 | STRATEGIA: firstfail
============================================================

Input Vector: [2, 11, 3, 19, 24, 12, 9, 30, 29, 4, 5, 13, 25, 23, 14, 17, 28, 16, 21, 26, 27, 7, 6, 10, 18, 1, 15, 22, 8, 20]

STATO: RISOLTO
K: 28
TEMPO: 0.4310s
----------------------------------------
PIANO:
Solution(v=[[2, 11, 3, 19, 24, 12, 9, 30, 29, 4, 5, 13, 25, 23, 14, 17, 28, 16, 21, 26, 27, 7, 6, 10, 18, 1, 15, 22, 8, 20], [2, 11, 3, 4, 24, 12, 9, 30, 29, 19, 5, 13, 25, 23, 14, 17, 28, 16, 21, 26, 27, 7, 6, 10, 18, 1, 15, 22, 8, 20], [2, 11, 3, 4, 24, 12, 9, 30, 8, 19, 5, 13, 25, 23, 14, 17, 28, 16, 21, 26, 27, 7, 6, 10, 18, 1, 15, 22, 29, 20], [2, 11, 3, 4, 24, 12, 9, 8, 30, 19, 5, 13, 25, 23, 14, 17, 28, 16, 21, 26, 27, 7, 6, 10, 18, 1, 15, 22, 29, 20], [2, 11, 3, 4, 24, 12, 9, 8, 30, 19, 5, 13, 25, 23, 15, 17, 28, 16, 21, 26, 27, 7, 6, 10, 18, 1, 14, 22, 29, 20], [2, 11, 3, 4, 24, 12, 9, 8, 30, 19, 5, 13, 25, 23, 15, 17, 28, 16, 21, 20, 27, 7, 6, 10, 18, 1, 14, 22, 29, 26], [2, 11, 3, 4, 24, 12, 9, 8, 30, 19, 5, 13, 25, 23, 15, 17, 28, 16, 21, 20, 14, 7, 6, 10, 18, 1, 27, 22, 29, 26], [2, 11, 3, 4, 24, 12, 9, 8, 30, 19, 5, 13, 25, 23, 15, 17, 28, 16, 21, 20, 14, 7, 6, 10, 18, 26, 27, 22, 29, 1], [1, 11, 3, 4, 24, 12, 9, 8, 30, 19, 5, 13, 25, 23, 15, 17, 28, 16, 21, 20, 14, 7, 6, 10, 18, 26, 27, 22, 29, 2], [1, 11, 3, 4, 24, 12, 9, 8, 30, 10, 5, 13, 25, 23, 15, 17, 28, 16, 21, 20, 14, 7, 6, 19, 18, 26, 27, 22, 29, 2], [1, 11, 3, 4, 24, 12, 9, 8, 30, 10, 5, 13, 25, 23, 15, 17, 28, 16, 21, 20, 14, 22, 6, 19, 18, 26, 27, 7, 29, 2], [1, 11, 3, 4, 24, 12, 7, 8, 30, 10, 5, 13, 25, 23, 15, 17, 28, 16, 21, 20, 14, 22, 6, 19, 18, 26, 27, 9, 29, 2], [1, 11, 3, 4, 24, 12, 7, 8, 30, 10, 5, 13, 25, 23, 15, 17, 28, 18, 21, 20, 14, 22, 6, 19, 16, 26, 27, 9, 29, 2], [1, 11, 3, 4, 24, 12, 7, 8, 30, 10, 5, 13, 16, 23, 15, 17, 28, 18, 21, 20, 14, 22, 6, 19, 25, 26, 27, 9, 29, 2], [1, 11, 3, 4, 24, 12, 7, 8, 30, 10, 5, 13, 17, 23, 15, 16, 28, 18, 21, 20, 14, 22, 6, 19, 25, 26, 27, 9, 29, 2], [1, 11, 3, 4, 24, 12, 7, 8, 30, 10, 5, 13, 17, 14, 15, 16, 28, 18, 21, 20, 23, 22, 6, 19, 25, 26, 27, 9, 29, 2], [1, 11, 3, 4, 24, 12, 7, 8, 30, 10, 5, 13, 17, 14, 15, 16, 9, 18, 21, 20, 23, 22, 6, 19, 25, 26, 27, 28, 29, 2], [1, 11, 3, 4, 24, 12, 7, 8, 30, 10, 5, 13, 17, 14, 15, 16, 9, 18, 21, 20, 6, 22, 23, 19, 25, 26, 27, 28, 29, 2], [1, 11, 3, 4, 24, 6, 7, 8, 30, 10, 5, 13, 17, 14, 15, 16, 9, 18, 21, 20, 12, 22, 23, 19, 25, 26, 27, 28, 29, 2], [1, 11, 3, 4, 24, 6, 7, 8, 30, 10, 5, 13, 17, 14, 15, 16, 9, 18, 12, 20, 21, 22, 23, 19, 25, 26, 27, 28, 29, 2], [1, 11, 3, 4, 24, 6, 7, 8, 30, 10, 5, 13, 17, 14, 15, 16, 9, 18, 19, 20, 21, 22, 23, 12, 25, 26, 27, 28, 29, 2], [1, 11, 3, 4, 24, 6, 7, 8, 30, 10, 5, 12, 17, 14, 15, 16, 9, 18, 19, 20, 21, 22, 23, 13, 25, 26, 27, 28, 29, 2], [1, 11, 3, 4, 24, 6, 7, 8, 30, 10, 5, 12, 13, 14, 15, 16, 9, 18, 19, 20, 21, 22, 23, 17, 25, 26, 27, 28, 29, 2], [1, 11, 3, 4, 24, 6, 7, 8, 30, 10, 5, 12, 13, 14, 15, 16, 17, 18, 19, 20, 21, 22, 23, 9, 25, 26, 27, 28, 29, 2], [1, 11, 3, 4, 9, 6, 7, 8, 30, 10, 5, 12, 13, 14, 15, 16, 17, 18, 19, 20, 21, 22, 23, 24, 25, 26, 27, 28, 29, 2], [1, 11, 3, 4, 5, 6, 7, 8, 30, 10, 9, 12, 13, 14, 15, 16, 17, 18, 19, 20, 21, 22, 23, 24, 25, 26, 27, 28, 29, 2], [1, 11, 3, 4, 5, 6, 7, 8, 9, 10, 30, 12, 13, 14, 15, 16, 17, 18, 19, 20, 21, 22, 23, 24, 25, 26, 27, 28, 29, 2], [1, 11, 3, 4, 5, 6, 7, 8, 9, 10, 2, 12, 13, 14, 15, 16, 17, 18, 19, 20, 21, 22, 23, 24, 25, 26, 27, 28, 29, 30], [1, 2, 3, 4, 5, 6, 7, 8, 9, 10, 11, 12, 13, 14, 15, 16, 17, 18, 19, 20, 21, 22, 23, 24, 25, 26, 27, 28, 29, 30]], pos=[[26, 1, 3, 10, 11, 23, 22, 29, 7, 24, 2, 6, 12, 15, 27, 18, 16, 25, 4, 30, 19, 28, 14, 5, 13, 20, 21, 17, 9, 8], [26, 1, 3, 4, 11, 23, 22, 29, 7, 24, 2, 6, 12, 15, 27, 18, 16, 25, 10, 30, 19, 28, 14, 5, 13, 20, 21, 17, 9, 8], [26, 1, 3, 4, 11, 23, 22, 9, 7, 24, 2, 6, 12, 15, 27, 18, 16, 25, 10, 30, 19, 28, 14, 5, 13, 20, 21, 17, 29, 8], [26, 1, 3, 4, 11, 23, 22, 8, 7, 24, 2, 6, 12, 15, 27, 18, 16, 25, 10, 30, 19, 28, 14, 5, 13, 20, 21, 17, 29, 9], [26, 1, 3, 4, 11, 23, 22, 8, 7, 24, 2, 6, 12, 27, 15, 18, 16, 25, 10, 30, 19, 28, 14, 5, 13, 20, 21, 17, 29, 9], [26, 1, 3, 4, 11, 23, 22, 8, 7, 24, 2, 6, 12, 27, 15, 18, 16, 25, 10, 20, 19, 28, 14, 5, 13, 30, 21, 17, 29, 9], [26, 1, 3, 4, 11, 23, 22, 8, 7, 24, 2, 6, 12, 21, 15, 18, 16, 25, 10, 20, 19, 28, 14, 5, 13, 30, 27, 17, 29, 9], [30, 1, 3, 4, 11, 23, 22, 8, 7, 24, 2, 6, 12, 21, 15, 18, 16, 25, 10, 20, 19, 28, 14, 5, 13, 26, 27, 17, 29, 9], [1, 30, 3, 4, 11, 23, 22, 8, 7, 24, 2, 6, 12, 21, 15, 18, 16, 25, 10, 20, 19, 28, 14, 5, 13, 26, 27, 17, 29, 9], [1, 30, 3, 4, 11, 23, 22, 8, 7, 10, 2, 6, 12, 21, 15, 18, 16, 25, 24, 20, 19, 28, 14, 5, 13, 26, 27, 17, 29, 9], [1, 30, 3, 4, 11, 23, 28, 8, 7, 10, 2, 6, 12, 21, 15, 18, 16, 25, 24, 20, 19, 22, 14, 5, 13, 26, 27, 17, 29, 9], [1, 30, 3, 4, 11, 23, 7, 8, 28, 10, 2, 6, 12, 21, 15, 18, 16, 25, 24, 20, 19, 22, 14, 5, 13, 26, 27, 17, 29, 9], [1, 30, 3, 4, 11, 23, 7, 8, 28, 10, 2, 6, 12, 21, 15, 25, 16, 18, 24, 20, 19, 22, 14, 5, 13, 26, 27, 17, 29, 9], [1, 30, 3, 4, 11, 23, 7, 8, 28, 10, 2, 6, 12, 21, 15, 13, 16, 18, 24, 20, 19, 22, 14, 5, 25, 26, 27, 17, 29, 9], [1, 30, 3, 4, 11, 23, 7, 8, 28, 10, 2, 6, 12, 21, 15, 16, 13, 18, 24, 20, 19, 22, 14, 5, 25, 26, 27, 17, 29, 9], [1, 30, 3, 4, 11, 23, 7, 8, 28, 10, 2, 6, 12, 14, 15, 16, 13, 18, 24, 20, 19, 22, 21, 5, 25, 26, 27, 17, 29, 9], [1, 30, 3, 4, 11, 23, 7, 8, 17, 10, 2, 6, 12, 14, 15, 16, 13, 18, 24, 20, 19, 22, 21, 5, 25, 26, 27, 28, 29, 9], [1, 30, 3, 4, 11, 21, 7, 8, 17, 10, 2, 6, 12, 14, 15, 16, 13, 18, 24, 20, 19, 22, 23, 5, 25, 26, 27, 28, 29, 9], [1, 30, 3, 4, 11, 6, 7, 8, 17, 10, 2, 21, 12, 14, 15, 16, 13, 18, 24, 20, 19, 22, 23, 5, 25, 26, 27, 28, 29, 9], [1, 30, 3, 4, 11, 6, 7, 8, 17, 10, 2, 19, 12, 14, 15, 16, 13, 18, 24, 20, 21, 22, 23, 5, 25, 26, 27, 28, 29, 9], [1, 30, 3, 4, 11, 6, 7, 8, 17, 10, 2, 24, 12, 14, 15, 16, 13, 18, 19, 20, 21, 22, 23, 5, 25, 26, 27, 28, 29, 9], [1, 30, 3, 4, 11, 6, 7, 8, 17, 10, 2, 12, 24, 14, 15, 16, 13, 18, 19, 20, 21, 22, 23, 5, 25, 26, 27, 28, 29, 9], [1, 30, 3, 4, 11, 6, 7, 8, 17, 10, 2, 12, 13, 14, 15, 16, 24, 18, 19, 20, 21, 22, 23, 5, 25, 26, 27, 28, 29, 9], [1, 30, 3, 4, 11, 6, 7, 8, 24, 10, 2, 12, 13, 14, 15, 16, 17, 18, 19, 20, 21, 22, 23, 5, 25, 26, 27, 28, 29, 9], [1, 30, 3, 4, 11, 6, 7, 8, 5, 10, 2, 12, 13, 14, 15, 16, 17, 18, 19, 20, 21, 22, 23, 24, 25, 26, 27, 28, 29, 9], [1, 30, 3, 4, 5, 6, 7, 8, 11, 10, 2, 12, 13, 14, 15, 16, 17, 18, 19, 20, 21, 22, 23, 24, 25, 26, 27, 28, 29, 9], [1, 30, 3, 4, 5, 6, 7, 8, 9, 10, 2, 12, 13, 14, 15, 16, 17, 18, 19, 20, 21, 22, 23, 24, 25, 26, 27, 28, 29, 11], [1, 11, 3, 4, 5, 6, 7, 8, 9, 10, 2, 12, 13, 14, 15, 16, 17, 18, 19, 20, 21, 22, 23, 24, 25, 26, 27, 28, 29, 30], [1, 2, 3, 4, 5, 6, 7, 8, 9, 10, 11, 12, 13, 14, 15, 16, 17, 18, 19, 20, 21, 22, 23, 24, 25, 26, 27, 28, 29, 30]], idx1=[4, 9, 8, 15, 20, 21, 26, 1, 10, 22, 7, 18, 13, 13, 14, 17, 21, 6, 19, 19, 12, 13, 17, 5, 5, 9, 11, 2], idx2=[10, 29, 9, 27, 30, 27, 30, 30, 24, 28, 28, 25, 25, 16, 21, 28, 23, 21, 21, 24, 24, 24, 24, 24, 11, 11, 30, 11], _checker='')