============================================================
BENCHMARK ID: 44 | DIMENSIONE: 25 | STRATEGIA: firstfail
============================================================

Input Vector: [24, 18, 2, 10, 23, 7, 15, 21, 5, 19, 8, 16, 13, 4, 17, 11, 9, 14, 6, 25, 12, 22, 20, 1, 3]

STATO: RISOLTO
K: 20
TEMPO: 0.2920s
----------------------------------------
PIANO:
Solution(v=[[24, 18, 2, 10, 23, 7, 15, 21, 5, 19, 8, 16, 13, 4, 17, 11, 9, 14, 6, 25, 12, 22, 20, 1, 3], [1, 18, 2, 10, 23, 7, 15, 21, 5, 19, 8, 16, 13, 4, 17, 11, 9, 14, 6, 25, 12, 22, 20, 24, 3], [1, 18, 2, 10, 23, 7, 15, 12, 5, 19, 8, 16, 13, 4, 17, 11, 9, 14, 6, 25, 21, 22, 20, 24, 3], [1, 18, 2, 10, 23, 7, 15, 12, 5, 19, 8, 11, 13, 4, 17, 16, 9, 14, 6, 25, 21, 22, 20, 24, 3], [1, 18, 2, 10, 23, 7, 15, 12, 5, 19, 8, 11, 13, 4, 17, 16, 9, 14, 6, 20, 21, 22, 25, 24, 3], [1, 18, 2, 10, 23, 7, 15, 12, 5, 19, 8, 11, 13, 4, 17, 16, 9, 14, 6, 20, 21, 22, 3, 24, 25], [1, 18, 2, 10, 3, 7, 15, 12, 5, 19, 8, 11, 13, 4, 17, 16, 9, 14, 6, 20, 21, 22, 23, 24, 25], [1, 18, 2, 10, 3, 7, 15, 11, 5, 19, 8, 12, 13, 4, 17, 16, 9, 14, 6, 20, 21, 22, 23, 24, 25], [1, 18, 2, 10, 3, 7, 15, 11, 5, 6, 8, 12, 13, 4, 17, 16, 9, 14, 19, 20, 21, 22, 23, 24, 25], [1, 18, 2, 6, 3, 7, 15, 11, 5, 10, 8, 12, 13, 4, 17, 16, 9, 14, 19, 20, 21, 22, 23, 24, 25], [1, 18, 2, 6, 3, 7, 17, 11, 5, 10, 8, 12, 13, 4, 15, 16, 9, 14, 19, 20, 21, 22, 23, 24, 25], [1, 18, 2, 6, 3, 17, 7, 11, 5, 10, 8, 12, 13, 4, 15, 16, 9, 14, 19, 20, 21, 22, 23, 24, 25], [1, 18, 2, 17, 3, 6, 7, 11, 5, 10, 8, 12, 13, 4, 15, 16, 9, 14, 19, 20, 21, 22, 23, 24, 25], [1, 18, 2, 17, 3, 6, 7, 11, 9, 10, 8, 12, 13, 4, 15, 16, 5, 14, 19, 20, 21, 22, 23, 24, 25], [1, 18, 2, 17, 5, 6, 7, 11, 9, 10, 8, 12, 13, 4, 15, 16, 3, 14, 19, 20, 21, 22, 23, 24, 25], [1, 18, 2, 17, 5, 6, 7, 11, 9, 10, 8, 12, 13, 14, 15, 16, 3, 4, 19, 20, 21, 22, 23, 24, 25], [1, 18, 2, 4, 5, 6, 7, 11, 9, 10, 8, 12, 13, 14, 15, 16, 3, 17, 19, 20, 21, 22, 23, 24, 25], [1, 18, 2, 4, 5, 6, 7, 11, 9, 10, 8, 12, 13, 14, 15, 16, 17, 3, 19, 20, 21, 22, 23, 24, 25], [1, 18, 3, 4, 5, 6, 7, 11, 9, 10, 8, 12, 13, 14, 15, 16, 17, 2, 19, 20, 21, 22, 23, 24, 25], [1, 2, 3, 4, 5, 6, 7, 11, 9, 10, 8, 12, 13, 14, 15, 16, 17, 18, 19, 20, 21, 22, 23, 24, 25], [1, 2, 3, 4, 5, 6, 7, 8, 9, 10, 11, 12, 13, 14, 15, 16, 17, 18, 19, 20, 21, 22, 23, 24, 25]], pos=[[24, 3, 25, 14, 9, 19, 6, 11, 17, 4, 16, 21, 13, 18, 7, 12, 15, 2, 10, 23, 8, 22, 5, 1, 20], [1, 3, 25, 14, 9, 19, 6, 11, 17, 4, 16, 21, 13, 18, 7, 12, 15, 2, 10, 23, 8, 22, 5, 24, 20], [1, 3, 25, 14, 9, 19, 6, 11, 17, 4, 16, 8, 13, 18, 7, 12, 15, 2, 10, 23, 21, 22, 5, 24, 20], [1, 3, 25, 14, 9, 19, 6, 11, 17, 4, 12, 8, 13, 18, 7, 16, 15, 2, 10, 23, 21, 22, 5, 24, 20], [1, 3, 25, 14, 9, 19, 6, 11, 17, 4, 12, 8, 13, 18, 7, 16, 15, 2, 10, 20, 21, 22, 5, 24, 23], [1, 3, 23, 14, 9, 19, 6, 11, 17, 4, 12, 8, 13, 18, 7, 16, 15, 2, 10, 20, 21, 22, 5, 24, 25], [1, 3, 5, 14, 9, 19, 6, 11, 17, 4, 12, 8, 13, 18, 7, 16, 15, 2, 10, 20, 21, 22, 23, 24, 25], [1, 3, 5, 14, 9, 19, 6, 11, 17, 4, 8, 12, 13, 18, 7, 16, 15, 2, 10, 20, 21, 22, 23, 24, 25], [1, 3, 5, 14, 9, 10, 6, 11, 17, 4, 8, 12, 13, 18, 7, 16, 15, 2, 19, 20, 21, 22, 23, 24, 25], [1, 3, 5, 14, 9, 4, 6, 11, 17, 10, 8, 12, 13, 18, 7, 16, 15, 2, 19, 20, 21, 22, 23, 24, 25], [1, 3, 5, 14, 9, 4, 6, 11, 17, 10, 8, 12, 13, 18, 15, 16, 7, 2, 19, 20, 21, 22, 23, 24, 25], [1, 3, 5, 14, 9, 4, 7, 11, 17, 10, 8, 12, 13, 18, 15, 16, 6, 2, 19, 20, 21, 22, 23, 24, 25], [1, 3, 5, 14, 9, 6, 7, 11, 17, 10, 8, 12, 13, 18, 15, 16, 4, 2, 19, 20, 21, 22, 23, 24, 25], [1, 3, 5, 14, 17, 6, 7, 11, 9, 10, 8, 12, 13, 18, 15, 16, 4, 2, 19, 20, 21, 22, 23, 24, 25], [1, 3, 17, 14, 5, 6, 7, 11, 9, 10, 8, 12, 13, 18, 15, 16, 4, 2, 19, 20, 21, 22, 23, 24, 25], [1, 3, 17, 18, 5, 6, 7, 11, 9, 10, 8, 12, 13, 14, 15, 16, 4, 2, 19, 20, 21, 22, 23, 24, 25], [1, 3, 17, 4, 5, 6, 7, 11, 9, 10, 8, 12, 13, 14, 15, 16, 18, 2, 19, 20, 21, 22, 23, 24, 25], [1, 3, 18, 4, 5, 6, 7, 11, 9, 10, 8, 12, 13, 14, 15, 16, 17, 2, 19, 20, 21, 22, 23, 24, 25], [1, 18, 3, 4, 5, 6, 7, 11, 9, 10, 8, 12, 13, 14, 15, 16, 17, 2, 19, 20, 21, 22, 23, 24, 25], [1, 2, 3, 4, 5, 6, 7, 11, 9, 10, 8, 12, 13, 14, 15, 16, 17, 18, 19, 20, 21, 22, 23, 24, 25], [1, 2, 3, 4, 5, 6, 7, 8, 9, 10, 11, 12, 13, 14, 15, 16, 17, 18, 19, 20, 21, 22, 23, 24, 25]], idx1=[1, 8, 12, 20, 23, 5, 8, 10, 4, 7, 6, 4, 9, 5, 14, 4, 17, 3, 2, 8], idx2=[24, 21, 16, 23, 25, 23, 12, 19, 10, 15, 7, 6, 17, 17, 18, 18, 18, 18, 18, 11], _checker='')