============================================================
BENCHMARK ID: 51 | DIMENSIONE: 30 | STRATEGIA: firstfail
============================================================

Input Vector: [18, 23, 6, 4, 30, 14, 21, 29, 20, 7, 2, 5, 1, 28, 11, 15, 8, 27, 16, 25, 10, 19, 26, 24, 3, 12, 13, 9, 17, 22]

STATO: RISOLTO
K: 23
TEMPO: 0.3050s
----------------------------------------
PIANO:
Solution(v=[[18, 23, 6, 4, 30, 14, 21, 29, 20, 7, 2, 5, 1, 28, 11, 15, 8, 27, 16, 25, 10, 19, 26, 24, 3, 12, 13, 9, 17, 22], [18, 23, 6, 4, 30, 14, 21, 29, 20, 7, 2, 5, 1, 28, 11, 15, 8, 27, 16, 3, 10, 19, 26, 24, 25, 12, 13, 9, 17, 22], [18, 23, 3, 4, 30, 14, 21, 29, 20, 7, 2, 5, 1, 28, 11, 15, 8, 27, 16, 6, 10, 19, 26, 24, 25, 12, 13, 9, 17, 22], [18, 23, 3, 4, 30, 14, 21, 29, 20, 7, 2, 5, 1, 28, 11, 15, 8, 13, 16, 6, 10, 19, 26, 24, 25, 12, 27, 9, 17, 22], [18, 23, 3, 4, 30, 14, 21, 29, 20, 7, 2, 5, 1, 28, 11, 15, 8, 13, 19, 6, 10, 16, 26, 24, 25, 12, 27, 9, 17, 22], [18, 23, 3, 4, 30, 14, 21, 29, 20, 7, 2, 5, 1, 28, 11, 16, 8, 13, 19, 6, 10, 15, 26, 24, 25, 12, 27, 9, 17, 22], [18, 23, 3, 4, 30, 14, 21, 29, 20, 7, 2, 5, 1, 28, 11, 16, 8, 13, 19, 6, 10, 22, 26, 24, 25, 12, 27, 9, 17, 15], [18, 23, 3, 4, 15, 14, 21, 29, 20, 7, 2, 5, 1, 28, 11, 16, 8, 13, 19, 6, 10, 22, 26, 24, 25, 12, 27, 9, 17, 30], [18, 23, 3, 4, 15, 14, 21, 29, 20, 7, 2, 12, 1, 28, 11, 16, 8, 13, 19, 6, 10, 22, 26, 24, 25, 5, 27, 9, 17, 30], [18, 23, 3, 4, 5, 14, 21, 29, 20, 7, 2, 12, 1, 28, 11, 16, 8, 13, 19, 6, 10, 22, 26, 24, 25, 15, 27, 9, 17, 30], [18, 23, 3, 4, 5, 14, 21, 29, 20, 7, 2, 12, 1, 28, 11, 16, 17, 13, 19, 6, 10, 22, 26, 24, 25, 15, 27, 9, 8, 30], [18, 23, 3, 4, 5, 14, 21, 29, 20, 7, 2, 12, 1, 28, 11, 16, 17, 13, 19, 6, 10, 22, 15, 24, 25, 26, 27, 9, 8, 30], [18, 15, 3, 4, 5, 14, 21, 29, 20, 7, 2, 12, 1, 28, 11, 16, 17, 13, 19, 6, 10, 22, 23, 24, 25, 26, 27, 9, 8, 30], [18, 15, 3, 4, 5, 14, 21, 29, 6, 7, 2, 12, 1, 28, 11, 16, 17, 13, 19, 20, 10, 22, 23, 24, 25, 26, 27, 9, 8, 30], [18, 15, 3, 4, 5, 14, 21, 29, 6, 10, 2, 12, 1, 28, 11, 16, 17, 13, 19, 20, 7, 22, 23, 24, 25, 26, 27, 9, 8, 30], [18, 15, 3, 4, 5, 14, 21, 29, 6, 10, 11, 12, 1, 28, 2, 16, 17, 13, 19, 20, 7, 22, 23, 24, 25, 26, 27, 9, 8, 30], [18, 2, 3, 4, 5, 14, 21, 29, 6, 10, 11, 12, 1, 28, 15, 16, 17, 13, 19, 20, 7, 22, 23, 24, 25, 26, 27, 9, 8, 30], [18, 2, 3, 4, 5, 14, 21, 29, 6, 10, 11, 12, 13, 28, 15, 16, 17, 1, 19, 20, 7, 22, 23, 24, 25, 26, 27, 9, 8, 30], [1, 2, 3, 4, 5, 14, 21, 29, 6, 10, 11, 12, 13, 28, 15, 16, 17, 18, 19, 20, 7, 22, 23, 24, 25, 26, 27, 9, 8, 30], [1, 2, 3, 4, 5, 14, 7, 29, 6, 10, 11, 12, 13, 28, 15, 16, 17, 18, 19, 20, 21, 22, 23, 24, 25, 26, 27, 9, 8, 30], [1, 2, 3, 4, 5, 14, 7, 29, 9, 10, 11, 12, 13, 28, 15, 16, 17, 18, 19, 20, 21, 22, 23, 24, 25, 26, 27, 6, 8, 30], [1, 2, 3, 4, 5, 6, 7, 29, 9, 10, 11, 12, 13, 28, 15, 16, 17, 18, 19, 20, 21, 22, 23, 24, 25, 26, 27, 14, 8, 30], [1, 2, 3, 4, 5, 6, 7, 8, 9, 10, 11, 12, 13, 28, 15, 16, 17, 18, 19, 20, 21, 22, 23, 24, 25, 26, 27, 14, 29, 30], [1, 2, 3, 4, 5, 6, 7, 8, 9, 10, 11, 12, 13, 14, 15, 16, 17, 18, 19, 20, 21, 22, 23, 24, 25, 26, 27, 28, 29, 30]], pos=[[13, 11, 25, 4, 12, 3, 10, 17, 28, 21, 15, 26, 27, 6, 16, 19, 29, 1, 22, 9, 7, 30, 2, 24, 20, 23, 18, 14, 8, 5], [13, 11, 20, 4, 12, 3, 10, 17, 28, 21, 15, 26, 27, 6, 16, 19, 29, 1, 22, 9, 7, 30, 2, 24, 25, 23, 18, 14, 8, 5], [13, 11, 3, 4, 12, 20, 10, 17, 28, 21, 15, 26, 27, 6, 16, 19, 29, 1, 22, 9, 7, 30, 2, 24, 25, 23, 18, 14, 8, 5], [13, 11, 3, 4, 12, 20, 10, 17, 28, 21, 15, 26, 18, 6, 16, 19, 29, 1, 22, 9, 7, 30, 2, 24, 25, 23, 27, 14, 8, 5], [13, 11, 3, 4, 12, 20, 10, 17, 28, 21, 15, 26, 18, 6, 16, 22, 29, 1, 19, 9, 7, 30, 2, 24, 25, 23, 27, 14, 8, 5], [13, 11, 3, 4, 12, 20, 10, 17, 28, 21, 15, 26, 18, 6, 22, 16, 29, 1, 19, 9, 7, 30, 2, 24, 25, 23, 27, 14, 8, 5], [13, 11, 3, 4, 12, 20, 10, 17, 28, 21, 15, 26, 18, 6, 30, 16, 29, 1, 19, 9, 7, 22, 2, 24, 25, 23, 27, 14, 8, 5], [13, 11, 3, 4, 12, 20, 10, 17, 28, 21, 15, 26, 18, 6, 5, 16, 29, 1, 19, 9, 7, 22, 2, 24, 25, 23, 27, 14, 8, 30], [13, 11, 3, 4, 26, 20, 10, 17, 28, 21, 15, 12, 18, 6, 5, 16, 29, 1, 19, 9, 7, 22, 2, 24, 25, 23, 27, 14, 8, 30], [13, 11, 3, 4, 5, 20, 10, 17, 28, 21, 15, 12, 18, 6, 26, 16, 29, 1, 19, 9, 7, 22, 2, 24, 25, 23, 27, 14, 8, 30], [13, 11, 3, 4, 5, 20, 10, 29, 28, 21, 15, 12, 18, 6, 26, 16, 17, 1, 19, 9, 7, 22, 2, 24, 25, 23, 27, 14, 8, 30], [13, 11, 3, 4, 5, 20, 10, 29, 28, 21, 15, 12, 18, 6, 23, 16, 17, 1, 19, 9, 7, 22, 2, 24, 25, 26, 27, 14, 8, 30], [13, 11, 3, 4, 5, 20, 10, 29, 28, 21, 15, 12, 18, 6, 2, 16, 17, 1, 19, 9, 7, 22, 23, 24, 25, 26, 27, 14, 8, 30], [13, 11, 3, 4, 5, 9, 10, 29, 28, 21, 15, 12, 18, 6, 2, 16, 17, 1, 19, 20, 7, 22, 23, 24, 25, 26, 27, 14, 8, 30], [13, 11, 3, 4, 5, 9, 21, 29, 28, 10, 15, 12, 18, 6, 2, 16, 17, 1, 19, 20, 7, 22, 23, 24, 25, 26, 27, 14, 8, 30], [13, 15, 3, 4, 5, 9, 21, 29, 28, 10, 11, 12, 18, 6, 2, 16, 17, 1, 19, 20, 7, 22, 23, 24, 25, 26, 27, 14, 8, 30], [13, 2, 3, 4, 5, 9, 21, 29, 28, 10, 11, 12, 18, 6, 15, 16, 17, 1, 19, 20, 7, 22, 23, 24, 25, 26, 27, 14, 8, 30], [18, 2, 3, 4, 5, 9, 21, 29, 28, 10, 11, 12, 13, 6, 15, 16, 17, 1, 19, 20, 7, 22, 23, 24, 25, 26, 27, 14, 8, 30], [1, 2, 3, 4, 5, 9, 21, 29, 28, 10, 11, 12, 13, 6, 15, 16, 17, 18, 19, 20, 7, 22, 23, 24, 25, 26, 27, 14, 8, 30], [1, 2, 3, 4, 5, 9, 7, 29, 28, 10, 11, 12, 13, 6, 15, 16, 17, 18, 19, 20, 21, 22, 23, 24, 25, 26, 27, 14, 8, 30], [1, 2, 3, 4, 5, 28, 7, 29, 9, 10, 11, 12, 13, 6, 15, 16, 17, 18, 19, 20, 21, 22, 23, 24, 25, 26, 27, 14, 8, 30], [1, 2, 3, 4, 5, 6, 7, 29, 9, 10, 11, 12, 13, 28, 15, 16, 17, 18, 19, 20, 21, 22, 23, 24, 25, 26, 27, 14, 8, 30], [1, 2, 3, 4, 5, 6, 7, 8, 9, 10, 11, 12, 13, 28, 15, 16, 17, 18, 19, 20, 21, 22, 23, 24, 25, 26, 27, 14, 29, 30], [1, 2, 3, 4, 5, 6, 7, 8, 9, 10, 11, 12, 13, 14, 15, 16, 17, 18, 19, 20, 21, 22, 23, 24, 25, 26, 27, 28, 29, 30]], idx1=[20, 3, 18, 19, 16, 22, 5, 12, 5, 17, 23, 2, 9, 10, 11, 2, 13, 1, 7, 9, 6, 8, 14], idx2=[25, 20, 27, 22, 22, 30, 30, 26, 26, 29, 26, 23, 20, 21, 15, 15, 18, 18, 21, 28, 28, 29, 28], _checker='')