============================================================
BENCHMARK ID: 13 | DIMENSIONE: 10 | STRATEGIA: firstfail
============================================================

Input Vector: [10, 7, 3, 2, 9, 4, 8, 5, 1, 6]

STATO: RISOLTO
K: 8
TEMPO: 0.3120s
----------------------------------------
PIANO:
Solution(v=[[10, 7, 3, 2, 9, 4, 8, 5, 1, 6], [1, 7, 3, 2, 9, 4, 8, 5, 10, 6], [1, 7, 3, 2, 9, 4, 5, 8, 10, 6], [1, 7, 3, 2, 9, 4, 5, 8, 6, 10], [1, 7, 3, 2, 9, 6, 5, 8, 4, 10], [1, 7, 3, 2, 4, 6, 5, 8, 9, 10], [1, 7, 3, 4, 2, 6, 5, 8, 9, 10], [1, 2, 3, 4, 7, 6, 5, 8, 9, 10], [1, 2, 3, 4, 5, 6, 7, 8, 9, 10]], pos=[[9, 4, 3, 6, 8, 10, 2, 7, 5, 1], [1, 4, 3, 6, 8, 10, 2, 7, 5, 9], [1, 4, 3, 6, 7, 10, 2, 8, 5, 9], [1, 4, 3, 6, 7, 9, 2, 8, 5, 10], [1, 4, 3, 9, 7, 6, 2, 8, 5, 10], [1, 4, 3, 5, 7, 6, 2, 8, 9, 10], [1, 5, 3, 4, 7, 6, 2, 8, 9, 10], [1, 2, 3, 4, 7, 6, 5, 8, 9, 10], [1, 2, 3, 4, 5, 6, 7, 8, 9, 10]], idx1=[1, 7, 9, 6, 5, 4, 2, 5], idx2=[9, 8, 10, 9, 9, 5, 5, 7], _checker='')