============================================================
BENCHMARK ID: 22 | DIMENSIONE: 15 | STRATEGIA: firstfail
============================================================

Input Vector: [11, 8, 15, 10, 5, 14, 4, 7, 3, 1, 9, 13, 6, 12, 2]

STATO: RISOLTO
K: 12
TEMPO: 0.2940s
----------------------------------------
PIANO:
Solution(v=[[11, 8, 15, 10, 5, 14, 4, 7, 3, 1, 9, 13, 6, 12, 2], [11, 8, 15, 10, 5, 14, 4, 7, 3, 1, 9, 6, 13, 12, 2], [11, 8, 15, 10, 5, 6, 4, 7, 3, 1, 9, 14, 13, 12, 2], [11, 8, 15, 10, 5, 6, 4, 7, 9, 1, 3, 14, 13, 12, 2], [11, 8, 3, 10, 5, 6, 4, 7, 9, 1, 15, 14, 13, 12, 2], [11, 8, 3, 10, 5, 6, 4, 7, 9, 1, 2, 14, 13, 12, 15], [11, 2, 3, 10, 5, 6, 4, 7, 9, 1, 8, 14, 13, 12, 15], [11, 2, 3, 1, 5, 6, 4, 7, 9, 10, 8, 14, 13, 12, 15], [11, 2, 3, 1, 5, 6, 4, 8, 9, 10, 7, 14, 13, 12, 15], [7, 2, 3, 1, 5, 6, 4, 8, 9, 10, 11, 14, 13, 12, 15], [7, 2, 3, 4, 5, 6, 1, 8, 9, 10, 11, 14, 13, 12, 15], [1, 2, 3, 4, 5, 6, 7, 8, 9, 10, 11, 14, 13, 12, 15], [1, 2, 3, 4, 5, 6, 7, 8, 9, 10, 11, 12, 13, 14, 15]], pos=[[10, 15, 9, 7, 5, 13, 8, 2, 11, 4, 1, 14, 12, 6, 3], [10, 15, 9, 7, 5, 12, 8, 2, 11, 4, 1, 14, 13, 6, 3], [10, 15, 9, 7, 5, 6, 8, 2, 11, 4, 1, 14, 13, 12, 3], [10, 15, 11, 7, 5, 6, 8, 2, 9, 4, 1, 14, 13, 12, 3], [10, 15, 3, 7, 5, 6, 8, 2, 9, 4, 1, 14, 13, 12, 11], [10, 11, 3, 7, 5, 6, 8, 2, 9, 4, 1, 14, 13, 12, 15], [10, 2, 3, 7, 5, 6, 8, 11, 9, 4, 1, 14, 13, 12, 15], [4, 2, 3, 7, 5, 6, 8, 11, 9, 10, 1, 14, 13, 12, 15], [4, 2, 3, 7, 5, 6, 11, 8, 9, 10, 1, 14, 13, 12, 15], [4, 2, 3, 7, 5, 6, 1, 8, 9, 10, 11, 14, 13, 12, 15], [7, 2, 3, 4, 5, 6, 1, 8, 9, 10, 11, 14, 13, 12, 15], [1, 2, 3, 4, 5, 6, 7, 8, 9, 10, 11, 14, 13, 12, 15], [1, 2, 3, 4, 5, 6, 7, 8, 9, 10, 11, 12, 13, 14, 15]], idx1=[12, 6, 9, 3, 11, 2, 4, 8, 1, 4, 1, 12], idx2=[13, 12, 11, 11, 15, 11, 10, 11, 11, 7, 7, 14], _checker='')