============================================================
BENCHMARK ID: 33 | DIMENSIONE: 20 | STRATEGIA: firstfail
============================================================

Input Vector: [19, 16, 17, 10, 6, 4, 5, 3, 14, 8, 13, 18, 20, 15, 9, 7, 1, 12, 2, 11]

STATO: RISOLTO
K: 16
TEMPO: 0.4170s
----------------------------------------
PIANO:
Solution(v=[[19, 16, 17, 10, 6, 4, 5, 3, 14, 8, 13, 18, 20, 15, 9, 7, 1, 12, 2, 11], [19, 16, 3, 10, 6, 4, 5, 17, 14, 8, 13, 18, 20, 15, 9, 7, 1, 12, 2, 11], [19, 16, 3, 10, 6, 4, 5, 8, 14, 17, 13, 18, 20, 15, 9, 7, 1, 12, 2, 11], [19, 16, 3, 10, 6, 4, 5, 8, 14, 17, 13, 12, 20, 15, 9, 7, 1, 18, 2, 11], [19, 16, 3, 10, 6, 4, 5, 8, 14, 17, 13, 12, 20, 9, 15, 7, 1, 18, 2, 11], [19, 16, 3, 10, 6, 4, 5, 8, 9, 17, 13, 12, 20, 14, 15, 7, 1, 18, 2, 11], [19, 16, 3, 10, 6, 4, 5, 8, 9, 1, 13, 12, 20, 14, 15, 7, 17, 18, 2, 11], [19, 16, 3, 1, 6, 4, 5, 8, 9, 10, 13, 12, 20, 14, 15, 7, 17, 18, 2, 11], [19, 16, 3, 1, 6, 4, 7, 8, 9, 10, 13, 12, 20, 14, 15, 5, 17, 18, 2, 11], [19, 16, 3, 1, 5, 4, 7, 8, 9, 10, 13, 12, 20, 14, 15, 6, 17, 18, 2, 11], [19, 16, 3, 1, 5, 6, 7, 8, 9, 10, 13, 12, 20, 14, 15, 4, 17, 18, 2, 11], [19, 16, 3, 4, 5, 6, 7, 8, 9, 10, 13, 12, 20, 14, 15, 1, 17, 18, 2, 11], [19, 1, 3, 4, 5, 6, 7, 8, 9, 10, 13, 12, 20, 14, 15, 16, 17, 18, 2, 11], [1, 19, 3, 4, 5, 6, 7, 8, 9, 10, 13, 12, 20, 14, 15, 16, 17, 18, 2, 11], [1, 2, 3, 4, 5, 6, 7, 8, 9, 10, 13, 12, 20, 14, 15, 16, 17, 18, 19, 11], [1, 2, 3, 4, 5, 6, 7, 8, 9, 10, 20, 12, 13, 14, 15, 16, 17, 18, 19, 11], [1, 2, 3, 4, 5, 6, 7, 8, 9, 10, 11, 12, 13, 14, 15, 16, 17, 18, 19, 20]], pos=[[17, 19, 8, 6, 7, 5, 16, 10, 15, 4, 20, 18, 11, 9, 14, 2, 3, 12, 1, 13], [17, 19, 3, 6, 7, 5, 16, 10, 15, 4, 20, 18, 11, 9, 14, 2, 8, 12, 1, 13], [17, 19, 3, 6, 7, 5, 16, 8, 15, 4, 20, 18, 11, 9, 14, 2, 10, 12, 1, 13], [17, 19, 3, 6, 7, 5, 16, 8, 15, 4, 20, 12, 11, 9, 14, 2, 10, 18, 1, 13], [17, 19, 3, 6, 7, 5, 16, 8, 14, 4, 20, 12, 11, 9, 15, 2, 10, 18, 1, 13], [17, 19, 3, 6, 7, 5, 16, 8, 9, 4, 20, 12, 11, 14, 15, 2, 10, 18, 1, 13], [10, 19, 3, 6, 7, 5, 16, 8, 9, 4, 20, 12, 11, 14, 15, 2, 17, 18, 1, 13], [4, 19, 3, 6, 7, 5, 16, 8, 9, 10, 20, 12, 11, 14, 15, 2, 17, 18, 1, 13], [4, 19, 3, 6, 16, 5, 7, 8, 9, 10, 20, 12, 11, 14, 15, 2, 17, 18, 1, 13], [4, 19, 3, 6, 5, 16, 7, 8, 9, 10, 20, 12, 11, 14, 15, 2, 17, 18, 1, 13], [4, 19, 3, 16, 5, 6, 7, 8, 9, 10, 20, 12, 11, 14, 15, 2, 17, 18, 1, 13], [16, 19, 3, 4, 5, 6, 7, 8, 9, 10, 20, 12, 11, 14, 15, 2, 17, 18, 1, 13], [2, 19, 3, 4, 5, 6, 7, 8, 9, 10, 20, 12, 11, 14, 15, 16, 17, 18, 1, 13], [1, 19, 3, 4, 5, 6, 7, 8, 9, 10, 20, 12, 11, 14, 15, 16, 17, 18, 2, 13], [1, 2, 3, 4, 5, 6, 7, 8, 9, 10, 20, 12, 11, 14, 15, 16, 17, 18, 19, 13], [1, 2, 3, 4, 5, 6, 7, 8, 9, 10, 20, 12, 13, 14, 15, 16, 17, 18, 19, 11], [1, 2, 3, 4, 5, 6, 7, 8, 9, 10, 11, 12, 13, 14, 15, 16, 17, 18, 19, 20]], idx1=[3, 8, 12, 14, 9, 10, 4, 7, 5, 6, 4, 2, 1, 2, 11, 11], idx2=[8, 10, 18, 15, 14, 17, 10, 16, 16, 16, 16, 16, 2, 19, 13, 20], _checker='')