============================================================
BENCHMARK ID: 3 | DIMENSIONE: 5 | STRATEGIA: firstfail
============================================================

Input Vector: [2, 4, 1, 5, 3]

STATO: RISOLTO
K: 4
TEMPO: 0.3510s
----------------------------------------
PIANO:
Solution(v=[[2, 4, 1, 5, 3], [2, 4, 3, 5, 1], [2, 4, 3, 1, 5], [2, 1, 3, 4, 5], [1, 2, 3, 4, 5]], pos=[[3, 1, 5, 2, 4], [5, 1, 3, 2, 4], [4, 1, 3, 2, 5], [2, 1, 3, 4, 5], [1, 2, 3, 4, 5]], idx1=[3, 4, 2, 1], idx2=[5, 5, 4, 2], _checker='')