============================================================
BENCHMARK ID: 29 | DIMENSIONE: 15 | STRATEGIA: firstfail
============================================================

Input Vector: [11, 2, 1, 12, 6, 15, 4, 8, 5, 9, 13, 14, 3, 10, 7]

STATO: RISOLTO
K: 11
TEMPO: 0.2380s
----------------------------------------
PIANO:
Solution(v=[[11, 2, 1, 12, 6, 15, 4, 8, 5, 9, 13, 14, 3, 10, 7], [11, 2, 1, 12, 5, 15, 4, 8, 6, 9, 13, 14, 3, 10, 7], [11, 2, 1, 12, 5, 15, 7, 8, 6, 9, 13, 14, 3, 10, 4], [11, 2, 1, 4, 5, 15, 7, 8, 6, 9, 13, 14, 3, 10, 12], [11, 2, 1, 4, 5, 15, 7, 8, 9, 6, 13, 14, 3, 10, 12], [11, 2, 1, 4, 5, 15, 7, 8, 9, 6, 13, 10, 3, 14, 12], [11, 2, 1, 4, 5, 15, 7, 8, 9, 10, 13, 6, 3, 14, 12], [11, 2, 1, 4, 5, 15, 7, 8, 9, 10, 13, 12, 3, 14, 6], [11, 2, 1, 4, 5, 6, 7, 8, 9, 10, 13, 12, 3, 14, 15], [11, 2, 1, 4, 5, 6, 7, 8, 9, 10, 3, 12, 13, 14, 15], [11, 2, 3, 4, 5, 6, 7, 8, 9, 10, 1, 12, 13, 14, 15], [1, 2, 3, 4, 5, 6, 7, 8, 9, 10, 11, 12, 13, 14, 15]], pos=[[3, 2, 13, 7, 9, 5, 15, 8, 10, 14, 1, 4, 11, 12, 6], [3, 2, 13, 7, 5, 9, 15, 8, 10, 14, 1, 4, 11, 12, 6], [3, 2, 13, 15, 5, 9, 7, 8, 10, 14, 1, 4, 11, 12, 6], [3, 2, 13, 4, 5, 9, 7, 8, 10, 14, 1, 15, 11, 12, 6], [3, 2, 13, 4, 5, 10, 7, 8, 9, 14, 1, 15, 11, 12, 6], [3, 2, 13, 4, 5, 10, 7, 8, 9, 12, 1, 15, 11, 14, 6], [3, 2, 13, 4, 5, 12, 7, 8, 9, 10, 1, 15, 11, 14, 6], [3, 2, 13, 4, 5, 15, 7, 8, 9, 10, 1, 12, 11, 14, 6], [3, 2, 13, 4, 5, 6, 7, 8, 9, 10, 1, 12, 11, 14, 15], [3, 2, 11, 4, 5, 6, 7, 8, 9, 10, 1, 12, 13, 14, 15], [11, 2, 3, 4, 5, 6, 7, 8, 9, 10, 1, 12, 13, 14, 15], [1, 2, 3, 4, 5, 6, 7, 8, 9, 10, 11, 12, 13, 14, 15]], idx1=[5, 7, 4, 9, 12, 10, 12, 6, 11, 3, 1], idx2=[9, 15, 15, 10, 14, 12, 15, 15, 13, 11, 11], _checker='')