============================================================
BENCHMARK ID: 20 | DIMENSIONE: 10 | STRATEGIA: firstfail
============================================================

Input Vector: [1, 6, 7, 9, 8, 4, 10, 3, 5, 2]

STATO: RISOLTO
K: 8
TEMPO: 0.2740s
----------------------------------------
PIANO:
Solution(v=[[1, 6, 7, 9, 8, 4, 10, 3, 5, 2], [1, 4, 7, 9, 8, 6, 10, 3, 5, 2], [1, 4, 7, 9, 3, 6, 10, 8, 5, 2], [1, 4, 3, 9, 7, 6, 10, 8, 5, 2], [1, 4, 3, 9, 7, 6, 2, 8, 5, 10], [1, 2, 3, 9, 7, 6, 4, 8, 5, 10], [1, 2, 3, 4, 7, 6, 9, 8, 5, 10], [1, 2, 3, 4, 7, 6, 5, 8, 9, 10], [1, 2, 3, 4, 5, 6, 7, 8, 9, 10]], pos=[[1, 10, 8, 6, 9, 2, 3, 5, 4, 7], [1, 10, 8, 2, 9, 6, 3, 5, 4, 7], [1, 10, 5, 2, 9, 6, 3, 8, 4, 7], [1, 10, 3, 2, 9, 6, 5, 8, 4, 7], [1, 7, 3, 2, 9, 6, 5, 8, 4, 10], [1, 2, 3, 7, 9, 6, 5, 8, 4, 10], [1, 2, 3, 4, 9, 6, 5, 8, 7, 10], [1, 2, 3, 4, 7, 6, 5, 8, 9, 10], [1, 2, 3, 4, 5, 6, 7, 8, 9, 10]], idx1=[2, 5, 3, 7, 2, 4, 7, 5], idx2=[6, 8, 5, 10, 7, 7, 9, 7], _checker='')