============================================================
BENCHMARK ID: 47 | DIMENSIONE: 25 | STRATEGIA: firstfail
============================================================

Input Vector: [14, 7, 16, 10, 22, 17, 6, 25, 15, 8, 1, 20, 13, 19, 11, 9, 2, 12, 23, 21, 4, 18, 5, 24, 3]

STATO: RISOLTO
K: 21
TEMPO: 0.3040s
----------------------------------------
PIANO:
Solution(v=[[14, 7, 16, 10, 22, 17, 6, 25, 15, 8, 1, 20, 13, 19, 11, 9, 2, 12, 23, 21, 4, 18, 5, 24, 3], [14, 7, 16, 10, 22, 17, 6, 25, 15, 8, 1, 20, 13, 19, 11, 9, 2, 18, 23, 21, 4, 12, 5, 24, 3], [14, 7, 16, 10, 22, 17, 6, 25, 15, 8, 1, 20, 13, 19, 11, 9, 2, 18, 23, 4, 21, 12, 5, 24, 3], [14, 7, 16, 4, 22, 17, 6, 25, 15, 8, 1, 20, 13, 19, 11, 9, 2, 18, 23, 10, 21, 12, 5, 24, 3], [14, 7, 16, 4, 22, 17, 6, 25, 15, 8, 11, 20, 13, 19, 1, 9, 2, 18, 23, 10, 21, 12, 5, 24, 3], [14, 7, 16, 4, 22, 17, 6, 25, 15, 8, 11, 20, 13, 23, 1, 9, 2, 18, 19, 10, 21, 12, 5, 24, 3], [23, 7, 16, 4, 22, 17, 6, 25, 15, 8, 11, 20, 13, 14, 1, 9, 2, 18, 19, 10, 21, 12, 5, 24, 3], [23, 7, 16, 4, 22, 17, 6, 25, 15, 10, 11, 20, 13, 14, 1, 9, 2, 18, 19, 8, 21, 12, 5, 24, 3], [23, 7, 16, 4, 22, 17, 6, 25, 15, 10, 11, 12, 13, 14, 1, 9, 2, 18, 19, 8, 21, 20, 5, 24, 3], [23, 7, 16, 4, 22, 17, 6, 25, 15, 10, 11, 12, 13, 14, 1, 9, 2, 18, 19, 20, 21, 8, 5, 24, 3], [23, 7, 16, 4, 8, 17, 6, 25, 15, 10, 11, 12, 13, 14, 1, 9, 2, 18, 19, 20, 21, 22, 5, 24, 3], [23, 7, 16, 4, 8, 2, 6, 25, 15, 10, 11, 12, 13, 14, 1, 9, 17, 18, 19, 20, 21, 22, 5, 24, 3], [23, 7, 16, 4, 8, 2, 6, 25, 9, 10, 11, 12, 13, 14, 1, 15, 17, 18, 19, 20, 21, 22, 5, 24, 3], [23, 7, 15, 4, 8, 2, 6, 25, 9, 10, 11, 12, 13, 14, 1, 16, 17, 18, 19, 20, 21, 22, 5, 24, 3], [23, 7, 15, 4, 8, 2, 6, 3, 9, 10, 11, 12, 13, 14, 1, 16, 17, 18, 19, 20, 21, 22, 5, 24, 25], [23, 7, 15, 4, 3, 2, 6, 8, 9, 10, 11, 12, 13, 14, 1, 16, 17, 18, 19, 20, 21, 22, 5, 24, 25], [23, 7, 15, 4, 3, 6, 2, 8, 9, 10, 11, 12, 13, 14, 1, 16, 17, 18, 19, 20, 21, 22, 5, 24, 25], [23, 2, 15, 4, 3, 6, 7, 8, 9, 10, 11, 12, 13, 14, 1, 16, 17, 18, 19, 20, 21, 22, 5, 24, 25], [23, 2, 3, 4, 15, 6, 7, 8, 9, 10, 11, 12, 13, 14, 1, 16, 17, 18, 19, 20, 21, 22, 5, 24, 25], [23, 2, 3, 4, 1, 6, 7, 8, 9, 10, 11, 12, 13, 14, 15, 16, 17, 18, 19, 20, 21, 22, 5, 24, 25], [1, 2, 3, 4, 23, 6, 7, 8, 9, 10, 11, 12, 13, 14, 15, 16, 17, 18, 19, 20, 21, 22, 5, 24, 25], [1, 2, 3, 4, 5, 6, 7, 8, 9, 10, 11, 12, 13, 14, 15, 16, 17, 18, 19, 20, 21, 22, 23, 24, 25]], pos=[[11, 17, 25, 21, 23, 7, 2, 10, 16, 4, 15, 18, 13, 1, 9, 3, 6, 22, 14, 12, 20, 5, 19, 24, 8], [11, 17, 25, 21, 23, 7, 2, 10, 16, 4, 15, 22, 13, 1, 9, 3, 6, 18, 14, 12, 20, 5, 19, 24, 8], [11, 17, 25, 20, 23, 7, 2, 10, 16, 4, 15, 22, 13, 1, 9, 3, 6, 18, 14, 12, 21, 5, 19, 24, 8], [11, 17, 25, 4, 23, 7, 2, 10, 16, 20, 15, 22, 13, 1, 9, 3, 6, 18, 14, 12, 21, 5, 19, 24, 8], [15, 17, 25, 4, 23, 7, 2, 10, 16, 20, 11, 22, 13, 1, 9, 3, 6, 18, 14, 12, 21, 5, 19, 24, 8], [15, 17, 25, 4, 23, 7, 2, 10, 16, 20, 11, 22, 13, 1, 9, 3, 6, 18, 19, 12, 21, 5, 14, 24, 8], [15, 17, 25, 4, 23, 7, 2, 10, 16, 20, 11, 22, 13, 14, 9, 3, 6, 18, 19, 12, 21, 5, 1, 24, 8], [15, 17, 25, 4, 23, 7, 2, 20, 16, 10, 11, 22, 13, 14, 9, 3, 6, 18, 19, 12, 21, 5, 1, 24, 8], [15, 17, 25, 4, 23, 7, 2, 20, 16, 10, 11, 12, 13, 14, 9, 3, 6, 18, 19, 22, 21, 5, 1, 24, 8], [15, 17, 25, 4, 23, 7, 2, 22, 16, 10, 11, 12, 13, 14, 9, 3, 6, 18, 19, 20, 21, 5, 1, 24, 8], [15, 17, 25, 4, 23, 7, 2, 5, 16, 10, 11, 12, 13, 14, 9, 3, 6, 18, 19, 20, 21, 22, 1, 24, 8], [15, 6, 25, 4, 23, 7, 2, 5, 16, 10, 11, 12, 13, 14, 9, 3, 17, 18, 19, 20, 21, 22, 1, 24, 8], [15, 6, 25, 4, 23, 7, 2, 5, 9, 10, 11, 12, 13, 14, 16, 3, 17, 18, 19, 20, 21, 22, 1, 24, 8], [15, 6, 25, 4, 23, 7, 2, 5, 9, 10, 11, 12, 13, 14, 3, 16, 17, 18, 19, 20, 21, 22, 1, 24, 8], [15, 6, 8, 4, 23, 7, 2, 5, 9, 10, 11, 12, 13, 14, 3, 16, 17, 18, 19, 20, 21, 22, 1, 24, 25], [15, 6, 5, 4, 23, 7, 2, 8, 9, 10, 11, 12, 13, 14, 3, 16, 17, 18, 19, 20, 21, 22, 1, 24, 25], [15, 7, 5, 4, 23, 6, 2, 8, 9, 10, 11, 12, 13, 14, 3, 16, 17, 18, 19, 20, 21, 22, 1, 24, 25], [15, 2, 5, 4, 23, 6, 7, 8, 9, 10, 11, 12, 13, 14, 3, 16, 17, 18, 19, 20, 21, 22, 1, 24, 25], [15, 2, 3, 4, 23, 6, 7, 8, 9, 10, 11, 12, 13, 14, 5, 16, 17, 18, 19, 20, 21, 22, 1, 24, 25], [5, 2, 3, 4, 23, 6, 7, 8, 9, 10, 11, 12, 13, 14, 15, 16, 17, 18, 19, 20, 21, 22, 1, 24, 25], [1, 2, 3, 4, 23, 6, 7, 8, 9, 10, 11, 12, 13, 14, 15, 16, 17, 18, 19, 20, 21, 22, 5, 24, 25], [1, 2, 3, 4, 5, 6, 7, 8, 9, 10, 11, 12, 13, 14, 15, 16, 17, 18, 19, 20, 21, 22, 23, 24, 25]], idx1=[18, 20, 4, 11, 14, 1, 10, 12, 20, 5, 6, 9, 3, 8, 5, 6, 2, 3, 5, 1, 5], idx2=[22, 21, 20, 15, 19, 14, 20, 22, 22, 22, 17, 16, 16, 25, 8, 7, 7, 5, 15, 5, 23], _checker='')