============================================================
BENCHMARK ID: 40 | DIMENSIONE: 20 | STRATEGIA: firstfail
============================================================

Input Vector: [15, 12, 11, 6, 10, 2, 17, 14, 19, 7, 16, 5, 4, 9, 13, 1, 18, 20, 8, 3]

STATO: RISOLTO
K: 18
TEMPO: 0.2160s
----------------------------------------
PIANO:
Solution(v=[[15, 12, 11, 6, 10, 2, 17, 14, 19, 7, 16, 5, 4, 9, 13, 1, 18, 20, 8, 3], [15, 2, 11, 6, 10, 12, 17, 14, 19, 7, 16, 5, 4, 9, 13, 1, 18, 20, 8, 3], [15, 2, 11, 6, 10, 5, 17, 14, 19, 7, 16, 12, 4, 9, 13, 1, 18, 20, 8, 3], [15, 2, 11, 6, 10, 5, 7, 14, 19, 17, 16, 12, 4, 9, 13, 1, 18, 20, 8, 3], [15, 2, 11, 6, 10, 5, 7, 14, 19, 17, 1, 12, 4, 9, 13, 16, 18, 20, 8, 3], [15, 2, 11, 6, 10, 5, 7, 14, 19, 17, 1, 12, 13, 9, 4, 16, 18, 20, 8, 3], [15, 2, 11, 6, 10, 5, 7, 14, 19, 17, 1, 12, 13, 9, 4, 16, 18, 3, 8, 20], [15, 2, 3, 6, 10, 5, 7, 14, 19, 17, 1, 12, 13, 9, 4, 16, 18, 11, 8, 20], [15, 2, 3, 4, 10, 5, 7, 14, 19, 17, 1, 12, 13, 9, 6, 16, 18, 11, 8, 20], [15, 2, 3, 4, 10, 5, 7, 14, 19, 17, 11, 12, 13, 9, 6, 16, 18, 1, 8, 20], [1, 2, 3, 4, 10, 5, 7, 14, 19, 17, 11, 12, 13, 9, 6, 16, 18, 15, 8, 20], [1, 2, 3, 4, 10, 5, 7, 14, 19, 18, 11, 12, 13, 9, 6, 16, 17, 15, 8, 20], [1, 2, 3, 4, 10, 5, 7, 14, 19, 15, 11, 12, 13, 9, 6, 16, 17, 18, 8, 20], [1, 2, 3, 4, 10, 5, 7, 14, 19, 6, 11, 12, 13, 9, 15, 16, 17, 18, 8, 20], [1, 2, 3, 4, 6, 5, 7, 14, 19, 10, 11, 12, 13, 9, 15, 16, 17, 18, 8, 20], [1, 2, 3, 4, 5, 6, 7, 14, 19, 10, 11, 12, 13, 9, 15, 16, 17, 18, 8, 20], [1, 2, 3, 4, 5, 6, 7, 14, 8, 10, 11, 12, 13, 9, 15, 16, 17, 18, 19, 20], [1, 2, 3, 4, 5, 6, 7, 14, 9, 10, 11, 12, 13, 8, 15, 16, 17, 18, 19, 20], [1, 2, 3, 4, 5, 6, 7, 8, 9, 10, 11, 12, 13, 14, 15, 16, 17, 18, 19, 20]], pos=[[16, 6, 20, 13, 12, 4, 10, 19, 14, 5, 3, 2, 15, 8, 1, 11, 7, 17, 9, 18], [16, 2, 20, 13, 12, 4, 10, 19, 14, 5, 3, 6, 15, 8, 1, 11, 7, 17, 9, 18], [16, 2, 20, 13, 6, 4, 10, 19, 14, 5, 3, 12, 15, 8, 1, 11, 7, 17, 9, 18], [16, 2, 20, 13, 6, 4, 7, 19, 14, 5, 3, 12, 15, 8, 1, 11, 10, 17, 9, 18], [11, 2, 20, 13, 6, 4, 7, 19, 14, 5, 3, 12, 15, 8, 1, 16, 10, 17, 9, 18], [11, 2, 20, 15, 6, 4, 7, 19, 14, 5, 3, 12, 13, 8, 1, 16, 10, 17, 9, 18], [11, 2, 18, 15, 6, 4, 7, 19, 14, 5, 3, 12, 13, 8, 1, 16, 10, 17, 9, 20], [11, 2, 3, 15, 6, 4, 7, 19, 14, 5, 18, 12, 13, 8, 1, 16, 10, 17, 9, 20], [11, 2, 3, 4, 6, 15, 7, 19, 14, 5, 18, 12, 13, 8, 1, 16, 10, 17, 9, 20], [18, 2, 3, 4, 6, 15, 7, 19, 14, 5, 11, 12, 13, 8, 1, 16, 10, 17, 9, 20], [1, 2, 3, 4, 6, 15, 7, 19, 14, 5, 11, 12, 13, 8, 18, 16, 10, 17, 9, 20], [1, 2, 3, 4, 6, 15, 7, 19, 14, 5, 11, 12, 13, 8, 18, 16, 17, 10, 9, 20], [1, 2, 3, 4, 6, 15, 7, 19, 14, 5, 11, 12, 13, 8, 10, 16, 17, 18, 9, 20], [1, 2, 3, 4, 6, 10, 7, 19, 14, 5, 11, 12, 13, 8, 15, 16, 17, 18, 9, 20], [1, 2, 3, 4, 6, 5, 7, 19, 14, 10, 11, 12, 13, 8, 15, 16, 17, 18, 9, 20], [1, 2, 3, 4, 5, 6, 7, 19, 14, 10, 11, 12, 13, 8, 15, 16, 17, 18, 9, 20], [1, 2, 3, 4, 5, 6, 7, 9, 14, 10, 11, 12, 13, 8, 15, 16, 17, 18, 19, 20], [1, 2, 3, 4, 5, 6, 7, 14, 9, 10, 11, 12, 13, 8, 15, 16, 17, 18, 19, 20], [1, 2, 3, 4, 5, 6, 7, 8, 9, 10, 11, 12, 13, 14, 15, 16, 17, 18, 19, 20]], idx1=[2, 6, 7, 11, 13, 18, 3, 4, 11, 1, 10, 10, 10, 5, 5, 9, 9, 8], idx2=[6, 12, 10, 16, 15, 20, 18, 15, 18, 18, 17, 18, 15, 10, 6, 19, 14, 14], _checker='')