============================================================
BENCHMARK ID: 45 | DIMENSIONE: 25 | STRATEGIA: firstfail
============================================================

Input Vector: [7, 16, 12, 13, 4, 5, 23, 21, 15, 14, 11, 18, 17, 25, 9, 2, 3, 22, 24, 10, 6, 19, 8, 1, 20]

STATO: RISOLTO
K: 20
TEMPO: 0.2320s
----------------------------------------
PIANO:
Solution(v=[[7, 16, 12, 13, 4, 5, 23, 21, 15, 14, 11, 18, 17, 25, 9, 2, 3, 22, 24, 10, 6, 19, 8, 1, 20], [7, 2, 12, 13, 4, 5, 23, 21, 15, 14, 11, 18, 17, 25, 9, 16, 3, 22, 24, 10, 6, 19, 8, 1, 20], [7, 2, 12, 13, 4, 5, 23, 21, 15, 25, 11, 18, 17, 14, 9, 16, 3, 22, 24, 10, 6, 19, 8, 1, 20], [7, 2, 12, 13, 4, 5, 23, 21, 15, 25, 11, 18, 17, 14, 9, 16, 3, 22, 24, 20, 6, 19, 8, 1, 10], [7, 2, 12, 13, 4, 5, 23, 21, 15, 10, 11, 18, 17, 14, 9, 16, 3, 22, 24, 20, 6, 19, 8, 1, 25], [7, 2, 12, 13, 4, 5, 23, 21, 15, 10, 11, 18, 3, 14, 9, 16, 17, 22, 24, 20, 6, 19, 8, 1, 25], [7, 2, 12, 13, 4, 5, 23, 21, 15, 10, 11, 18, 3, 14, 9, 16, 17, 22, 19, 20, 6, 24, 8, 1, 25], [7, 2, 12, 13, 4, 5, 23, 21, 15, 10, 11, 18, 3, 14, 9, 16, 17, 24, 19, 20, 6, 22, 8, 1, 25], [7, 2, 12, 13, 4, 5, 23, 21, 15, 10, 11, 18, 3, 14, 9, 16, 17, 1, 19, 20, 6, 22, 8, 24, 25], [1, 2, 12, 13, 4, 5, 23, 21, 15, 10, 11, 18, 3, 14, 9, 16, 17, 7, 19, 20, 6, 22, 8, 24, 25], [1, 2, 12, 13, 4, 5, 23, 21, 15, 10, 11, 7, 3, 14, 9, 16, 17, 18, 19, 20, 6, 22, 8, 24, 25], [1, 2, 12, 13, 4, 5, 7, 21, 15, 10, 11, 23, 3, 14, 9, 16, 17, 18, 19, 20, 6, 22, 8, 24, 25], [1, 2, 12, 13, 4, 5, 7, 8, 15, 10, 11, 23, 3, 14, 9, 16, 17, 18, 19, 20, 6, 22, 21, 24, 25], [1, 2, 12, 13, 4, 5, 7, 8, 9, 10, 11, 23, 3, 14, 15, 16, 17, 18, 19, 20, 6, 22, 21, 24, 25], [1, 2, 12, 13, 4, 5, 7, 8, 9, 10, 11, 21, 3, 14, 15, 16, 17, 18, 19, 20, 6, 22, 23, 24, 25], [1, 2, 12, 13, 4, 5, 7, 8, 9, 10, 11, 6, 3, 14, 15, 16, 17, 18, 19, 20, 21, 22, 23, 24, 25], [1, 2, 6, 13, 4, 5, 7, 8, 9, 10, 11, 12, 3, 14, 15, 16, 17, 18, 19, 20, 21, 22, 23, 24, 25], [1, 2, 3, 13, 4, 5, 7, 8, 9, 10, 11, 12, 6, 14, 15, 16, 17, 18, 19, 20, 21, 22, 23, 24, 25], [1, 2, 3, 13, 4, 6, 7, 8, 9, 10, 11, 12, 5, 14, 15, 16, 17, 18, 19, 20, 21, 22, 23, 24, 25], [1, 2, 3, 5, 4, 6, 7, 8, 9, 10, 11, 12, 13, 14, 15, 16, 17, 18, 19, 20, 21, 22, 23, 24, 25], [1, 2, 3, 4, 5, 6, 7, 8, 9, 10, 11, 12, 13, 14, 15, 16, 17, 18, 19, 20, 21, 22, 23, 24, 25]], pos=[[24, 16, 17, 5, 6, 21, 1, 23, 15, 20, 11, 3, 4, 10, 9, 2, 13, 12, 22, 25, 8, 18, 7, 19, 14], [24, 2, 17, 5, 6, 21, 1, 23, 15, 20, 11, 3, 4, 10, 9, 16, 13, 12, 22, 25, 8, 18, 7, 19, 14], [24, 2, 17, 5, 6, 21, 1, 23, 15, 20, 11, 3, 4, 14, 9, 16, 13, 12, 22, 25, 8, 18, 7, 19, 10], [24, 2, 17, 5, 6, 21, 1, 23, 15, 25, 11, 3, 4, 14, 9, 16, 13, 12, 22, 20, 8, 18, 7, 19, 10], [24, 2, 17, 5, 6, 21, 1, 23, 15, 10, 11, 3, 4, 14, 9, 16, 13, 12, 22, 20, 8, 18, 7, 19, 25], [24, 2, 13, 5, 6, 21, 1, 23, 15, 10, 11, 3, 4, 14, 9, 16, 17, 12, 22, 20, 8, 18, 7, 19, 25], [24, 2, 13, 5, 6, 21, 1, 23, 15, 10, 11, 3, 4, 14, 9, 16, 17, 12, 19, 20, 8, 18, 7, 22, 25], [24, 2, 13, 5, 6, 21, 1, 23, 15, 10, 11, 3, 4, 14, 9, 16, 17, 12, 19, 20, 8, 22, 7, 18, 25], [18, 2, 13, 5, 6, 21, 1, 23, 15, 10, 11, 3, 4, 14, 9, 16, 17, 12, 19, 20, 8, 22, 7, 24, 25], [1, 2, 13, 5, 6, 21, 18, 23, 15, 10, 11, 3, 4, 14, 9, 16, 17, 12, 19, 20, 8, 22, 7, 24, 25], [1, 2, 13, 5, 6, 21, 12, 23, 15, 10, 11, 3, 4, 14, 9, 16, 17, 18, 19, 20, 8, 22, 7, 24, 25], [1, 2, 13, 5, 6, 21, 7, 23, 15, 10, 11, 3, 4, 14, 9, 16, 17, 18, 19, 20, 8, 22, 12, 24, 25], [1, 2, 13, 5, 6, 21, 7, 8, 15, 10, 11, 3, 4, 14, 9, 16, 17, 18, 19, 20, 23, 22, 12, 24, 25], [1, 2, 13, 5, 6, 21, 7, 8, 9, 10, 11, 3, 4, 14, 15, 16, 17, 18, 19, 20, 23, 22, 12, 24, 25], [1, 2, 13, 5, 6, 21, 7, 8, 9, 10, 11, 3, 4, 14, 15, 16, 17, 18, 19, 20, 12, 22, 23, 24, 25], [1, 2, 13, 5, 6, 12, 7, 8, 9, 10, 11, 3, 4, 14, 15, 16, 17, 18, 19, 20, 21, 22, 23, 24, 25], [1, 2, 13, 5, 6, 3, 7, 8, 9, 10, 11, 12, 4, 14, 15, 16, 17, 18, 19, 20, 21, 22, 23, 24, 25], [1, 2, 3, 5, 6, 13, 7, 8, 9, 10, 11, 12, 4, 14, 15, 16, 17, 18, 19, 20, 21, 22, 23, 24, 25], [1, 2, 3, 5, 13, 6, 7, 8, 9, 10, 11, 12, 4, 14, 15, 16, 17, 18, 19, 20, 21, 22, 23, 24, 25], [1, 2, 3, 5, 4, 6, 7, 8, 9, 10, 11, 12, 13, 14, 15, 16, 17, 18, 19, 20, 21, 22, 23, 24, 25], [1, 2, 3, 4, 5, 6, 7, 8, 9, 10, 11, 12, 13, 14, 15, 16, 17, 18, 19, 20, 21, 22, 23, 24, 25]], idx1=[2, 10, 20, 10, 13, 19, 18, 18, 1, 12, 7, 8, 9, 12, 12, 3, 3, 6, 4, 4], idx2=[16, 14, 25, 25, 17, 22, 22, 24, 18, 18, 12, 23, 15, 23, 21, 12, 13, 13, 13, 5], _checker='')