============================================================
BENCHMARK ID: 50 | DIMENSIONE: 25 | STRATEGIA: firstfail
============================================================

Input Vector: [14, 20, 15, 8, 10, 2, 16, 24, 19, 18, 21, 17, 9, 11, 3, 5, 23, 1, 6, 7, 22, 4, 25, 13, 12]

STATO: RISOLTO
K: 22
TEMPO: 0.2290s
----------------------------------------
PIANO:
Solution(v=[[14, 20, 15, 8, 10, 2, 16, 24, 19, 18, 21, 17, 9, 11, 3, 5, 23, 1, 6, 7, 22, 4, 25, 13, 12], [14, 20, 3, 8, 10, 2, 16, 24, 19, 18, 21, 17, 9, 11, 15, 5, 23, 1, 6, 7, 22, 4, 25, 13, 12], [14, 20, 3, 8, 10, 2, 16, 24, 19, 18, 21, 17, 9, 11, 15, 5, 25, 1, 6, 7, 22, 4, 23, 13, 12], [14, 20, 3, 8, 10, 2, 16, 24, 19, 18, 21, 25, 9, 11, 15, 5, 17, 1, 6, 7, 22, 4, 23, 13, 12], [14, 20, 3, 8, 10, 2, 16, 24, 19, 18, 21, 12, 9, 11, 15, 5, 17, 1, 6, 7, 22, 4, 23, 13, 25], [14, 20, 3, 8, 10, 2, 16, 24, 19, 18, 21, 12, 13, 11, 15, 5, 17, 1, 6, 7, 22, 4, 23, 9, 25], [14, 20, 3, 8, 10, 2, 16, 24, 19, 18, 21, 12, 13, 11, 15, 5, 17, 1, 6, 7, 4, 22, 23, 9, 25], [14, 20, 3, 4, 10, 2, 16, 24, 19, 18, 21, 12, 13, 11, 15, 5, 17, 1, 6, 7, 8, 22, 23, 9, 25], [14, 20, 3, 4, 10, 6, 16, 24, 19, 18, 21, 12, 13, 11, 15, 5, 17, 1, 2, 7, 8, 22, 23, 9, 25], [14, 2, 3, 4, 10, 6, 16, 24, 19, 18, 21, 12, 13, 11, 15, 5, 17, 1, 20, 7, 8, 22, 23, 9, 25], [14, 2, 3, 4, 10, 6, 16, 8, 19, 18, 21, 12, 13, 11, 15, 5, 17, 1, 20, 7, 24, 22, 23, 9, 25], [14, 2, 3, 4, 10, 6, 16, 8, 19, 18, 21, 12, 13, 11, 15, 5, 17, 1, 7, 20, 24, 22, 23, 9, 25], [14, 2, 3, 4, 10, 6, 7, 8, 19, 18, 21, 12, 13, 11, 15, 5, 17, 1, 16, 20, 24, 22, 23, 9, 25], [14, 2, 3, 4, 10, 6, 7, 8, 19, 18, 21, 12, 13, 11, 15, 5, 17, 1, 16, 20, 9, 22, 23, 24, 25], [14, 2, 3, 4, 10, 6, 7, 8, 9, 18, 21, 12, 13, 11, 15, 5, 17, 1, 16, 20, 19, 22, 23, 24, 25], [14, 2, 3, 4, 10, 6, 7, 8, 9, 18, 21, 12, 13, 11, 15, 5, 17, 1, 19, 20, 16, 22, 23, 24, 25], [14, 2, 3, 4, 10, 6, 7, 8, 9, 18, 16, 12, 13, 11, 15, 5, 17, 1, 19, 20, 21, 22, 23, 24, 25], [14, 2, 3, 4, 10, 6, 7, 8, 9, 18, 11, 12, 13, 16, 15, 5, 17, 1, 19, 20, 21, 22, 23, 24, 25], [14, 2, 3, 4, 10, 6, 7, 8, 9, 18, 11, 12, 13, 5, 15, 16, 17, 1, 19, 20, 21, 22, 23, 24, 25], [5, 2, 3, 4, 10, 6, 7, 8, 9, 18, 11, 12, 13, 14, 15, 16, 17, 1, 19, 20, 21, 22, 23, 24, 25], [5, 2, 3, 4, 10, 6, 7, 8, 9, 1, 11, 12, 13, 14, 15, 16, 17, 18, 19, 20, 21, 22, 23, 24, 25], [5, 2, 3, 4, 1, 6, 7, 8, 9, 10, 11, 12, 13, 14, 15, 16, 17, 18, 19, 20, 21, 22, 23, 24, 25], [1, 2, 3, 4, 5, 6, 7, 8, 9, 10, 11, 12, 13, 14, 15, 16, 17, 18, 19, 20, 21, 22, 23, 24, 25]], pos=[[18, 6, 15, 22, 16, 19, 20, 4, 13, 5, 14, 25, 24, 1, 3, 7, 12, 10, 9, 2, 11, 21, 17, 8, 23], [18, 6, 3, 22, 16, 19, 20, 4, 13, 5, 14, 25, 24, 1, 15, 7, 12, 10, 9, 2, 11, 21, 17, 8, 23], [18, 6, 3, 22, 16, 19, 20, 4, 13, 5, 14, 25, 24, 1, 15, 7, 12, 10, 9, 2, 11, 21, 23, 8, 17], [18, 6, 3, 22, 16, 19, 20, 4, 13, 5, 14, 25, 24, 1, 15, 7, 17, 10, 9, 2, 11, 21, 23, 8, 12], [18, 6, 3, 22, 16, 19, 20, 4, 13, 5, 14, 12, 24, 1, 15, 7, 17, 10, 9, 2, 11, 21, 23, 8, 25], [18, 6, 3, 22, 16, 19, 20, 4, 24, 5, 14, 12, 13, 1, 15, 7, 17, 10, 9, 2, 11, 21, 23, 8, 25], [18, 6, 3, 21, 16, 19, 20, 4, 24, 5, 14, 12, 13, 1, 15, 7, 17, 10, 9, 2, 11, 22, 23, 8, 25], [18, 6, 3, 4, 16, 19, 20, 21, 24, 5, 14, 12, 13, 1, 15, 7, 17, 10, 9, 2, 11, 22, 23, 8, 25], [18, 19, 3, 4, 16, 6, 20, 21, 24, 5, 14, 12, 13, 1, 15, 7, 17, 10, 9, 2, 11, 22, 23, 8, 25], [18, 2, 3, 4, 16, 6, 20, 21, 24, 5, 14, 12, 13, 1, 15, 7, 17, 10, 9, 19, 11, 22, 23, 8, 25], [18, 2, 3, 4, 16, 6, 20, 8, 24, 5, 14, 12, 13, 1, 15, 7, 17, 10, 9, 19, 11, 22, 23, 21, 25], [18, 2, 3, 4, 16, 6, 19, 8, 24, 5, 14, 12, 13, 1, 15, 7, 17, 10, 9, 20, 11, 22, 23, 21, 25], [18, 2, 3, 4, 16, 6, 7, 8, 24, 5, 14, 12, 13, 1, 15, 19, 17, 10, 9, 20, 11, 22, 23, 21, 25], [18, 2, 3, 4, 16, 6, 7, 8, 21, 5, 14, 12, 13, 1, 15, 19, 17, 10, 9, 20, 11, 22, 23, 24, 25], [18, 2, 3, 4, 16, 6, 7, 8, 9, 5, 14, 12, 13, 1, 15, 19, 17, 10, 21, 20, 11, 22, 23, 24, 25], [18, 2, 3, 4, 16, 6, 7, 8, 9, 5, 14, 12, 13, 1, 15, 21, 17, 10, 19, 20, 11, 22, 23, 24, 25], [18, 2, 3, 4, 16, 6, 7, 8, 9, 5, 14, 12, 13, 1, 15, 11, 17, 10, 19, 20, 21, 22, 23, 24, 25], [18, 2, 3, 4, 16, 6, 7, 8, 9, 5, 11, 12, 13, 1, 15, 14, 17, 10, 19, 20, 21, 22, 23, 24, 25], [18, 2, 3, 4, 14, 6, 7, 8, 9, 5, 11, 12, 13, 1, 15, 16, 17, 10, 19, 20, 21, 22, 23, 24, 25], [18, 2, 3, 4, 1, 6, 7, 8, 9, 5, 11, 12, 13, 14, 15, 16, 17, 10, 19, 20, 21, 22, 23, 24, 25], [10, 2, 3, 4, 1, 6, 7, 8, 9, 5, 11, 12, 13, 14, 15, 16, 17, 18, 19, 20, 21, 22, 23, 24, 25], [5, 2, 3, 4, 1, 6, 7, 8, 9, 10, 11, 12, 13, 14, 15, 16, 17, 18, 19, 20, 21, 22, 23, 24, 25], [1, 2, 3, 4, 5, 6, 7, 8, 9, 10, 11, 12, 13, 14, 15, 16, 17, 18, 19, 20, 21, 22, 23, 24, 25]], idx1=[3, 17, 12, 12, 13, 21, 4, 6, 2, 8, 19, 7, 21, 9, 19, 11, 11, 14, 1, 10, 5, 1], idx2=[15, 23, 17, 25, 24, 22, 21, 19, 19, 21, 20, 19, 24, 21, 21, 21, 14, 16, 14, 18, 10, 5], _checker='')