============================================================
BENCHMARK ID: 23 | DIMENSIONE: 15 | STRATEGIA: firstfail
============================================================

Input Vector: [4, 15, 10, 6, 14, 11, 12, 13, 8, 2, 1, 7, 5, 3, 9]

STATO: RISOLTO
K: 12
TEMPO: 0.3190s
----------------------------------------
PIANO:
Solution(v=[[4, 15, 10, 6, 14, 11, 12, 13, 8, 2, 1, 7, 5, 3, 9], [4, 2, 10, 6, 14, 11, 12, 13, 8, 15, 1, 7, 5, 3, 9], [4, 2, 10, 6, 14, 11, 12, 5, 8, 15, 1, 7, 13, 3, 9], [4, 2, 10, 6, 5, 11, 12, 14, 8, 15, 1, 7, 13, 3, 9], [4, 2, 10, 6, 5, 11, 12, 14, 9, 15, 1, 7, 13, 3, 8], [4, 2, 10, 6, 5, 11, 12, 8, 9, 15, 1, 7, 13, 3, 14], [4, 2, 10, 6, 5, 11, 12, 8, 9, 14, 1, 7, 13, 3, 15], [4, 2, 10, 6, 5, 11, 12, 8, 9, 3, 1, 7, 13, 14, 15], [4, 2, 3, 6, 5, 11, 12, 8, 9, 10, 1, 7, 13, 14, 15], [4, 2, 3, 11, 5, 6, 12, 8, 9, 10, 1, 7, 13, 14, 15], [11, 2, 3, 4, 5, 6, 12, 8, 9, 10, 1, 7, 13, 14, 15], [1, 2, 3, 4, 5, 6, 12, 8, 9, 10, 11, 7, 13, 14, 15], [1, 2, 3, 4, 5, 6, 7, 8, 9, 10, 11, 12, 13, 14, 15]], pos=[[11, 10, 14, 1, 13, 4, 12, 9, 15, 3, 6, 7, 8, 5, 2], [11, 2, 14, 1, 13, 4, 12, 9, 15, 3, 6, 7, 8, 5, 10], [11, 2, 14, 1, 8, 4, 12, 9, 15, 3, 6, 7, 13, 5, 10], [11, 2, 14, 1, 5, 4, 12, 9, 15, 3, 6, 7, 13, 8, 10], [11, 2, 14, 1, 5, 4, 12, 15, 9, 3, 6, 7, 13, 8, 10], [11, 2, 14, 1, 5, 4, 12, 8, 9, 3, 6, 7, 13, 15, 10], [11, 2, 14, 1, 5, 4, 12, 8, 9, 3, 6, 7, 13, 10, 15], [11, 2, 10, 1, 5, 4, 12, 8, 9, 3, 6, 7, 13, 14, 15], [11, 2, 3, 1, 5, 4, 12, 8, 9, 10, 6, 7, 13, 14, 15], [11, 2, 3, 1, 5, 6, 12, 8, 9, 10, 4, 7, 13, 14, 15], [11, 2, 3, 4, 5, 6, 12, 8, 9, 10, 1, 7, 13, 14, 15], [1, 2, 3, 4, 5, 6, 12, 8, 9, 10, 11, 7, 13, 14, 15], [1, 2, 3, 4, 5, 6, 7, 8, 9, 10, 11, 12, 13, 14, 15]], idx1=[2, 8, 5, 9, 8, 10, 10, 3, 4, 1, 1, 7], idx2=[10, 13, 8, 15, 15, 15, 14, 10, 6, 4, 11, 12], _checker='')