============================================================
BENCHMARK ID: 34 | DIMENSIONE: 20 | STRATEGIA: firstfail
============================================================

Input Vector: [20, 18, 5, 11, 1, 14, 16, 2, 8, 7, 13, 6, 10, 19, 12, 9, 4, 17, 15, 3]

STATO: RISOLTO
K: 17
TEMPO: 0.3250s
----------------------------------------
PIANO:
Solution(v=[[20, 18, 5, 11, 1, 14, 16, 2, 8, 7, 13, 6, 10, 19, 12, 9, 4, 17, 15, 3], [20, 18, 5, 11, 1, 14, 16, 2, 8, 7, 13, 6, 10, 19, 12, 9, 17, 4, 15, 3], [20, 4, 5, 11, 1, 14, 16, 2, 8, 7, 13, 6, 10, 19, 12, 9, 17, 18, 15, 3], [20, 4, 1, 11, 5, 14, 16, 2, 8, 7, 13, 6, 10, 19, 12, 9, 17, 18, 15, 3], [20, 4, 1, 11, 5, 14, 7, 2, 8, 16, 13, 6, 10, 19, 12, 9, 17, 18, 15, 3], [20, 4, 1, 11, 5, 14, 7, 8, 2, 16, 13, 6, 10, 19, 12, 9, 17, 18, 15, 3], [20, 4, 1, 11, 5, 14, 7, 8, 2, 16, 13, 12, 10, 19, 6, 9, 17, 18, 15, 3], [20, 4, 1, 11, 5, 6, 7, 8, 2, 16, 13, 12, 10, 19, 14, 9, 17, 18, 15, 3], [20, 4, 1, 11, 5, 6, 7, 8, 2, 16, 10, 12, 13, 19, 14, 9, 17, 18, 15, 3], [20, 4, 1, 11, 5, 6, 7, 8, 2, 10, 16, 12, 13, 19, 14, 9, 17, 18, 15, 3], [20, 4, 1, 11, 5, 6, 7, 8, 2, 10, 9, 12, 13, 19, 14, 16, 17, 18, 15, 3], [20, 4, 1, 11, 5, 6, 7, 8, 9, 10, 2, 12, 13, 19, 14, 16, 17, 18, 15, 3], [20, 2, 1, 11, 5, 6, 7, 8, 9, 10, 4, 12, 13, 19, 14, 16, 17, 18, 15, 3], [20, 2, 3, 11, 5, 6, 7, 8, 9, 10, 4, 12, 13, 19, 14, 16, 17, 18, 15, 1], [1, 2, 3, 11, 5, 6, 7, 8, 9, 10, 4, 12, 13, 19, 14, 16, 17, 18, 15, 20], [1, 2, 3, 4, 5, 6, 7, 8, 9, 10, 11, 12, 13, 19, 14, 16, 17, 18, 15, 20], [1, 2, 3, 4, 5, 6, 7, 8, 9, 10, 11, 12, 13, 19, 15, 16, 17, 18, 14, 20], [1, 2, 3, 4, 5, 6, 7, 8, 9, 10, 11, 12, 13, 14, 15, 16, 17, 18, 19, 20]], pos=[[5, 8, 20, 17, 3, 12, 10, 9, 16, 13, 4, 15, 11, 6, 19, 7, 18, 2, 14, 1], [5, 8, 20, 18, 3, 12, 10, 9, 16, 13, 4, 15, 11, 6, 19, 7, 17, 2, 14, 1], [5, 8, 20, 2, 3, 12, 10, 9, 16, 13, 4, 15, 11, 6, 19, 7, 17, 18, 14, 1], [3, 8, 20, 2, 5, 12, 10, 9, 16, 13, 4, 15, 11, 6, 19, 7, 17, 18, 14, 1], [3, 8, 20, 2, 5, 12, 7, 9, 16, 13, 4, 15, 11, 6, 19, 10, 17, 18, 14, 1], [3, 9, 20, 2, 5, 12, 7, 8, 16, 13, 4, 15, 11, 6, 19, 10, 17, 18, 14, 1], [3, 9, 20, 2, 5, 15, 7, 8, 16, 13, 4, 12, 11, 6, 19, 10, 17, 18, 14, 1], [3, 9, 20, 2, 5, 6, 7, 8, 16, 13, 4, 12, 11, 15, 19, 10, 17, 18, 14, 1], [3, 9, 20, 2, 5, 6, 7, 8, 16, 11, 4, 12, 13, 15, 19, 10, 17, 18, 14, 1], [3, 9, 20, 2, 5, 6, 7, 8, 16, 10, 4, 12, 13, 15, 19, 11, 17, 18, 14, 1], [3, 9, 20, 2, 5, 6, 7, 8, 11, 10, 4, 12, 13, 15, 19, 16, 17, 18, 14, 1], [3, 11, 20, 2, 5, 6, 7, 8, 9, 10, 4, 12, 13, 15, 19, 16, 17, 18, 14, 1], [3, 2, 20, 11, 5, 6, 7, 8, 9, 10, 4, 12, 13, 15, 19, 16, 17, 18, 14, 1], [20, 2, 3, 11, 5, 6, 7, 8, 9, 10, 4, 12, 13, 15, 19, 16, 17, 18, 14, 1], [1, 2, 3, 11, 5, 6, 7, 8, 9, 10, 4, 12, 13, 15, 19, 16, 17, 18, 14, 20], [1, 2, 3, 4, 5, 6, 7, 8, 9, 10, 11, 12, 13, 15, 19, 16, 17, 18, 14, 20], [1, 2, 3, 4, 5, 6, 7, 8, 9, 10, 11, 12, 13, 19, 15, 16, 17, 18, 14, 20], [1, 2, 3, 4, 5, 6, 7, 8, 9, 10, 11, 12, 13, 14, 15, 16, 17, 18, 19, 20]], idx1=[17, 2, 3, 7, 8, 12, 6, 11, 10, 11, 9, 2, 3, 1, 4, 15, 14], idx2=[18, 18, 5, 10, 9, 15, 15, 13, 11, 16, 11, 11, 20, 20, 11, 19, 19], _checker='')