============================================================
BENCHMARK ID: 36 | DIMENSIONE: 20 | STRATEGIA: firstfail
============================================================

Input Vector: [13, 20, 1, 15, 5, 19, 6, 18, 3, 14, 16, 12, 10, 7, 4, 9, 2, 11, 8, 17]

STATO: RISOLTO
K: 15
TEMPO: 0.2800s
----------------------------------------
PIANO:
Solution(v=[[13, 20, 1, 15, 5, 19, 6, 18, 3, 14, 16, 12, 10, 7, 4, 9, 2, 11, 8, 17], [13, 17, 1, 15, 5, 19, 6, 18, 3, 14, 16, 12, 10, 7, 4, 9, 2, 11, 8, 20], [13, 17, 3, 15, 5, 19, 6, 18, 1, 14, 16, 12, 10, 7, 4, 9, 2, 11, 8, 20], [13, 17, 3, 15, 5, 19, 6, 18, 1, 14, 11, 12, 10, 7, 4, 9, 2, 16, 8, 20], [13, 17, 3, 15, 5, 19, 6, 16, 1, 14, 11, 12, 10, 7, 4, 9, 2, 18, 8, 20], [13, 17, 3, 15, 5, 19, 6, 16, 1, 7, 11, 12, 10, 14, 4, 9, 2, 18, 8, 20], [13, 17, 3, 15, 5, 19, 6, 16, 1, 10, 11, 12, 7, 14, 4, 9, 2, 18, 8, 20], [13, 17, 3, 15, 5, 19, 7, 16, 1, 10, 11, 12, 6, 14, 4, 9, 2, 18, 8, 20], [13, 17, 3, 15, 5, 6, 7, 16, 1, 10, 11, 12, 19, 14, 4, 9, 2, 18, 8, 20], [19, 17, 3, 15, 5, 6, 7, 16, 1, 10, 11, 12, 13, 14, 4, 9, 2, 18, 8, 20], [19, 17, 3, 15, 5, 6, 7, 16, 9, 10, 11, 12, 13, 14, 4, 1, 2, 18, 8, 20], [19, 17, 3, 15, 5, 6, 7, 1, 9, 10, 11, 12, 13, 14, 4, 16, 2, 18, 8, 20], [1, 17, 3, 15, 5, 6, 7, 19, 9, 10, 11, 12, 13, 14, 4, 16, 2, 18, 8, 20], [1, 2, 3, 15, 5, 6, 7, 19, 9, 10, 11, 12, 13, 14, 4, 16, 17, 18, 8, 20], [1, 2, 3, 4, 5, 6, 7, 19, 9, 10, 11, 12, 13, 14, 15, 16, 17, 18, 8, 20], [1, 2, 3, 4, 5, 6, 7, 8, 9, 10, 11, 12, 13, 14, 15, 16, 17, 18, 19, 20]], pos=[[3, 17, 9, 15, 5, 7, 14, 19, 16, 13, 18, 12, 1, 10, 4, 11, 20, 8, 6, 2], [3, 17, 9, 15, 5, 7, 14, 19, 16, 13, 18, 12, 1, 10, 4, 11, 2, 8, 6, 20], [9, 17, 3, 15, 5, 7, 14, 19, 16, 13, 18, 12, 1, 10, 4, 11, 2, 8, 6, 20], [9, 17, 3, 15, 5, 7, 14, 19, 16, 13, 11, 12, 1, 10, 4, 18, 2, 8, 6, 20], [9, 17, 3, 15, 5, 7, 14, 19, 16, 13, 11, 12, 1, 10, 4, 8, 2, 18, 6, 20], [9, 17, 3, 15, 5, 7, 10, 19, 16, 13, 11, 12, 1, 14, 4, 8, 2, 18, 6, 20], [9, 17, 3, 15, 5, 7, 13, 19, 16, 10, 11, 12, 1, 14, 4, 8, 2, 18, 6, 20], [9, 17, 3, 15, 5, 13, 7, 19, 16, 10, 11, 12, 1, 14, 4, 8, 2, 18, 6, 20], [9, 17, 3, 15, 5, 6, 7, 19, 16, 10, 11, 12, 1, 14, 4, 8, 2, 18, 13, 20], [9, 17, 3, 15, 5, 6, 7, 19, 16, 10, 11, 12, 13, 14, 4, 8, 2, 18, 1, 20], [16, 17, 3, 15, 5, 6, 7, 19, 9, 10, 11, 12, 13, 14, 4, 8, 2, 18, 1, 20], [8, 17, 3, 15, 5, 6, 7, 19, 9, 10, 11, 12, 13, 14, 4, 16, 2, 18, 1, 20], [1, 17, 3, 15, 5, 6, 7, 19, 9, 10, 11, 12, 13, 14, 4, 16, 2, 18, 8, 20], [1, 2, 3, 15, 5, 6, 7, 19, 9, 10, 11, 12, 13, 14, 4, 16, 17, 18, 8, 20], [1, 2, 3, 4, 5, 6, 7, 19, 9, 10, 11, 12, 13, 14, 15, 16, 17, 18, 8, 20], [1, 2, 3, 4, 5, 6, 7, 8, 9, 10, 11, 12, 13, 14, 15, 16, 17, 18, 19, 20]], idx1=[2, 3, 11, 8, 10, 10, 7, 6, 1, 9, 8, 1, 2, 4, 8], idx2=[20, 9, 18, 18, 14, 13, 13, 13, 13, 16, 16, 8, 17, 15, 19], _checker='')