============================================================
BENCHMARK ID: 53 | DIMENSIONE: 30 | STRATEGIA: firstfail
============================================================

Input Vector: [2, 17, 23, 5, 19, 29, 6, 14, 4, 15, 28, 9, 25, 27, 26, 10, 18, 13, 16, 30, 7, 24, 3, 1, 21, 12, 11, 22, 8, 20]

STATO: RISOLTO
K: 26
TEMPO: 0.2770s
----------------------------------------
PIANO:
Solution(v=[[2, 17, 23, 5, 19, 29, 6, 14, 4, 15, 28, 9, 25, 27, 26, 10, 18, 13, 16, 30, 7, 24, 3, 1, 21, 12, 11, 22, 8, 20], [2, 17, 3, 5, 19, 29, 6, 14, 4, 15, 28, 9, 25, 27, 26, 10, 18, 13, 16, 30, 7, 24, 23, 1, 21, 12, 11, 22, 8, 20], [2, 17, 3, 5, 19, 29, 6, 14, 9, 15, 28, 4, 25, 27, 26, 10, 18, 13, 16, 30, 7, 24, 23, 1, 21, 12, 11, 22, 8, 20], [2, 17, 3, 5, 19, 29, 6, 14, 9, 15, 28, 12, 25, 27, 26, 10, 18, 13, 16, 30, 7, 24, 23, 1, 21, 4, 11, 22, 8, 20], [2, 17, 3, 5, 19, 29, 6, 14, 9, 15, 28, 12, 25, 27, 26, 10, 18, 13, 16, 20, 7, 24, 23, 1, 21, 4, 11, 22, 8, 30], [2, 17, 3, 5, 19, 29, 6, 14, 9, 15, 28, 12, 25, 27, 26, 10, 18, 13, 16, 20, 7, 1, 23, 24, 21, 4, 11, 22, 8, 30], [1, 17, 3, 5, 19, 29, 6, 14, 9, 15, 28, 12, 25, 27, 26, 10, 18, 13, 16, 20, 7, 2, 23, 24, 21, 4, 11, 22, 8, 30], [1, 17, 3, 5, 19, 29, 6, 14, 9, 15, 28, 12, 25, 27, 26, 16, 18, 13, 10, 20, 7, 2, 23, 24, 21, 4, 11, 22, 8, 30], [1, 17, 3, 5, 10, 29, 6, 14, 9, 15, 28, 12, 25, 27, 26, 16, 18, 13, 19, 20, 7, 2, 23, 24, 21, 4, 11, 22, 8, 30], [1, 17, 3, 5, 10, 29, 6, 14, 9, 15, 28, 12, 25, 27, 26, 16, 13, 18, 19, 20, 7, 2, 23, 24, 21, 4, 11, 22, 8, 30], [1, 17, 3, 5, 10, 29, 6, 14, 9, 15, 28, 12, 25, 27, 26, 16, 13, 18, 19, 20, 21, 2, 23, 24, 7, 4, 11, 22, 8, 30], [1, 17, 3, 5, 10, 29, 7, 14, 9, 15, 28, 12, 25, 27, 26, 16, 13, 18, 19, 20, 21, 2, 23, 24, 6, 4, 11, 22, 8, 30], [1, 17, 3, 5, 10, 29, 7, 8, 9, 15, 28, 12, 25, 27, 26, 16, 13, 18, 19, 20, 21, 2, 23, 24, 6, 4, 11, 22, 14, 30], [1, 17, 3, 5, 10, 29, 7, 8, 9, 15, 28, 12, 25, 14, 26, 16, 13, 18, 19, 20, 21, 2, 23, 24, 6, 4, 11, 22, 27, 30], [1, 17, 3, 5, 10, 29, 7, 8, 9, 15, 28, 12, 25, 14, 4, 16, 13, 18, 19, 20, 21, 2, 23, 24, 6, 26, 11, 22, 27, 30], [1, 17, 3, 4, 10, 29, 7, 8, 9, 15, 28, 12, 25, 14, 5, 16, 13, 18, 19, 20, 21, 2, 23, 24, 6, 26, 11, 22, 27, 30], [1, 17, 3, 4, 10, 27, 7, 8, 9, 15, 28, 12, 25, 14, 5, 16, 13, 18, 19, 20, 21, 2, 23, 24, 6, 26, 11, 22, 29, 30], [1, 17, 3, 4, 10, 6, 7, 8, 9, 15, 28, 12, 25, 14, 5, 16, 13, 18, 19, 20, 21, 2, 23, 24, 27, 26, 11, 22, 29, 30], [1, 17, 3, 4, 10, 6, 7, 8, 9, 15, 28, 12, 25, 14, 5, 16, 13, 18, 19, 20, 21, 22, 23, 24, 27, 26, 11, 2, 29, 30], [1, 17, 3, 4, 10, 6, 7, 8, 9, 15, 28, 12, 25, 14, 5, 16, 13, 18, 19, 20, 21, 22, 23, 24, 11, 26, 27, 2, 29, 30], [1, 17, 3, 4, 10, 6, 7, 8, 9, 15, 28, 12, 11, 14, 5, 16, 13, 18, 19, 20, 21, 22, 23, 24, 25, 26, 27, 2, 29, 30], [1, 17, 3, 4, 10, 6, 7, 8, 9, 15, 28, 12, 13, 14, 5, 16, 11, 18, 19, 20, 21, 22, 23, 24, 25, 26, 27, 2, 29, 30], [1, 17, 3, 4, 10, 6, 7, 8, 9, 15, 11, 12, 13, 14, 5, 16, 28, 18, 19, 20, 21, 22, 23, 24, 25, 26, 27, 2, 29, 30], [1, 28, 3, 4, 10, 6, 7, 8, 9, 15, 11, 12, 13, 14, 5, 16, 17, 18, 19, 20, 21, 22, 23, 24, 25, 26, 27, 2, 29, 30], [1, 2, 3, 4, 10, 6, 7, 8, 9, 15, 11, 12, 13, 14, 5, 16, 17, 18, 19, 20, 21, 22, 23, 24, 25, 26, 27, 28, 29, 30], [1, 2, 3, 4, 10, 6, 7, 8, 9, 5, 11, 12, 13, 14, 15, 16, 17, 18, 19, 20, 21, 22, 23, 24, 25, 26, 27, 28, 29, 30], [1, 2, 3, 4, 5, 6, 7, 8, 9, 10, 11, 12, 13, 14, 15, 16, 17, 18, 19, 20, 21, 22, 23, 24, 25, 26, 27, 28, 29, 30]], pos=[[24, 1, 23, 9, 4, 7, 21, 29, 12, 16, 27, 26, 18, 8, 10, 19, 2, 17, 5, 30, 25, 28, 3, 22, 13, 15, 14, 11, 6, 20], [24, 1, 3, 9, 4, 7, 21, 29, 12, 16, 27, 26, 18, 8, 10, 19, 2, 17, 5, 30, 25, 28, 23, 22, 13, 15, 14, 11, 6, 20], [24, 1, 3, 12, 4, 7, 21, 29, 9, 16, 27, 26, 18, 8, 10, 19, 2, 17, 5, 30, 25, 28, 23, 22, 13, 15, 14, 11, 6, 20], [24, 1, 3, 26, 4, 7, 21, 29, 9, 16, 27, 12, 18, 8, 10, 19, 2, 17, 5, 30, 25, 28, 23, 22, 13, 15, 14, 11, 6, 20], [24, 1, 3, 26, 4, 7, 21, 29, 9, 16, 27, 12, 18, 8, 10, 19, 2, 17, 5, 20, 25, 28, 23, 22, 13, 15, 14, 11, 6, 30], [22, 1, 3, 26, 4, 7, 21, 29, 9, 16, 27, 12, 18, 8, 10, 19, 2, 17, 5, 20, 25, 28, 23, 24, 13, 15, 14, 11, 6, 30], [1, 22, 3, 26, 4, 7, 21, 29, 9, 16, 27, 12, 18, 8, 10, 19, 2, 17, 5, 20, 25, 28, 23, 24, 13, 15, 14, 11, 6, 30], [1, 22, 3, 26, 4, 7, 21, 29, 9, 19, 27, 12, 18, 8, 10, 16, 2, 17, 5, 20, 25, 28, 23, 24, 13, 15, 14, 11, 6, 30], [1, 22, 3, 26, 4, 7, 21, 29, 9, 5, 27, 12, 18, 8, 10, 16, 2, 17, 19, 20, 25, 28, 23, 24, 13, 15, 14, 11, 6, 30], [1, 22, 3, 26, 4, 7, 21, 29, 9, 5, 27, 12, 17, 8, 10, 16, 2, 18, 19, 20, 25, 28, 23, 24, 13, 15, 14, 11, 6, 30], [1, 22, 3, 26, 4, 7, 25, 29, 9, 5, 27, 12, 17, 8, 10, 16, 2, 18, 19, 20, 21, 28, 23, 24, 13, 15, 14, 11, 6, 30], [1, 22, 3, 26, 4, 25, 7, 29, 9, 5, 27, 12, 17, 8, 10, 16, 2, 18, 19, 20, 21, 28, 23, 24, 13, 15, 14, 11, 6, 30], [1, 22, 3, 26, 4, 25, 7, 8, 9, 5, 27, 12, 17, 29, 10, 16, 2, 18, 19, 20, 21, 28, 23, 24, 13, 15, 14, 11, 6, 30], [1, 22, 3, 26, 4, 25, 7, 8, 9, 5, 27, 12, 17, 14, 10, 16, 2, 18, 19, 20, 21, 28, 23, 24, 13, 15, 29, 11, 6, 30], [1, 22, 3, 15, 4, 25, 7, 8, 9, 5, 27, 12, 17, 14, 10, 16, 2, 18, 19, 20, 21, 28, 23, 24, 13, 26, 29, 11, 6, 30], [1, 22, 3, 4, 15, 25, 7, 8, 9, 5, 27, 12, 17, 14, 10, 16, 2, 18, 19, 20, 21, 28, 23, 24, 13, 26, 29, 11, 6, 30], [1, 22, 3, 4, 15, 25, 7, 8, 9, 5, 27, 12, 17, 14, 10, 16, 2, 18, 19, 20, 21, 28, 23, 24, 13, 26, 6, 11, 29, 30], [1, 22, 3, 4, 15, 6, 7, 8, 9, 5, 27, 12, 17, 14, 10, 16, 2, 18, 19, 20, 21, 28, 23, 24, 13, 26, 25, 11, 29, 30], [1, 28, 3, 4, 15, 6, 7, 8, 9, 5, 27, 12, 17, 14, 10, 16, 2, 18, 19, 20, 21, 22, 23, 24, 13, 26, 25, 11, 29, 30], [1, 28, 3, 4, 15, 6, 7, 8, 9, 5, 25, 12, 17, 14, 10, 16, 2, 18, 19, 20, 21, 22, 23, 24, 13, 26, 27, 11, 29, 30], [1, 28, 3, 4, 15, 6, 7, 8, 9, 5, 13, 12, 17, 14, 10, 16, 2, 18, 19, 20, 21, 22, 23, 24, 25, 26, 27, 11, 29, 30], [1, 28, 3, 4, 15, 6, 7, 8, 9, 5, 17, 12, 13, 14, 10, 16, 2, 18, 19, 20, 21, 22, 23, 24, 25, 26, 27, 11, 29, 30], [1, 28, 3, 4, 15, 6, 7, 8, 9, 5, 11, 12, 13, 14, 10, 16, 2, 18, 19, 20, 21, 22, 23, 24, 25, 26, 27, 17, 29, 30], [1, 28, 3, 4, 15, 6, 7, 8, 9, 5, 11, 12, 13, 14, 10, 16, 17, 18, 19, 20, 21, 22, 23, 24, 25, 26, 27, 2, 29, 30], [1, 2, 3, 4, 15, 6, 7, 8, 9, 5, 11, 12, 13, 14, 10, 16, 17, 18, 19, 20, 21, 22, 23, 24, 25, 26, 27, 28, 29, 30], [1, 2, 3, 4, 10, 6, 7, 8, 9, 5, 11, 12, 13, 14, 15, 16, 17, 18, 19, 20, 21, 22, 23, 24, 25, 26, 27, 28, 29, 30], [1, 2, 3, 4, 5, 6, 7, 8, 9, 10, 11, 12, 13, 14, 15, 16, 17, 18, 19, 20, 21, 22, 23, 24, 25, 26, 27, 28, 29, 30]], idx1=[3, 9, 12, 20, 22, 1, 16, 5, 17, 21, 7, 8, 14, 15, 4, 6, 6, 22, 25, 13, 13, 11, 2, 2, 10, 5], idx2=[23, 12, 26, 30, 24, 22, 19, 19, 18, 25, 25, 29, 29, 26, 15, 29, 25, 28, 27, 25, 17, 17, 17, 28, 15, 10], _checker='')