============================================================
BENCHMARK ID: 43 | DIMENSIONE: 25 | STRATEGIA: firstfail
============================================================

Input Vector: [18, 8, 4, 17, 9, 10, 12, 22, 16, 3, 6, 15, 7, 21, 19, 24, 25, 20, 1, 5, 13, 23, 11, 2, 14]

STATO: RISOLTO
K: 24
TEMPO: 0.2620s
----------------------------------------
PIANO:
Solution(v=[[18, 8, 4, 17, 9, 10, 12, 22, 16, 3, 6, 15, 7, 21, 19, 24, 25, 20, 1, 5, 13, 23, 11, 2, 14], [18, 8, 3, 17, 9, 10, 12, 22, 16, 4, 6, 15, 7, 21, 19, 24, 25, 20, 1, 5, 13, 23, 11, 2, 14], [18, 8, 3, 17, 9, 10, 15, 22, 16, 4, 6, 12, 7, 21, 19, 24, 25, 20, 1, 5, 13, 23, 11, 2, 14], [18, 8, 3, 17, 9, 10, 15, 22, 24, 4, 6, 12, 7, 21, 19, 16, 25, 20, 1, 5, 13, 23, 11, 2, 14], [18, 8, 3, 17, 9, 10, 15, 22, 24, 4, 11, 12, 7, 21, 19, 16, 25, 20, 1, 5, 13, 23, 6, 2, 14], [18, 8, 3, 17, 9, 10, 15, 22, 24, 4, 11, 12, 7, 21, 19, 16, 25, 5, 1, 20, 13, 23, 6, 2, 14], [18, 8, 3, 17, 9, 10, 15, 22, 24, 4, 11, 12, 7, 21, 19, 16, 25, 5, 1, 20, 13, 6, 23, 2, 14], [18, 8, 3, 17, 9, 6, 15, 22, 24, 4, 11, 12, 7, 21, 19, 16, 25, 5, 1, 20, 13, 10, 23, 2, 14], [18, 8, 3, 17, 9, 6, 19, 22, 24, 4, 11, 12, 7, 21, 15, 16, 25, 5, 1, 20, 13, 10, 23, 2, 14], [18, 8, 3, 17, 9, 6, 19, 22, 24, 4, 11, 12, 13, 21, 15, 16, 25, 5, 1, 20, 7, 10, 23, 2, 14], [18, 8, 3, 17, 9, 6, 19, 22, 24, 4, 11, 12, 13, 7, 15, 16, 25, 5, 1, 20, 21, 10, 23, 2, 14], [18, 8, 3, 17, 9, 6, 19, 22, 24, 4, 11, 12, 13, 14, 15, 16, 25, 5, 1, 20, 21, 10, 23, 2, 7], [18, 8, 3, 17, 9, 6, 19, 22, 24, 4, 11, 12, 13, 14, 15, 16, 7, 5, 1, 20, 21, 10, 23, 2, 25], [18, 8, 3, 17, 9, 6, 7, 22, 24, 4, 11, 12, 13, 14, 15, 16, 19, 5, 1, 20, 21, 10, 23, 2, 25], [18, 8, 3, 17, 9, 6, 7, 22, 24, 10, 11, 12, 13, 14, 15, 16, 19, 5, 1, 20, 21, 4, 23, 2, 25], [18, 8, 3, 17, 9, 6, 7, 4, 24, 10, 11, 12, 13, 14, 15, 16, 19, 5, 1, 20, 21, 22, 23, 2, 25], [18, 8, 3, 4, 9, 6, 7, 17, 24, 10, 11, 12, 13, 14, 15, 16, 19, 5, 1, 20, 21, 22, 23, 2, 25], [18, 8, 3, 4, 9, 6, 7, 17, 24, 10, 11, 12, 13, 14, 15, 16, 1, 5, 19, 20, 21, 22, 23, 2, 25], [18, 8, 3, 4, 9, 6, 7, 1, 24, 10, 11, 12, 13, 14, 15, 16, 17, 5, 19, 20, 21, 22, 23, 2, 25], [1, 8, 3, 4, 9, 6, 7, 18, 24, 10, 11, 12, 13, 14, 15, 16, 17, 5, 19, 20, 21, 22, 23, 2, 25], [1, 8, 3, 4, 24, 6, 7, 18, 9, 10, 11, 12, 13, 14, 15, 16, 17, 5, 19, 20, 21, 22, 23, 2, 25], [1, 8, 3, 4, 2, 6, 7, 18, 9, 10, 11, 12, 13, 14, 15, 16, 17, 5, 19, 20, 21, 22, 23, 24, 25], [1, 8, 3, 4, 5, 6, 7, 18, 9, 10, 11, 12, 13, 14, 15, 16, 17, 2, 19, 20, 21, 22, 23, 24, 25], [1, 8, 3, 4, 5, 6, 7, 2, 9, 10, 11, 12, 13, 14, 15, 16, 17, 18, 19, 20, 21, 22, 23, 24, 25], [1, 2, 3, 4, 5, 6, 7, 8, 9, 10, 11, 12, 13, 14, 15, 16, 17, 18, 19, 20, 21, 22, 23, 24, 25]], pos=[[19, 24, 10, 3, 20, 11, 13, 2, 5, 6, 23, 7, 21, 25, 12, 9, 4, 1, 15, 18, 14, 8, 22, 16, 17], [19, 24, 3, 10, 20, 11, 13, 2, 5, 6, 23, 7, 21, 25, 12, 9, 4, 1, 15, 18, 14, 8, 22, 16, 17], [19, 24, 3, 10, 20, 11, 13, 2, 5, 6, 23, 12, 21, 25, 7, 9, 4, 1, 15, 18, 14, 8, 22, 16, 17], [19, 24, 3, 10, 20, 11, 13, 2, 5, 6, 23, 12, 21, 25, 7, 16, 4, 1, 15, 18, 14, 8, 22, 9, 17], [19, 24, 3, 10, 20, 23, 13, 2, 5, 6, 11, 12, 21, 25, 7, 16, 4, 1, 15, 18, 14, 8, 22, 9, 17], [19, 24, 3, 10, 18, 23, 13, 2, 5, 6, 11, 12, 21, 25, 7, 16, 4, 1, 15, 20, 14, 8, 22, 9, 17], [19, 24, 3, 10, 18, 22, 13, 2, 5, 6, 11, 12, 21, 25, 7, 16, 4, 1, 15, 20, 14, 8, 23, 9, 17], [19, 24, 3, 10, 18, 6, 13, 2, 5, 22, 11, 12, 21, 25, 7, 16, 4, 1, 15, 20, 14, 8, 23, 9, 17], [19, 24, 3, 10, 18, 6, 13, 2, 5, 22, 11, 12, 21, 25, 15, 16, 4, 1, 7, 20, 14, 8, 23, 9, 17], [19, 24, 3, 10, 18, 6, 21, 2, 5, 22, 11, 12, 13, 25, 15, 16, 4, 1, 7, 20, 14, 8, 23, 9, 17], [19, 24, 3, 10, 18, 6, 14, 2, 5, 22, 11, 12, 13, 25, 15, 16, 4, 1, 7, 20, 21, 8, 23, 9, 17], [19, 24, 3, 10, 18, 6, 25, 2, 5, 22, 11, 12, 13, 14, 15, 16, 4, 1, 7, 20, 21, 8, 23, 9, 17], [19, 24, 3, 10, 18, 6, 17, 2, 5, 22, 11, 12, 13, 14, 15, 16, 4, 1, 7, 20, 21, 8, 23, 9, 25], [19, 24, 3, 10, 18, 6, 7, 2, 5, 22, 11, 12, 13, 14, 15, 16, 4, 1, 17, 20, 21, 8, 23, 9, 25], [19, 24, 3, 22, 18, 6, 7, 2, 5, 10, 11, 12, 13, 14, 15, 16, 4, 1, 17, 20, 21, 8, 23, 9, 25], [19, 24, 3, 8, 18, 6, 7, 2, 5, 10, 11, 12, 13, 14, 15, 16, 4, 1, 17, 20, 21, 22, 23, 9, 25], [19, 24, 3, 4, 18, 6, 7, 2, 5, 10, 11, 12, 13, 14, 15, 16, 8, 1, 17, 20, 21, 22, 23, 9, 25], [17, 24, 3, 4, 18, 6, 7, 2, 5, 10, 11, 12, 13, 14, 15, 16, 8, 1, 19, 20, 21, 22, 23, 9, 25], [8, 24, 3, 4, 18, 6, 7, 2, 5, 10, 11, 12, 13, 14, 15, 16, 17, 1, 19, 20, 21, 22, 23, 9, 25], [1, 24, 3, 4, 18, 6, 7, 2, 5, 10, 11, 12, 13, 14, 15, 16, 17, 8, 19, 20, 21, 22, 23, 9, 25], [1, 24, 3, 4, 18, 6, 7, 2, 9, 10, 11, 12, 13, 14, 15, 16, 17, 8, 19, 20, 21, 22, 23, 5, 25], [1, 5, 3, 4, 18, 6, 7, 2, 9, 10, 11, 12, 13, 14, 15, 16, 17, 8, 19, 20, 21, 22, 23, 24, 25], [1, 18, 3, 4, 5, 6, 7, 2, 9, 10, 11, 12, 13, 14, 15, 16, 17, 8, 19, 20, 21, 22, 23, 24, 25], [1, 8, 3, 4, 5, 6, 7, 2, 9, 10, 11, 12, 13, 14, 15, 16, 17, 18, 19, 20, 21, 22, 23, 24, 25], [1, 2, 3, 4, 5, 6, 7, 8, 9, 10, 11, 12, 13, 14, 15, 16, 17, 18, 19, 20, 21, 22, 23, 24, 25]], idx1=[3, 7, 9, 11, 18, 22, 6, 7, 13, 14, 14, 17, 7, 10, 8, 4, 17, 8, 1, 5, 5, 5, 8, 2], idx2=[10, 12, 16, 23, 20, 23, 22, 15, 21, 21, 25, 25, 17, 22, 22, 8, 19, 17, 8, 9, 24, 18, 18, 8], _checker='')