============================================================
BENCHMARK ID: 54 | DIMENSIONE: 30 | STRATEGIA: firstfail
============================================================

Input Vector: [17, 14, 9, 2, 24, 20, 4, 27, 16, 1, 10, 6, 13, 8, 28, 15, 19, 29, 18, 23, 5, 7, 30, 12, 22, 21, 3, 25, 26, 11]

STATO: RISOLTO
K: 27
TEMPO: 0.3800s
----------------------------------------
PIANO:
Solution(v=[[17, 14, 9, 2, 24, 20, 4, 27, 16, 1, 10, 6, 13, 8, 28, 15, 19, 29, 18, 23, 5, 7, 30, 12, 22, 21, 3, 25, 26, 11], [17, 14, 9, 2, 24, 20, 4, 27, 16, 1, 10, 6, 13, 8, 28, 15, 19, 29, 18, 23, 5, 7, 30, 12, 25, 21, 3, 22, 26, 11], [17, 14, 9, 2, 24, 20, 4, 27, 16, 1, 10, 6, 13, 8, 28, 15, 19, 29, 18, 23, 5, 22, 30, 12, 25, 21, 3, 7, 26, 11], [17, 14, 9, 2, 24, 20, 4, 27, 16, 1, 10, 6, 13, 8, 7, 15, 19, 29, 18, 23, 5, 22, 30, 12, 25, 21, 3, 28, 26, 11], [17, 14, 9, 2, 24, 20, 4, 27, 16, 1, 10, 6, 13, 8, 15, 7, 19, 29, 18, 23, 5, 22, 30, 12, 25, 21, 3, 28, 26, 11], [17, 14, 9, 2, 24, 20, 4, 27, 16, 1, 10, 6, 13, 8, 15, 7, 19, 26, 18, 23, 5, 22, 30, 12, 25, 21, 3, 28, 29, 11], [17, 14, 9, 2, 24, 20, 4, 27, 16, 1, 10, 6, 13, 8, 15, 7, 19, 26, 18, 23, 5, 22, 11, 12, 25, 21, 3, 28, 29, 30], [17, 14, 9, 2, 24, 20, 4, 27, 16, 1, 11, 6, 13, 8, 15, 7, 19, 26, 18, 23, 5, 22, 10, 12, 25, 21, 3, 28, 29, 30], [17, 14, 9, 2, 24, 20, 4, 27, 16, 1, 11, 12, 13, 8, 15, 7, 19, 26, 18, 23, 5, 22, 10, 6, 25, 21, 3, 28, 29, 30], [17, 14, 9, 2, 24, 20, 4, 27, 16, 1, 11, 12, 13, 8, 15, 7, 19, 26, 18, 10, 5, 22, 23, 6, 25, 21, 3, 28, 29, 30], [17, 14, 9, 2, 24, 10, 4, 27, 16, 1, 11, 12, 13, 8, 15, 7, 19, 26, 18, 20, 5, 22, 23, 6, 25, 21, 3, 28, 29, 30], [17, 14, 9, 2, 24, 10, 4, 27, 16, 1, 11, 12, 13, 8, 15, 7, 18, 26, 19, 20, 5, 22, 23, 6, 25, 21, 3, 28, 29, 30], [17, 14, 9, 2, 24, 10, 4, 27, 16, 1, 11, 12, 13, 8, 15, 7, 18, 26, 19, 20, 21, 22, 23, 6, 25, 5, 3, 28, 29, 30], [17, 14, 9, 2, 24, 10, 4, 27, 16, 1, 11, 12, 13, 8, 15, 7, 18, 5, 19, 20, 21, 22, 23, 6, 25, 26, 3, 28, 29, 30], [17, 14, 9, 2, 24, 10, 4, 27, 16, 1, 11, 12, 13, 8, 15, 7, 5, 18, 19, 20, 21, 22, 23, 6, 25, 26, 3, 28, 29, 30], [17, 14, 9, 2, 5, 10, 4, 27, 16, 1, 11, 12, 13, 8, 15, 7, 24, 18, 19, 20, 21, 22, 23, 6, 25, 26, 3, 28, 29, 30], [17, 14, 9, 2, 5, 10, 4, 8, 16, 1, 11, 12, 13, 27, 15, 7, 24, 18, 19, 20, 21, 22, 23, 6, 25, 26, 3, 28, 29, 30], [17, 27, 9, 2, 5, 10, 4, 8, 16, 1, 11, 12, 13, 14, 15, 7, 24, 18, 19, 20, 21, 22, 23, 6, 25, 26, 3, 28, 29, 30], [17, 27, 9, 2, 5, 1, 4, 8, 16, 10, 11, 12, 13, 14, 15, 7, 24, 18, 19, 20, 21, 22, 23, 6, 25, 26, 3, 28, 29, 30], [1, 27, 9, 2, 5, 17, 4, 8, 16, 10, 11, 12, 13, 14, 15, 7, 24, 18, 19, 20, 21, 22, 23, 6, 25, 26, 3, 28, 29, 30], [1, 27, 9, 4, 5, 17, 2, 8, 16, 10, 11, 12, 13, 14, 15, 7, 24, 18, 19, 20, 21, 22, 23, 6, 25, 26, 3, 28, 29, 30], [1, 27, 9, 4, 5, 17, 2, 8, 16, 10, 11, 12, 13, 14, 15, 7, 6, 18, 19, 20, 21, 22, 23, 24, 25, 26, 3, 28, 29, 30], [1, 27, 9, 4, 5, 6, 2, 8, 16, 10, 11, 12, 13, 14, 15, 7, 17, 18, 19, 20, 21, 22, 23, 24, 25, 26, 3, 28, 29, 30], [1, 27, 9, 4, 5, 6, 2, 8, 7, 10, 11, 12, 13, 14, 15, 16, 17, 18, 19, 20, 21, 22, 23, 24, 25, 26, 3, 28, 29, 30], [1, 27, 7, 4, 5, 6, 2, 8, 9, 10, 11, 12, 13, 14, 15, 16, 17, 18, 19, 20, 21, 22, 23, 24, 25, 26, 3, 28, 29, 30], [1, 27, 2, 4, 5, 6, 7, 8, 9, 10, 11, 12, 13, 14, 15, 16, 17, 18, 19, 20, 21, 22, 23, 24, 25, 26, 3, 28, 29, 30], [1, 2, 27, 4, 5, 6, 7, 8, 9, 10, 11, 12, 13, 14, 15, 16, 17, 18, 19, 20, 21, 22, 23, 24, 25, 26, 3, 28, 29, 30], [1, 2, 3, 4, 5, 6, 7, 8, 9, 10, 11, 12, 13, 14, 15, 16, 17, 18, 19, 20, 21, 22, 23, 24, 25, 26, 27, 28, 29, 30]], pos=[[10, 4, 27, 7, 21, 12, 22, 14, 3, 11, 30, 24, 13, 2, 16, 9, 1, 19, 17, 6, 26, 25, 20, 5, 28, 29, 8, 15, 18, 23], [10, 4, 27, 7, 21, 12, 22, 14, 3, 11, 30, 24, 13, 2, 16, 9, 1, 19, 17, 6, 26, 28, 20, 5, 25, 29, 8, 15, 18, 23], [10, 4, 27, 7, 21, 12, 28, 14, 3, 11, 30, 24, 13, 2, 16, 9, 1, 19, 17, 6, 26, 22, 20, 5, 25, 29, 8, 15, 18, 23], [10, 4, 27, 7, 21, 12, 15, 14, 3, 11, 30, 24, 13, 2, 16, 9, 1, 19, 17, 6, 26, 22, 20, 5, 25, 29, 8, 28, 18, 23], [10, 4, 27, 7, 21, 12, 16, 14, 3, 11, 30, 24, 13, 2, 15, 9, 1, 19, 17, 6, 26, 22, 20, 5, 25, 29, 8, 28, 18, 23], [10, 4, 27, 7, 21, 12, 16, 14, 3, 11, 30, 24, 13, 2, 15, 9, 1, 19, 17, 6, 26, 22, 20, 5, 25, 18, 8, 28, 29, 23], [10, 4, 27, 7, 21, 12, 16, 14, 3, 11, 23, 24, 13, 2, 15, 9, 1, 19, 17, 6, 26, 22, 20, 5, 25, 18, 8, 28, 29, 30], [10, 4, 27, 7, 21, 12, 16, 14, 3, 23, 11, 24, 13, 2, 15, 9, 1, 19, 17, 6, 26, 22, 20, 5, 25, 18, 8, 28, 29, 30], [10, 4, 27, 7, 21, 24, 16, 14, 3, 23, 11, 12, 13, 2, 15, 9, 1, 19, 17, 6, 26, 22, 20, 5, 25, 18, 8, 28, 29, 30], [10, 4, 27, 7, 21, 24, 16, 14, 3, 20, 11, 12, 13, 2, 15, 9, 1, 19, 17, 6, 26, 22, 23, 5, 25, 18, 8, 28, 29, 30], [10, 4, 27, 7, 21, 24, 16, 14, 3, 6, 11, 12, 13, 2, 15, 9, 1, 19, 17, 20, 26, 22, 23, 5, 25, 18, 8, 28, 29, 30], [10, 4, 27, 7, 21, 24, 16, 14, 3, 6, 11, 12, 13, 2, 15, 9, 1, 17, 19, 20, 26, 22, 23, 5, 25, 18, 8, 28, 29, 30], [10, 4, 27, 7, 26, 24, 16, 14, 3, 6, 11, 12, 13, 2, 15, 9, 1, 17, 19, 20, 21, 22, 23, 5, 25, 18, 8, 28, 29, 30], [10, 4, 27, 7, 18, 24, 16, 14, 3, 6, 11, 12, 13, 2, 15, 9, 1, 17, 19, 20, 21, 22, 23, 5, 25, 26, 8, 28, 29, 30], [10, 4, 27, 7, 17, 24, 16, 14, 3, 6, 11, 12, 13, 2, 15, 9, 1, 18, 19, 20, 21, 22, 23, 5, 25, 26, 8, 28, 29, 30], [10, 4, 27, 7, 5, 24, 16, 14, 3, 6, 11, 12, 13, 2, 15, 9, 1, 18, 19, 20, 21, 22, 23, 17, 25, 26, 8, 28, 29, 30], [10, 4, 27, 7, 5, 24, 16, 8, 3, 6, 11, 12, 13, 2, 15, 9, 1, 18, 19, 20, 21, 22, 23, 17, 25, 26, 14, 28, 29, 30], [10, 4, 27, 7, 5, 24, 16, 8, 3, 6, 11, 12, 13, 14, 15, 9, 1, 18, 19, 20, 21, 22, 23, 17, 25, 26, 2, 28, 29, 30], [6, 4, 27, 7, 5, 24, 16, 8, 3, 10, 11, 12, 13, 14, 15, 9, 1, 18, 19, 20, 21, 22, 23, 17, 25, 26, 2, 28, 29, 30], [1, 4, 27, 7, 5, 24, 16, 8, 3, 10, 11, 12, 13, 14, 15, 9, 6, 18, 19, 20, 21, 22, 23, 17, 25, 26, 2, 28, 29, 30], [1, 7, 27, 4, 5, 24, 16, 8, 3, 10, 11, 12, 13, 14, 15, 9, 6, 18, 19, 20, 21, 22, 23, 17, 25, 26, 2, 28, 29, 30], [1, 7, 27, 4, 5, 17, 16, 8, 3, 10, 11, 12, 13, 14, 15, 9, 6, 18, 19, 20, 21, 22, 23, 24, 25, 26, 2, 28, 29, 30], [1, 7, 27, 4, 5, 6, 16, 8, 3, 10, 11, 12, 13, 14, 15, 9, 17, 18, 19, 20, 21, 22, 23, 24, 25, 26, 2, 28, 29, 30], [1, 7, 27, 4, 5, 6, 9, 8, 3, 10, 11, 12, 13, 14, 15, 16, 17, 18, 19, 20, 21, 22, 23, 24, 25, 26, 2, 28, 29, 30], [1, 7, 27, 4, 5, 6, 3, 8, 9, 10, 11, 12, 13, 14, 15, 16, 17, 18, 19, 20, 21, 22, 23, 24, 25, 26, 2, 28, 29, 30], [1, 3, 27, 4, 5, 6, 7, 8, 9, 10, 11, 12, 13, 14, 15, 16, 17, 18, 19, 20, 21, 22, 23, 24, 25, 26, 2, 28, 29, 30], [1, 2, 27, 4, 5, 6, 7, 8, 9, 10, 11, 12, 13, 14, 15, 16, 17, 18, 19, 20, 21, 22, 23, 24, 25, 26, 3, 28, 29, 30], [1, 2, 3, 4, 5, 6, 7, 8, 9, 10, 11, 12, 13, 14, 15, 16, 17, 18, 19, 20, 21, 22, 23, 24, 25, 26, 27, 28, 29, 30]], idx1=[25, 22, 15, 15, 18, 23, 11, 12, 20, 6, 17, 21, 18, 17, 5, 8, 2, 6, 1, 4, 17, 6, 9, 3, 3, 2, 3], idx2=[28, 28, 28, 16, 29, 30, 23, 24, 23, 20, 19, 26, 26, 18, 17, 14, 14, 10, 6, 7, 24, 17, 16, 9, 7, 3, 27], _checker='')