============================================================
BENCHMARK ID: 30 | DIMENSIONE: 15 | STRATEGIA: firstfail
============================================================

Input Vector: [10, 11, 15, 4, 12, 3, 13, 2, 6, 8, 5, 1, 7, 14, 9]

STATO: RISOLTO
K: 10
TEMPO: 0.2500s
----------------------------------------
PIANO:
Solution(v=[[10, 11, 15, 4, 12, 3, 13, 2, 6, 8, 5, 1, 7, 14, 9], [10, 2, 15, 4, 12, 3, 13, 11, 6, 8, 5, 1, 7, 14, 9], [10, 2, 15, 4, 12, 6, 13, 11, 3, 8, 5, 1, 7, 14, 9], [10, 2, 15, 4, 12, 6, 13, 8, 3, 11, 5, 1, 7, 14, 9], [10, 2, 15, 4, 12, 6, 13, 8, 9, 11, 5, 1, 7, 14, 3], [10, 2, 15, 4, 12, 6, 13, 8, 9, 5, 11, 1, 7, 14, 3], [10, 2, 15, 4, 5, 6, 13, 8, 9, 12, 11, 1, 7, 14, 3], [10, 2, 15, 4, 5, 6, 13, 8, 9, 1, 11, 12, 7, 14, 3], [1, 2, 15, 4, 5, 6, 13, 8, 9, 10, 11, 12, 7, 14, 3], [1, 2, 3, 4, 5, 6, 13, 8, 9, 10, 11, 12, 7, 14, 15], [1, 2, 3, 4, 5, 6, 7, 8, 9, 10, 11, 12, 13, 14, 15]], pos=[[12, 8, 6, 4, 11, 9, 13, 10, 15, 1, 2, 5, 7, 14, 3], [12, 2, 6, 4, 11, 9, 13, 10, 15, 1, 8, 5, 7, 14, 3], [12, 2, 9, 4, 11, 6, 13, 10, 15, 1, 8, 5, 7, 14, 3], [12, 2, 9, 4, 11, 6, 13, 8, 15, 1, 10, 5, 7, 14, 3], [12, 2, 15, 4, 11, 6, 13, 8, 9, 1, 10, 5, 7, 14, 3], [12, 2, 15, 4, 10, 6, 13, 8, 9, 1, 11, 5, 7, 14, 3], [12, 2, 15, 4, 5, 6, 13, 8, 9, 1, 11, 10, 7, 14, 3], [10, 2, 15, 4, 5, 6, 13, 8, 9, 1, 11, 12, 7, 14, 3], [1, 2, 15, 4, 5, 6, 13, 8, 9, 10, 11, 12, 7, 14, 3], [1, 2, 3, 4, 5, 6, 13, 8, 9, 10, 11, 12, 7, 14, 15], [1, 2, 3, 4, 5, 6, 7, 8, 9, 10, 11, 12, 13, 14, 15]], idx1=[2, 6, 8, 9, 10, 5, 10, 1, 3, 7], idx2=[8, 9, 10, 15, 11, 10, 12, 10, 15, 13], _checker='')