============================================================
BENCHMARK ID: 41 | DIMENSIONE: 25 | STRATEGIA: firstfail
============================================================

Input Vector: [4, 5, 14, 20, 18, 12, 9, 6, 3, 10, 21, 23, 15, 16, 1, 8, 11, 17, 2, 24, 7, 22, 19, 13, 25]

STATO: RISOLTO
K: 20
TEMPO: 0.2960s
----------------------------------------
PIANO:
Solution(v=[[4, 5, 14, 20, 18, 12, 9, 6, 3, 10, 21, 23, 15, 16, 1, 8, 11, 17, 2, 24, 7, 22, 19, 13, 25], [4, 5, 14, 20, 18, 12, 9, 6, 3, 10, 21, 23, 15, 16, 1, 8, 11, 17, 2, 13, 7, 22, 19, 24, 25], [4, 5, 14, 13, 18, 12, 9, 6, 3, 10, 21, 23, 15, 16, 1, 8, 11, 17, 2, 20, 7, 22, 19, 24, 25], [4, 5, 14, 13, 18, 12, 3, 6, 9, 10, 21, 23, 15, 16, 1, 8, 11, 17, 2, 20, 7, 22, 19, 24, 25], [4, 5, 14, 13, 18, 12, 3, 6, 9, 10, 21, 23, 15, 16, 1, 8, 11, 17, 19, 20, 7, 22, 2, 24, 25], [4, 5, 14, 13, 18, 12, 3, 6, 9, 10, 21, 2, 15, 16, 1, 8, 11, 17, 19, 20, 7, 22, 23, 24, 25], [4, 5, 14, 13, 18, 12, 3, 6, 9, 10, 21, 2, 15, 8, 1, 16, 11, 17, 19, 20, 7, 22, 23, 24, 25], [4, 5, 8, 13, 18, 12, 3, 6, 9, 10, 21, 2, 15, 14, 1, 16, 11, 17, 19, 20, 7, 22, 23, 24, 25], [4, 5, 8, 15, 18, 12, 3, 6, 9, 10, 21, 2, 13, 14, 1, 16, 11, 17, 19, 20, 7, 22, 23, 24, 25], [4, 5, 8, 15, 18, 12, 3, 6, 9, 10, 11, 2, 13, 14, 1, 16, 21, 17, 19, 20, 7, 22, 23, 24, 25], [4, 5, 8, 15, 18, 12, 3, 6, 9, 10, 11, 2, 13, 14, 1, 16, 7, 17, 19, 20, 21, 22, 23, 24, 25], [4, 5, 8, 15, 18, 12, 3, 6, 9, 10, 11, 2, 13, 14, 1, 16, 17, 7, 19, 20, 21, 22, 23, 24, 25], [4, 5, 8, 15, 7, 12, 3, 6, 9, 10, 11, 2, 13, 14, 1, 16, 17, 18, 19, 20, 21, 22, 23, 24, 25], [4, 7, 8, 15, 5, 12, 3, 6, 9, 10, 11, 2, 13, 14, 1, 16, 17, 18, 19, 20, 21, 22, 23, 24, 25], [4, 2, 8, 15, 5, 12, 3, 6, 9, 10, 11, 7, 13, 14, 1, 16, 17, 18, 19, 20, 21, 22, 23, 24, 25], [4, 2, 8, 15, 5, 6, 3, 12, 9, 10, 11, 7, 13, 14, 1, 16, 17, 18, 19, 20, 21, 22, 23, 24, 25], [4, 2, 12, 15, 5, 6, 3, 8, 9, 10, 11, 7, 13, 14, 1, 16, 17, 18, 19, 20, 21, 22, 23, 24, 25], [4, 2, 12, 1, 5, 6, 3, 8, 9, 10, 11, 7, 13, 14, 15, 16, 17, 18, 19, 20, 21, 22, 23, 24, 25], [1, 2, 12, 4, 5, 6, 3, 8, 9, 10, 11, 7, 13, 14, 15, 16, 17, 18, 19, 20, 21, 22, 23, 24, 25], [1, 2, 12, 4, 5, 6, 7, 8, 9, 10, 11, 3, 13, 14, 15, 16, 17, 18, 19, 20, 21, 22, 23, 24, 25], [1, 2, 3, 4, 5, 6, 7, 8, 9, 10, 11, 12, 13, 14, 15, 16, 17, 18, 19, 20, 21, 22, 23, 24, 25]], pos=[[15, 19, 9, 1, 2, 8, 21, 16, 7, 10, 17, 6, 24, 3, 13, 14, 18, 5, 23, 4, 11, 22, 12, 20, 25], [15, 19, 9, 1, 2, 8, 21, 16, 7, 10, 17, 6, 20, 3, 13, 14, 18, 5, 23, 4, 11, 22, 12, 24, 25], [15, 19, 9, 1, 2, 8, 21, 16, 7, 10, 17, 6, 4, 3, 13, 14, 18, 5, 23, 20, 11, 22, 12, 24, 25], [15, 19, 7, 1, 2, 8, 21, 16, 9, 10, 17, 6, 4, 3, 13, 14, 18, 5, 23, 20, 11, 22, 12, 24, 25], [15, 23, 7, 1, 2, 8, 21, 16, 9, 10, 17, 6, 4, 3, 13, 14, 18, 5, 19, 20, 11, 22, 12, 24, 25], [15, 12, 7, 1, 2, 8, 21, 16, 9, 10, 17, 6, 4, 3, 13, 14, 18, 5, 19, 20, 11, 22, 23, 24, 25], [15, 12, 7, 1, 2, 8, 21, 14, 9, 10, 17, 6, 4, 3, 13, 16, 18, 5, 19, 20, 11, 22, 23, 24, 25], [15, 12, 7, 1, 2, 8, 21, 3, 9, 10, 17, 6, 4, 14, 13, 16, 18, 5, 19, 20, 11, 22, 23, 24, 25], [15, 12, 7, 1, 2, 8, 21, 3, 9, 10, 17, 6, 13, 14, 4, 16, 18, 5, 19, 20, 11, 22, 23, 24, 25], [15, 12, 7, 1, 2, 8, 21, 3, 9, 10, 11, 6, 13, 14, 4, 16, 18, 5, 19, 20, 17, 22, 23, 24, 25], [15, 12, 7, 1, 2, 8, 17, 3, 9, 10, 11, 6, 13, 14, 4, 16, 18, 5, 19, 20, 21, 22, 23, 24, 25], [15, 12, 7, 1, 2, 8, 18, 3, 9, 10, 11, 6, 13, 14, 4, 16, 17, 5, 19, 20, 21, 22, 23, 24, 25], [15, 12, 7, 1, 2, 8, 5, 3, 9, 10, 11, 6, 13, 14, 4, 16, 17, 18, 19, 20, 21, 22, 23, 24, 25], [15, 12, 7, 1, 5, 8, 2, 3, 9, 10, 11, 6, 13, 14, 4, 16, 17, 18, 19, 20, 21, 22, 23, 24, 25], [15, 2, 7, 1, 5, 8, 12, 3, 9, 10, 11, 6, 13, 14, 4, 16, 17, 18, 19, 20, 21, 22, 23, 24, 25], [15, 2, 7, 1, 5, 6, 12, 3, 9, 10, 11, 8, 13, 14, 4, 16, 17, 18, 19, 20, 21, 22, 23, 24, 25], [15, 2, 7, 1, 5, 6, 12, 8, 9, 10, 11, 3, 13, 14, 4, 16, 17, 18, 19, 20, 21, 22, 23, 24, 25], [4, 2, 7, 1, 5, 6, 12, 8, 9, 10, 11, 3, 13, 14, 15, 16, 17, 18, 19, 20, 21, 22, 23, 24, 25], [1, 2, 7, 4, 5, 6, 12, 8, 9, 10, 11, 3, 13, 14, 15, 16, 17, 18, 19, 20, 21, 22, 23, 24, 25], [1, 2, 12, 4, 5, 6, 7, 8, 9, 10, 11, 3, 13, 14, 15, 16, 17, 18, 19, 20, 21, 22, 23, 24, 25], [1, 2, 3, 4, 5, 6, 7, 8, 9, 10, 11, 12, 13, 14, 15, 16, 17, 18, 19, 20, 21, 22, 23, 24, 25]], idx1=[20, 4, 7, 19, 12, 14, 3, 4, 11, 17, 17, 5, 2, 2, 6, 3, 4, 1, 7, 3], idx2=[24, 20, 9, 23, 23, 16, 14, 13, 17, 21, 18, 18, 5, 12, 8, 8, 15, 4, 12, 12], _checker='')