============================================================
BENCHMARK ID: 49 | DIMENSIONE: 25 | STRATEGIA: firstfail
============================================================

Input Vector: [20, 2, 11, 21, 17, 15, 13, 12, 23, 16, 22, 6, 25, 19, 24, 10, 18, 8, 14, 9, 1, 7, 5, 4, 3]

STATO: RISOLTO
K: 20
TEMPO: 0.2430s
----------------------------------------
PIANO:
Solution(v=[[20, 2, 11, 21, 17, 15, 13, 12, 23, 16, 22, 6, 25, 19, 24, 10, 18, 8, 14, 9, 1, 7, 5, 4, 3], [20, 2, 11, 1, 17, 15, 13, 12, 23, 16, 22, 6, 25, 19, 24, 10, 18, 8, 14, 9, 21, 7, 5, 4, 3], [20, 2, 11, 1, 17, 15, 13, 6, 23, 16, 22, 12, 25, 19, 24, 10, 18, 8, 14, 9, 21, 7, 5, 4, 3], [20, 2, 11, 1, 17, 15, 13, 6, 23, 10, 22, 12, 25, 19, 24, 16, 18, 8, 14, 9, 21, 7, 5, 4, 3], [20, 2, 11, 1, 17, 15, 13, 6, 23, 10, 7, 12, 25, 19, 24, 16, 18, 8, 14, 9, 21, 22, 5, 4, 3], [20, 2, 11, 1, 17, 15, 13, 6, 23, 10, 7, 12, 25, 19, 4, 16, 18, 8, 14, 9, 21, 22, 5, 24, 3], [20, 2, 11, 1, 17, 15, 13, 6, 23, 10, 7, 12, 25, 19, 4, 16, 8, 18, 14, 9, 21, 22, 5, 24, 3], [20, 2, 11, 1, 8, 15, 13, 6, 23, 10, 7, 12, 25, 19, 4, 16, 17, 18, 14, 9, 21, 22, 5, 24, 3], [20, 2, 11, 1, 5, 15, 13, 6, 23, 10, 7, 12, 25, 19, 4, 16, 17, 18, 14, 9, 21, 22, 8, 24, 3], [20, 2, 11, 1, 5, 15, 13, 6, 9, 10, 7, 12, 25, 19, 4, 16, 17, 18, 14, 23, 21, 22, 8, 24, 3], [20, 2, 11, 1, 5, 15, 13, 6, 9, 10, 7, 12, 25, 19, 4, 16, 17, 18, 14, 8, 21, 22, 23, 24, 3], [20, 2, 11, 1, 5, 15, 13, 8, 9, 10, 7, 12, 25, 19, 4, 16, 17, 18, 14, 6, 21, 22, 23, 24, 3], [20, 2, 11, 1, 5, 15, 13, 8, 9, 10, 7, 12, 3, 19, 4, 16, 17, 18, 14, 6, 21, 22, 23, 24, 25], [20, 2, 11, 1, 5, 15, 3, 8, 9, 10, 7, 12, 13, 19, 4, 16, 17, 18, 14, 6, 21, 22, 23, 24, 25], [20, 2, 3, 1, 5, 15, 11, 8, 9, 10, 7, 12, 13, 19, 4, 16, 17, 18, 14, 6, 21, 22, 23, 24, 25], [20, 2, 3, 1, 5, 6, 11, 8, 9, 10, 7, 12, 13, 19, 4, 16, 17, 18, 14, 15, 21, 22, 23, 24, 25], [20, 2, 3, 1, 5, 6, 11, 8, 9, 10, 7, 12, 13, 14, 4, 16, 17, 18, 19, 15, 21, 22, 23, 24, 25], [20, 2, 3, 1, 5, 6, 11, 8, 9, 10, 7, 12, 13, 14, 15, 16, 17, 18, 19, 4, 21, 22, 23, 24, 25], [20, 2, 3, 4, 5, 6, 11, 8, 9, 10, 7, 12, 13, 14, 15, 16, 17, 18, 19, 1, 21, 22, 23, 24, 25], [1, 2, 3, 4, 5, 6, 11, 8, 9, 10, 7, 12, 13, 14, 15, 16, 17, 18, 19, 20, 21, 22, 23, 24, 25], [1, 2, 3, 4, 5, 6, 7, 8, 9, 10, 11, 12, 13, 14, 15, 16, 17, 18, 19, 20, 21, 22, 23, 24, 25]], pos=[[21, 2, 25, 24, 23, 12, 22, 18, 20, 16, 3, 8, 7, 19, 6, 10, 5, 17, 14, 1, 4, 11, 9, 15, 13], [4, 2, 25, 24, 23, 12, 22, 18, 20, 16, 3, 8, 7, 19, 6, 10, 5, 17, 14, 1, 21, 11, 9, 15, 13], [4, 2, 25, 24, 23, 8, 22, 18, 20, 16, 3, 12, 7, 19, 6, 10, 5, 17, 14, 1, 21, 11, 9, 15, 13], [4, 2, 25, 24, 23, 8, 22, 18, 20, 10, 3, 12, 7, 19, 6, 16, 5, 17, 14, 1, 21, 11, 9, 15, 13], [4, 2, 25, 24, 23, 8, 11, 18, 20, 10, 3, 12, 7, 19, 6, 16, 5, 17, 14, 1, 21, 22, 9, 15, 13], [4, 2, 25, 15, 23, 8, 11, 18, 20, 10, 3, 12, 7, 19, 6, 16, 5, 17, 14, 1, 21, 22, 9, 24, 13], [4, 2, 25, 15, 23, 8, 11, 17, 20, 10, 3, 12, 7, 19, 6, 16, 5, 18, 14, 1, 21, 22, 9, 24, 13], [4, 2, 25, 15, 23, 8, 11, 5, 20, 10, 3, 12, 7, 19, 6, 16, 17, 18, 14, 1, 21, 22, 9, 24, 13], [4, 2, 25, 15, 5, 8, 11, 23, 20, 10, 3, 12, 7, 19, 6, 16, 17, 18, 14, 1, 21, 22, 9, 24, 13], [4, 2, 25, 15, 5, 8, 11, 23, 9, 10, 3, 12, 7, 19, 6, 16, 17, 18, 14, 1, 21, 22, 20, 24, 13], [4, 2, 25, 15, 5, 8, 11, 20, 9, 10, 3, 12, 7, 19, 6, 16, 17, 18, 14, 1, 21, 22, 23, 24, 13], [4, 2, 25, 15, 5, 20, 11, 8, 9, 10, 3, 12, 7, 19, 6, 16, 17, 18, 14, 1, 21, 22, 23, 24, 13], [4, 2, 13, 15, 5, 20, 11, 8, 9, 10, 3, 12, 7, 19, 6, 16, 17, 18, 14, 1, 21, 22, 23, 24, 25], [4, 2, 7, 15, 5, 20, 11, 8, 9, 10, 3, 12, 13, 19, 6, 16, 17, 18, 14, 1, 21, 22, 23, 24, 25], [4, 2, 3, 15, 5, 20, 11, 8, 9, 10, 7, 12, 13, 19, 6, 16, 17, 18, 14, 1, 21, 22, 23, 24, 25], [4, 2, 3, 15, 5, 6, 11, 8, 9, 10, 7, 12, 13, 19, 20, 16, 17, 18, 14, 1, 21, 22, 23, 24, 25], [4, 2, 3, 15, 5, 6, 11, 8, 9, 10, 7, 12, 13, 14, 20, 16, 17, 18, 19, 1, 21, 22, 23, 24, 25], [4, 2, 3, 20, 5, 6, 11, 8, 9, 10, 7, 12, 13, 14, 15, 16, 17, 18, 19, 1, 21, 22, 23, 24, 25], [20, 2, 3, 4, 5, 6, 11, 8, 9, 10, 7, 12, 13, 14, 15, 16, 17, 18, 19, 1, 21, 22, 23, 24, 25], [1, 2, 3, 4, 5, 6, 11, 8, 9, 10, 7, 12, 13, 14, 15, 16, 17, 18, 19, 20, 21, 22, 23, 24, 25], [1, 2, 3, 4, 5, 6, 7, 8, 9, 10, 11, 12, 13, 14, 15, 16, 17, 18, 19, 20, 21, 22, 23, 24, 25]], idx1=[4, 8, 10, 11, 15, 17, 5, 5, 9, 20, 8, 13, 7, 3, 6, 14, 15, 4, 1, 7], idx2=[21, 12, 16, 22, 24, 18, 17, 23, 20, 23, 20, 25, 13, 7, 20, 19, 20, 20, 20, 11], _checker='')