============================================================
BENCHMARK ID: 39 | DIMENSIONE: 20 | STRATEGIA: firstfail
============================================================

Input Vector: [12, 17, 2, 9, 16, 13, 14, 11, 8, 18, 15, 4, 1, 5, 7, 3, 6, 10, 20, 19]

STATO: RISOLTO
K: 17
TEMPO: 0.2330s
----------------------------------------
PIANO:
Solution(v=[[12, 17, 2, 9, 16, 13, 14, 11, 8, 18, 15, 4, 1, 5, 7, 3, 6, 10, 20, 19], [12, 6, 2, 9, 16, 13, 14, 11, 8, 18, 15, 4, 1, 5, 7, 3, 17, 10, 20, 19], [12, 6, 2, 9, 16, 13, 5, 11, 8, 18, 15, 4, 1, 14, 7, 3, 17, 10, 20, 19], [12, 6, 2, 9, 16, 13, 5, 11, 8, 18, 7, 4, 1, 14, 15, 3, 17, 10, 20, 19], [12, 6, 2, 9, 16, 13, 7, 11, 8, 18, 5, 4, 1, 14, 15, 3, 17, 10, 20, 19], [12, 6, 2, 9, 5, 13, 7, 11, 8, 18, 16, 4, 1, 14, 15, 3, 17, 10, 20, 19], [12, 6, 2, 9, 5, 13, 7, 16, 8, 18, 11, 4, 1, 14, 15, 3, 17, 10, 20, 19], [12, 6, 2, 9, 5, 13, 7, 3, 8, 18, 11, 4, 1, 14, 15, 16, 17, 10, 20, 19], [12, 6, 2, 9, 5, 13, 7, 8, 3, 18, 11, 4, 1, 14, 15, 16, 17, 10, 20, 19], [12, 6, 2, 3, 5, 13, 7, 8, 9, 18, 11, 4, 1, 14, 15, 16, 17, 10, 20, 19], [12, 6, 3, 2, 5, 13, 7, 8, 9, 18, 11, 4, 1, 14, 15, 16, 17, 10, 20, 19], [12, 6, 3, 4, 5, 13, 7, 8, 9, 18, 11, 2, 1, 14, 15, 16, 17, 10, 20, 19], [12, 6, 3, 4, 5, 1, 7, 8, 9, 18, 11, 2, 13, 14, 15, 16, 17, 10, 20, 19], [12, 1, 3, 4, 5, 6, 7, 8, 9, 18, 11, 2, 13, 14, 15, 16, 17, 10, 20, 19], [1, 12, 3, 4, 5, 6, 7, 8, 9, 18, 11, 2, 13, 14, 15, 16, 17, 10, 20, 19], [1, 2, 3, 4, 5, 6, 7, 8, 9, 18, 11, 12, 13, 14, 15, 16, 17, 10, 20, 19], [1, 2, 3, 4, 5, 6, 7, 8, 9, 10, 11, 12, 13, 14, 15, 16, 17, 18, 20, 19], [1, 2, 3, 4, 5, 6, 7, 8, 9, 10, 11, 12, 13, 14, 15, 16, 17, 18, 19, 20]], pos=[[13, 3, 16, 12, 14, 17, 15, 9, 4, 18, 8, 1, 6, 7, 11, 5, 2, 10, 20, 19], [13, 3, 16, 12, 14, 2, 15, 9, 4, 18, 8, 1, 6, 7, 11, 5, 17, 10, 20, 19], [13, 3, 16, 12, 7, 2, 15, 9, 4, 18, 8, 1, 6, 14, 11, 5, 17, 10, 20, 19], [13, 3, 16, 12, 7, 2, 11, 9, 4, 18, 8, 1, 6, 14, 15, 5, 17, 10, 20, 19], [13, 3, 16, 12, 11, 2, 7, 9, 4, 18, 8, 1, 6, 14, 15, 5, 17, 10, 20, 19], [13, 3, 16, 12, 5, 2, 7, 9, 4, 18, 8, 1, 6, 14, 15, 11, 17, 10, 20, 19], [13, 3, 16, 12, 5, 2, 7, 9, 4, 18, 11, 1, 6, 14, 15, 8, 17, 10, 20, 19], [13, 3, 8, 12, 5, 2, 7, 9, 4, 18, 11, 1, 6, 14, 15, 16, 17, 10, 20, 19], [13, 3, 9, 12, 5, 2, 7, 8, 4, 18, 11, 1, 6, 14, 15, 16, 17, 10, 20, 19], [13, 3, 4, 12, 5, 2, 7, 8, 9, 18, 11, 1, 6, 14, 15, 16, 17, 10, 20, 19], [13, 4, 3, 12, 5, 2, 7, 8, 9, 18, 11, 1, 6, 14, 15, 16, 17, 10, 20, 19], [13, 12, 3, 4, 5, 2, 7, 8, 9, 18, 11, 1, 6, 14, 15, 16, 17, 10, 20, 19], [6, 12, 3, 4, 5, 2, 7, 8, 9, 18, 11, 1, 13, 14, 15, 16, 17, 10, 20, 19], [2, 12, 3, 4, 5, 6, 7, 8, 9, 18, 11, 1, 13, 14, 15, 16, 17, 10, 20, 19], [1, 12, 3, 4, 5, 6, 7, 8, 9, 18, 11, 2, 13, 14, 15, 16, 17, 10, 20, 19], [1, 2, 3, 4, 5, 6, 7, 8, 9, 18, 11, 12, 13, 14, 15, 16, 17, 10, 20, 19], [1, 2, 3, 4, 5, 6, 7, 8, 9, 10, 11, 12, 13, 14, 15, 16, 17, 18, 20, 19], [1, 2, 3, 4, 5, 6, 7, 8, 9, 10, 11, 12, 13, 14, 15, 16, 17, 18, 19, 20]], idx1=[2, 7, 11, 7, 5, 8, 8, 8, 4, 3, 4, 6, 2, 1, 2, 10, 19], idx2=[17, 14, 15, 11, 11, 11, 16, 9, 9, 4, 12, 13, 6, 2, 12, 18, 20], _checker='')