============================================================
BENCHMARK ID: 57 | DIMENSIONE: 30 | STRATEGIA: firstfail
============================================================

Input Vector: [25, 1, 4, 26, 12, 22, 27, 8, 29, 13, 17, 10, 6, 11, 2, 21, 30, 5, 15, 18, 9, 7, 20, 23, 28, 24, 14, 19, 16, 3]

STATO: RISOLTO
K: 26
TEMPO: 1.1450s
----------------------------------------
PIANO:
Solution(v=[[25, 1, 4, 26, 12, 22, 27, 8, 29, 13, 17, 10, 6, 11, 2, 21, 30, 5, 15, 18, 9, 7, 20, 23, 28, 24, 14, 19, 16, 3], [25, 1, 4, 26, 12, 22, 27, 8, 29, 13, 30, 10, 6, 11, 2, 21, 17, 5, 15, 18, 9, 7, 20, 23, 28, 24, 14, 19, 16, 3], [25, 1, 4, 26, 12, 22, 27, 8, 29, 13, 30, 10, 6, 11, 2, 16, 17, 5, 15, 18, 9, 7, 20, 23, 28, 24, 14, 19, 21, 3], [25, 1, 4, 26, 12, 22, 27, 8, 21, 13, 30, 10, 6, 11, 2, 16, 17, 5, 15, 18, 9, 7, 20, 23, 28, 24, 14, 19, 29, 3], [25, 1, 4, 26, 12, 22, 27, 8, 21, 13, 30, 10, 6, 11, 15, 16, 17, 5, 2, 18, 9, 7, 20, 23, 28, 24, 14, 19, 29, 3], [25, 1, 4, 26, 12, 22, 27, 8, 21, 13, 30, 10, 6, 11, 15, 16, 17, 5, 19, 18, 9, 7, 20, 23, 28, 24, 14, 2, 29, 3], [25, 1, 4, 26, 12, 22, 27, 8, 21, 13, 30, 10, 6, 11, 15, 16, 17, 5, 19, 18, 9, 7, 23, 20, 28, 24, 14, 2, 29, 3], [25, 1, 4, 26, 12, 22, 27, 8, 21, 13, 30, 10, 6, 11, 15, 16, 17, 5, 19, 18, 9, 7, 23, 24, 28, 20, 14, 2, 29, 3], [25, 1, 4, 20, 12, 22, 27, 8, 21, 13, 30, 10, 6, 11, 15, 16, 17, 5, 19, 18, 9, 7, 23, 24, 28, 26, 14, 2, 29, 3], [25, 1, 4, 20, 12, 22, 14, 8, 21, 13, 30, 10, 6, 11, 15, 16, 17, 5, 19, 18, 9, 7, 23, 24, 28, 26, 27, 2, 29, 3], [25, 1, 4, 20, 12, 22, 14, 8, 21, 13, 11, 10, 6, 30, 15, 16, 17, 5, 19, 18, 9, 7, 23, 24, 28, 26, 27, 2, 29, 3], [25, 1, 4, 20, 12, 22, 14, 8, 21, 13, 11, 10, 6, 30, 15, 16, 17, 18, 19, 5, 9, 7, 23, 24, 28, 26, 27, 2, 29, 3], [25, 1, 4, 20, 12, 22, 14, 8, 21, 13, 11, 10, 6, 30, 15, 16, 17, 18, 19, 5, 9, 7, 23, 24, 2, 26, 27, 28, 29, 3], [25, 2, 4, 20, 12, 22, 14, 8, 21, 13, 11, 10, 6, 30, 15, 16, 17, 18, 19, 5, 9, 7, 23, 24, 1, 26, 27, 28, 29, 3], [1, 2, 4, 20, 12, 22, 14, 8, 21, 13, 11, 10, 6, 30, 15, 16, 17, 18, 19, 5, 9, 7, 23, 24, 25, 26, 27, 28, 29, 3], [1, 2, 3, 20, 12, 22, 14, 8, 21, 13, 11, 10, 6, 30, 15, 16, 17, 18, 19, 5, 9, 7, 23, 24, 25, 26, 27, 28, 29, 4], [1, 2, 3, 4, 12, 22, 14, 8, 21, 13, 11, 10, 6, 30, 15, 16, 17, 18, 19, 5, 9, 7, 23, 24, 25, 26, 27, 28, 29, 20], [1, 2, 3, 4, 12, 22, 14, 8, 21, 10, 11, 13, 6, 30, 15, 16, 17, 18, 19, 5, 9, 7, 23, 24, 25, 26, 27, 28, 29, 20], [1, 2, 3, 4, 12, 22, 14, 8, 21, 10, 11, 13, 6, 20, 15, 16, 17, 18, 19, 5, 9, 7, 23, 24, 25, 26, 27, 28, 29, 30], [1, 2, 3, 4, 12, 22, 14, 8, 21, 10, 11, 13, 6, 5, 15, 16, 17, 18, 19, 20, 9, 7, 23, 24, 25, 26, 27, 28, 29, 30], [1, 2, 3, 4, 12, 22, 5, 8, 21, 10, 11, 13, 6, 14, 15, 16, 17, 18, 19, 20, 9, 7, 23, 24, 25, 26, 27, 28, 29, 30], [1, 2, 3, 4, 12, 22, 7, 8, 21, 10, 11, 13, 6, 14, 15, 16, 17, 18, 19, 20, 9, 5, 23, 24, 25, 26, 27, 28, 29, 30], [1, 2, 3, 4, 12, 22, 7, 8, 21, 10, 11, 6, 13, 14, 15, 16, 17, 18, 19, 20, 9, 5, 23, 24, 25, 26, 27, 28, 29, 30], [1, 2, 3, 4, 6, 22, 7, 8, 21, 10, 11, 12, 13, 14, 15, 16, 17, 18, 19, 20, 9, 5, 23, 24, 25, 26, 27, 28, 29, 30], [1, 2, 3, 4, 5, 22, 7, 8, 21, 10, 11, 12, 13, 14, 15, 16, 17, 18, 19, 20, 9, 6, 23, 24, 25, 26, 27, 28, 29, 30], [1, 2, 3, 4, 5, 6, 7, 8, 21, 10, 11, 12, 13, 14, 15, 16, 17, 18, 19, 20, 9, 22, 23, 24, 25, 26, 27, 28, 29, 30], [1, 2, 3, 4, 5, 6, 7, 8, 9, 10, 11, 12, 13, 14, 15, 16, 17, 18, 19, 20, 21, 22, 23, 24, 25, 26, 27, 28, 29, 30]], pos=[[2, 15, 30, 3, 18, 13, 22, 8, 21, 12, 14, 5, 10, 27, 19, 29, 11, 20, 28, 23, 16, 6, 24, 26, 1, 4, 7, 25, 9, 17], [2, 15, 30, 3, 18, 13, 22, 8, 21, 12, 14, 5, 10, 27, 19, 29, 17, 20, 28, 23, 16, 6, 24, 26, 1, 4, 7, 25, 9, 11], [2, 15, 30, 3, 18, 13, 22, 8, 21, 12, 14, 5, 10, 27, 19, 16, 17, 20, 28, 23, 29, 6, 24, 26, 1, 4, 7, 25, 9, 11], [2, 15, 30, 3, 18, 13, 22, 8, 21, 12, 14, 5, 10, 27, 19, 16, 17, 20, 28, 23, 9, 6, 24, 26, 1, 4, 7, 25, 29, 11], [2, 19, 30, 3, 18, 13, 22, 8, 21, 12, 14, 5, 10, 27, 15, 16, 17, 20, 28, 23, 9, 6, 24, 26, 1, 4, 7, 25, 29, 11], [2, 28, 30, 3, 18, 13, 22, 8, 21, 12, 14, 5, 10, 27, 15, 16, 17, 20, 19, 23, 9, 6, 24, 26, 1, 4, 7, 25, 29, 11], [2, 28, 30, 3, 18, 13, 22, 8, 21, 12, 14, 5, 10, 27, 15, 16, 17, 20, 19, 24, 9, 6, 23, 26, 1, 4, 7, 25, 29, 11], [2, 28, 30, 3, 18, 13, 22, 8, 21, 12, 14, 5, 10, 27, 15, 16, 17, 20, 19, 26, 9, 6, 23, 24, 1, 4, 7, 25, 29, 11], [2, 28, 30, 3, 18, 13, 22, 8, 21, 12, 14, 5, 10, 27, 15, 16, 17, 20, 19, 4, 9, 6, 23, 24, 1, 26, 7, 25, 29, 11], [2, 28, 30, 3, 18, 13, 22, 8, 21, 12, 14, 5, 10, 7, 15, 16, 17, 20, 19, 4, 9, 6, 23, 24, 1, 26, 27, 25, 29, 11], [2, 28, 30, 3, 18, 13, 22, 8, 21, 12, 11, 5, 10, 7, 15, 16, 17, 20, 19, 4, 9, 6, 23, 24, 1, 26, 27, 25, 29, 14], [2, 28, 30, 3, 20, 13, 22, 8, 21, 12, 11, 5, 10, 7, 15, 16, 17, 18, 19, 4, 9, 6, 23, 24, 1, 26, 27, 25, 29, 14], [2, 25, 30, 3, 20, 13, 22, 8, 21, 12, 11, 5, 10, 7, 15, 16, 17, 18, 19, 4, 9, 6, 23, 24, 1, 26, 27, 28, 29, 14], [25, 2, 30, 3, 20, 13, 22, 8, 21, 12, 11, 5, 10, 7, 15, 16, 17, 18, 19, 4, 9, 6, 23, 24, 1, 26, 27, 28, 29, 14], [1, 2, 30, 3, 20, 13, 22, 8, 21, 12, 11, 5, 10, 7, 15, 16, 17, 18, 19, 4, 9, 6, 23, 24, 25, 26, 27, 28, 29, 14], [1, 2, 3, 30, 20, 13, 22, 8, 21, 12, 11, 5, 10, 7, 15, 16, 17, 18, 19, 4, 9, 6, 23, 24, 25, 26, 27, 28, 29, 14], [1, 2, 3, 4, 20, 13, 22, 8, 21, 12, 11, 5, 10, 7, 15, 16, 17, 18, 19, 30, 9, 6, 23, 24, 25, 26, 27, 28, 29, 14], [1, 2, 3, 4, 20, 13, 22, 8, 21, 10, 11, 5, 12, 7, 15, 16, 17, 18, 19, 30, 9, 6, 23, 24, 25, 26, 27, 28, 29, 14], [1, 2, 3, 4, 20, 13, 22, 8, 21, 10, 11, 5, 12, 7, 15, 16, 17, 18, 19, 14, 9, 6, 23, 24, 25, 26, 27, 28, 29, 30], [1, 2, 3, 4, 14, 13, 22, 8, 21, 10, 11, 5, 12, 7, 15, 16, 17, 18, 19, 20, 9, 6, 23, 24, 25, 26, 27, 28, 29, 30], [1, 2, 3, 4, 7, 13, 22, 8, 21, 10, 11, 5, 12, 14, 15, 16, 17, 18, 19, 20, 9, 6, 23, 24, 25, 26, 27, 28, 29, 30], [1, 2, 3, 4, 22, 13, 7, 8, 21, 10, 11, 5, 12, 14, 15, 16, 17, 18, 19, 20, 9, 6, 23, 24, 25, 26, 27, 28, 29, 30], [1, 2, 3, 4, 22, 12, 7, 8, 21, 10, 11, 5, 13, 14, 15, 16, 17, 18, 19, 20, 9, 6, 23, 24, 25, 26, 27, 28, 29, 30], [1, 2, 3, 4, 22, 5, 7, 8, 21, 10, 11, 12, 13, 14, 15, 16, 17, 18, 19, 20, 9, 6, 23, 24, 25, 26, 27, 28, 29, 30], [1, 2, 3, 4, 5, 22, 7, 8, 21, 10, 11, 12, 13, 14, 15, 16, 17, 18, 19, 20, 9, 6, 23, 24, 25, 26, 27, 28, 29, 30], [1, 2, 3, 4, 5, 6, 7, 8, 21, 10, 11, 12, 13, 14, 15, 16, 17, 18, 19, 20, 9, 22, 23, 24, 25, 26, 27, 28, 29, 30], [1, 2, 3, 4, 5, 6, 7, 8, 9, 10, 11, 12, 13, 14, 15, 16, 17, 18, 19, 20, 21, 22, 23, 24, 25, 26, 27, 28, 29, 30]], idx1=[11, 16, 9, 15, 19, 23, 24, 4, 7, 11, 18, 25, 2, 1, 3, 4, 10, 14, 14, 7, 7, 12, 5, 5, 6, 9], idx2=[17, 29, 29, 19, 28, 24, 26, 26, 27, 14, 20, 28, 25, 25, 30, 30, 12, 30, 20, 14, 22, 13, 12, 22, 22, 21], _checker='')