============================================================
BENCHMARK ID: 58 | DIMENSIONE: 30 | STRATEGIA: firstfail
============================================================

Input Vector: [26, 22, 6, 24, 2, 12, 9, 30, 13, 28, 18, 21, 7, 16, 19, 8, 4, 3, 5, 23, 25, 14, 10, 15, 11, 20, 17, 27, 29, 1]

STATO: RISOLTO
K: 26
TEMPO: 0.3920s
----------------------------------------
PIANO:
Solution(v=[[26, 22, 6, 24, 2, 12, 9, 30, 13, 28, 18, 21, 7, 16, 19, 8, 4, 3, 5, 23, 25, 14, 10, 15, 11, 20, 17, 27, 29, 1], [26, 22, 12, 24, 2, 6, 9, 30, 13, 28, 18, 21, 7, 16, 19, 8, 4, 3, 5, 23, 25, 14, 10, 15, 11, 20, 17, 27, 29, 1], [26, 22, 12, 24, 2, 6, 9, 30, 13, 28, 3, 21, 7, 16, 19, 8, 4, 18, 5, 23, 25, 14, 10, 15, 11, 20, 17, 27, 29, 1], [26, 22, 12, 24, 2, 6, 9, 30, 13, 28, 11, 21, 7, 16, 19, 8, 4, 18, 5, 23, 25, 14, 10, 15, 3, 20, 17, 27, 29, 1], [26, 22, 12, 24, 2, 6, 9, 30, 13, 28, 11, 21, 7, 16, 19, 8, 4, 18, 5, 10, 25, 14, 23, 15, 3, 20, 17, 27, 29, 1], [26, 22, 12, 24, 2, 6, 9, 30, 13, 28, 11, 21, 7, 16, 19, 8, 4, 18, 5, 10, 25, 14, 23, 15, 3, 20, 27, 17, 29, 1], [26, 22, 12, 24, 2, 6, 9, 30, 13, 17, 11, 21, 7, 16, 19, 8, 4, 18, 5, 10, 25, 14, 23, 15, 3, 20, 27, 28, 29, 1], [26, 22, 12, 24, 2, 6, 9, 30, 13, 17, 11, 21, 7, 16, 19, 8, 4, 18, 5, 10, 3, 14, 23, 15, 25, 20, 27, 28, 29, 1], [26, 22, 3, 24, 2, 6, 9, 30, 13, 17, 11, 21, 7, 16, 19, 8, 4, 18, 5, 10, 12, 14, 23, 15, 25, 20, 27, 28, 29, 1], [26, 22, 3, 24, 2, 6, 9, 1, 13, 17, 11, 21, 7, 16, 19, 8, 4, 18, 5, 10, 12, 14, 23, 15, 25, 20, 27, 28, 29, 30], [26, 22, 3, 24, 2, 6, 9, 8, 13, 17, 11, 21, 7, 16, 19, 1, 4, 18, 5, 10, 12, 14, 23, 15, 25, 20, 27, 28, 29, 30], [26, 22, 3, 24, 2, 6, 9, 8, 13, 17, 11, 21, 7, 16, 5, 1, 4, 18, 19, 10, 12, 14, 23, 15, 25, 20, 27, 28, 29, 30], [26, 22, 3, 24, 2, 6, 9, 8, 13, 17, 11, 21, 7, 16, 15, 1, 4, 18, 19, 10, 12, 14, 23, 5, 25, 20, 27, 28, 29, 30], [26, 22, 3, 24, 5, 6, 9, 8, 13, 17, 11, 21, 7, 16, 15, 1, 4, 18, 19, 10, 12, 14, 23, 2, 25, 20, 27, 28, 29, 30], [26, 22, 3, 2, 5, 6, 9, 8, 13, 17, 11, 21, 7, 16, 15, 1, 4, 18, 19, 10, 12, 14, 23, 24, 25, 20, 27, 28, 29, 30], [26, 22, 3, 2, 5, 6, 9, 8, 13, 17, 11, 21, 7, 14, 15, 1, 4, 18, 19, 10, 12, 16, 23, 24, 25, 20, 27, 28, 29, 30], [26, 16, 3, 2, 5, 6, 9, 8, 13, 17, 11, 21, 7, 14, 15, 1, 4, 18, 19, 10, 12, 22, 23, 24, 25, 20, 27, 28, 29, 30], [26, 16, 3, 4, 5, 6, 9, 8, 13, 17, 11, 21, 7, 14, 15, 1, 2, 18, 19, 10, 12, 22, 23, 24, 25, 20, 27, 28, 29, 30], [26, 16, 3, 4, 5, 6, 9, 8, 13, 17, 11, 21, 7, 14, 15, 1, 2, 18, 19, 20, 12, 22, 23, 24, 25, 10, 27, 28, 29, 30], [26, 16, 3, 4, 5, 6, 9, 8, 13, 10, 11, 21, 7, 14, 15, 1, 2, 18, 19, 20, 12, 22, 23, 24, 25, 17, 27, 28, 29, 30], [26, 16, 3, 4, 5, 6, 9, 8, 13, 10, 11, 21, 7, 14, 15, 1, 17, 18, 19, 20, 12, 22, 23, 24, 25, 2, 27, 28, 29, 30], [2, 16, 3, 4, 5, 6, 9, 8, 13, 10, 11, 21, 7, 14, 15, 1, 17, 18, 19, 20, 12, 22, 23, 24, 25, 26, 27, 28, 29, 30], [1, 16, 3, 4, 5, 6, 9, 8, 13, 10, 11, 21, 7, 14, 15, 2, 17, 18, 19, 20, 12, 22, 23, 24, 25, 26, 27, 28, 29, 30], [1, 2, 3, 4, 5, 6, 9, 8, 13, 10, 11, 21, 7, 14, 15, 16, 17, 18, 19, 20, 12, 22, 23, 24, 25, 26, 27, 28, 29, 30], [1, 2, 3, 4, 5, 6, 9, 8, 7, 10, 11, 21, 13, 14, 15, 16, 17, 18, 19, 20, 12, 22, 23, 24, 25, 26, 27, 28, 29, 30], [1, 2, 3, 4, 5, 6, 7, 8, 9, 10, 11, 21, 13, 14, 15, 16, 17, 18, 19, 20, 12, 22, 23, 24, 25, 26, 27, 28, 29, 30], [1, 2, 3, 4, 5, 6, 7, 8, 9, 10, 11, 12, 13, 14, 15, 16, 17, 18, 19, 20, 21, 22, 23, 24, 25, 26, 27, 28, 29, 30]], pos=[[30, 5, 18, 17, 19, 3, 13, 16, 7, 23, 25, 6, 9, 22, 24, 14, 27, 11, 15, 26, 12, 2, 20, 4, 21, 1, 28, 10, 29, 8], [30, 5, 18, 17, 19, 6, 13, 16, 7, 23, 25, 3, 9, 22, 24, 14, 27, 11, 15, 26, 12, 2, 20, 4, 21, 1, 28, 10, 29, 8], [30, 5, 11, 17, 19, 6, 13, 16, 7, 23, 25, 3, 9, 22, 24, 14, 27, 18, 15, 26, 12, 2, 20, 4, 21, 1, 28, 10, 29, 8], [30, 5, 25, 17, 19, 6, 13, 16, 7, 23, 11, 3, 9, 22, 24, 14, 27, 18, 15, 26, 12, 2, 20, 4, 21, 1, 28, 10, 29, 8], [30, 5, 25, 17, 19, 6, 13, 16, 7, 20, 11, 3, 9, 22, 24, 14, 27, 18, 15, 26, 12, 2, 23, 4, 21, 1, 28, 10, 29, 8], [30, 5, 25, 17, 19, 6, 13, 16, 7, 20, 11, 3, 9, 22, 24, 14, 28, 18, 15, 26, 12, 2, 23, 4, 21, 1, 27, 10, 29, 8], [30, 5, 25, 17, 19, 6, 13, 16, 7, 20, 11, 3, 9, 22, 24, 14, 10, 18, 15, 26, 12, 2, 23, 4, 21, 1, 27, 28, 29, 8], [30, 5, 21, 17, 19, 6, 13, 16, 7, 20, 11, 3, 9, 22, 24, 14, 10, 18, 15, 26, 12, 2, 23, 4, 25, 1, 27, 28, 29, 8], [30, 5, 3, 17, 19, 6, 13, 16, 7, 20, 11, 21, 9, 22, 24, 14, 10, 18, 15, 26, 12, 2, 23, 4, 25, 1, 27, 28, 29, 8], [8, 5, 3, 17, 19, 6, 13, 16, 7, 20, 11, 21, 9, 22, 24, 14, 10, 18, 15, 26, 12, 2, 23, 4, 25, 1, 27, 28, 29, 30], [16, 5, 3, 17, 19, 6, 13, 8, 7, 20, 11, 21, 9, 22, 24, 14, 10, 18, 15, 26, 12, 2, 23, 4, 25, 1, 27, 28, 29, 30], [16, 5, 3, 17, 15, 6, 13, 8, 7, 20, 11, 21, 9, 22, 24, 14, 10, 18, 19, 26, 12, 2, 23, 4, 25, 1, 27, 28, 29, 30], [16, 5, 3, 17, 24, 6, 13, 8, 7, 20, 11, 21, 9, 22, 15, 14, 10, 18, 19, 26, 12, 2, 23, 4, 25, 1, 27, 28, 29, 30], [16, 24, 3, 17, 5, 6, 13, 8, 7, 20, 11, 21, 9, 22, 15, 14, 10, 18, 19, 26, 12, 2, 23, 4, 25, 1, 27, 28, 29, 30], [16, 4, 3, 17, 5, 6, 13, 8, 7, 20, 11, 21, 9, 22, 15, 14, 10, 18, 19, 26, 12, 2, 23, 24, 25, 1, 27, 28, 29, 30], [16, 4, 3, 17, 5, 6, 13, 8, 7, 20, 11, 21, 9, 14, 15, 22, 10, 18, 19, 26, 12, 2, 23, 24, 25, 1, 27, 28, 29, 30], [16, 4, 3, 17, 5, 6, 13, 8, 7, 20, 11, 21, 9, 14, 15, 2, 10, 18, 19, 26, 12, 22, 23, 24, 25, 1, 27, 28, 29, 30], [16, 17, 3, 4, 5, 6, 13, 8, 7, 20, 11, 21, 9, 14, 15, 2, 10, 18, 19, 26, 12, 22, 23, 24, 25, 1, 27, 28, 29, 30], [16, 17, 3, 4, 5, 6, 13, 8, 7, 26, 11, 21, 9, 14, 15, 2, 10, 18, 19, 20, 12, 22, 23, 24, 25, 1, 27, 28, 29, 30], [16, 17, 3, 4, 5, 6, 13, 8, 7, 10, 11, 21, 9, 14, 15, 2, 26, 18, 19, 20, 12, 22, 23, 24, 25, 1, 27, 28, 29, 30], [16, 26, 3, 4, 5, 6, 13, 8, 7, 10, 11, 21, 9, 14, 15, 2, 17, 18, 19, 20, 12, 22, 23, 24, 25, 1, 27, 28, 29, 30], [16, 1, 3, 4, 5, 6, 13, 8, 7, 10, 11, 21, 9, 14, 15, 2, 17, 18, 19, 20, 12, 22, 23, 24, 25, 26, 27, 28, 29, 30], [1, 16, 3, 4, 5, 6, 13, 8, 7, 10, 11, 21, 9, 14, 15, 2, 17, 18, 19, 20, 12, 22, 23, 24, 25, 26, 27, 28, 29, 30], [1, 2, 3, 4, 5, 6, 13, 8, 7, 10, 11, 21, 9, 14, 15, 16, 17, 18, 19, 20, 12, 22, 23, 24, 25, 26, 27, 28, 29, 30], [1, 2, 3, 4, 5, 6, 9, 8, 7, 10, 11, 21, 13, 14, 15, 16, 17, 18, 19, 20, 12, 22, 23, 24, 25, 26, 27, 28, 29, 30], [1, 2, 3, 4, 5, 6, 7, 8, 9, 10, 11, 21, 13, 14, 15, 16, 17, 18, 19, 20, 12, 22, 23, 24, 25, 26, 27, 28, 29, 30], [1, 2, 3, 4, 5, 6, 7, 8, 9, 10, 11, 12, 13, 14, 15, 16, 17, 18, 19, 20, 21, 22, 23, 24, 25, 26, 27, 28, 29, 30]], idx1=[3, 11, 11, 20, 27, 10, 21, 3, 8, 8, 15, 15, 5, 4, 14, 2, 4, 20, 10, 17, 1, 1, 2, 9, 7, 12], idx2=[6, 18, 25, 23, 28, 28, 25, 21, 30, 16, 19, 24, 24, 24, 22, 22, 17, 26, 26, 26, 26, 16, 16, 13, 9, 21], _checker='')