============================================================
BENCHMARK ID: 19 | DIMENSIONE: 10 | STRATEGIA: firstfail
============================================================

Input Vector: [10, 3, 4, 7, 2, 5, 6, 1, 8, 9]

STATO: RISOLTO
K: 8
TEMPO: 0.2740s
----------------------------------------
PIANO:
Solution(v=[[10, 3, 4, 7, 2, 5, 6, 1, 8, 9], [10, 3, 4, 7, 2, 6, 5, 1, 8, 9], [10, 3, 4, 7, 5, 6, 2, 1, 8, 9], [10, 3, 4, 7, 5, 6, 2, 1, 9, 8], [8, 3, 4, 7, 5, 6, 2, 1, 9, 10], [1, 3, 4, 7, 5, 6, 2, 8, 9, 10], [1, 3, 7, 4, 5, 6, 2, 8, 9, 10], [1, 7, 3, 4, 5, 6, 2, 8, 9, 10], [1, 2, 3, 4, 5, 6, 7, 8, 9, 10]], pos=[[8, 5, 2, 3, 6, 7, 4, 9, 10, 1], [8, 5, 2, 3, 7, 6, 4, 9, 10, 1], [8, 7, 2, 3, 5, 6, 4, 9, 10, 1], [8, 7, 2, 3, 5, 6, 4, 10, 9, 1], [8, 7, 2, 3, 5, 6, 4, 1, 9, 10], [1, 7, 2, 3, 5, 6, 4, 8, 9, 10], [1, 7, 2, 4, 5, 6, 3, 8, 9, 10], [1, 7, 3, 4, 5, 6, 2, 8, 9, 10], [1, 2, 3, 4, 5, 6, 7, 8, 9, 10]], idx1=[6, 5, 9, 1, 1, 3, 2, 2], idx2=[7, 7, 10, 10, 8, 4, 3, 7], _checker='')