============================================================
BENCHMARK ID: 32 | DIMENSIONE: 20 | STRATEGIA: firstfail
============================================================

Input Vector: [9, 16, 17, 5, 13, 6, 2, 8, 1, 15, 20, 18, 10, 14, 11, 7, 4, 19, 3, 12]

STATO: RISOLTO
K: 14
TEMPO: 0.4280s
----------------------------------------
PIANO:
Solution(v=[[9, 16, 17, 5, 13, 6, 2, 8, 1, 15, 20, 18, 10, 14, 11, 7, 4, 19, 3, 12], [1, 16, 17, 5, 13, 6, 2, 8, 9, 15, 20, 18, 10, 14, 11, 7, 4, 19, 3, 12], [1, 16, 4, 5, 13, 6, 2, 8, 9, 15, 20, 18, 10, 14, 11, 7, 17, 19, 3, 12], [1, 16, 4, 5, 13, 6, 2, 8, 9, 10, 20, 18, 15, 14, 11, 7, 17, 19, 3, 12], [1, 16, 4, 5, 13, 6, 2, 8, 9, 10, 20, 19, 15, 14, 11, 7, 17, 18, 3, 12], [1, 16, 4, 5, 13, 6, 2, 8, 9, 10, 20, 12, 15, 14, 11, 7, 17, 18, 3, 19], [1, 16, 4, 5, 13, 6, 2, 8, 9, 10, 20, 12, 15, 14, 11, 7, 17, 18, 19, 3], [1, 16, 3, 5, 13, 6, 2, 8, 9, 10, 20, 12, 15, 14, 11, 7, 17, 18, 19, 4], [1, 16, 3, 5, 13, 6, 2, 8, 9, 10, 20, 12, 11, 14, 15, 7, 17, 18, 19, 4], [1, 16, 3, 5, 13, 6, 2, 8, 9, 10, 11, 12, 20, 14, 15, 7, 17, 18, 19, 4], [1, 16, 3, 5, 20, 6, 2, 8, 9, 10, 11, 12, 13, 14, 15, 7, 17, 18, 19, 4], [1, 16, 3, 5, 4, 6, 2, 8, 9, 10, 11, 12, 13, 14, 15, 7, 17, 18, 19, 20], [1, 16, 3, 4, 5, 6, 2, 8, 9, 10, 11, 12, 13, 14, 15, 7, 17, 18, 19, 20], [1, 16, 3, 4, 5, 6, 7, 8, 9, 10, 11, 12, 13, 14, 15, 2, 17, 18, 19, 20], [1, 2, 3, 4, 5, 6, 7, 8, 9, 10, 11, 12, 13, 14, 15, 16, 17, 18, 19, 20]], pos=[[9, 7, 19, 17, 4, 6, 16, 8, 1, 13, 15, 20, 5, 14, 10, 2, 3, 12, 18, 11], [1, 7, 19, 17, 4, 6, 16, 8, 9, 13, 15, 20, 5, 14, 10, 2, 3, 12, 18, 11], [1, 7, 19, 3, 4, 6, 16, 8, 9, 13, 15, 20, 5, 14, 10, 2, 17, 12, 18, 11], [1, 7, 19, 3, 4, 6, 16, 8, 9, 10, 15, 20, 5, 14, 13, 2, 17, 12, 18, 11], [1, 7, 19, 3, 4, 6, 16, 8, 9, 10, 15, 20, 5, 14, 13, 2, 17, 18, 12, 11], [1, 7, 19, 3, 4, 6, 16, 8, 9, 10, 15, 12, 5, 14, 13, 2, 17, 18, 20, 11], [1, 7, 20, 3, 4, 6, 16, 8, 9, 10, 15, 12, 5, 14, 13, 2, 17, 18, 19, 11], [1, 7, 3, 20, 4, 6, 16, 8, 9, 10, 15, 12, 5, 14, 13, 2, 17, 18, 19, 11], [1, 7, 3, 20, 4, 6, 16, 8, 9, 10, 13, 12, 5, 14, 15, 2, 17, 18, 19, 11], [1, 7, 3, 20, 4, 6, 16, 8, 9, 10, 11, 12, 5, 14, 15, 2, 17, 18, 19, 13], [1, 7, 3, 20, 4, 6, 16, 8, 9, 10, 11, 12, 13, 14, 15, 2, 17, 18, 19, 5], [1, 7, 3, 5, 4, 6, 16, 8, 9, 10, 11, 12, 13, 14, 15, 2, 17, 18, 19, 20], [1, 7, 3, 4, 5, 6, 16, 8, 9, 10, 11, 12, 13, 14, 15, 2, 17, 18, 19, 20], [1, 16, 3, 4, 5, 6, 7, 8, 9, 10, 11, 12, 13, 14, 15, 2, 17, 18, 19, 20], [1, 2, 3, 4, 5, 6, 7, 8, 9, 10, 11, 12, 13, 14, 15, 16, 17, 18, 19, 20]], idx1=[1, 3, 10, 12, 12, 19, 3, 13, 11, 5, 5, 4, 7, 2], idx2=[9, 17, 13, 18, 20, 20, 20, 15, 13, 13, 20, 5, 16, 16], _checker='')