============================================================
BENCHMARK ID: 52 | DIMENSIONE: 30 | STRATEGIA: firstfail
============================================================

Input Vector: [4, 5, 11, 24, 9, 29, 10, 26, 13, 18, 23, 27, 20, 22, 8, 17, 7, 25, 12, 1, 28, 15, 3, 6, 19, 14, 30, 16, 21, 2]

STATO: RISOLTO
K: 27
TEMPO: 0.4780s
----------------------------------------
PIANO:
Solution(v=[[4, 5, 11, 24, 9, 29, 10, 26, 13, 18, 23, 27, 20, 22, 8, 17, 7, 25, 12, 1, 28, 15, 3, 6, 19, 14, 30, 16, 21, 2], [24, 5, 11, 4, 9, 29, 10, 26, 13, 18, 23, 27, 20, 22, 8, 17, 7, 25, 12, 1, 28, 15, 3, 6, 19, 14, 30, 16, 21, 2], [24, 5, 11, 4, 9, 29, 10, 26, 13, 18, 23, 27, 20, 22, 8, 17, 7, 25, 19, 1, 28, 15, 3, 6, 12, 14, 30, 16, 21, 2], [24, 5, 11, 4, 9, 29, 10, 26, 13, 18, 23, 27, 20, 22, 8, 17, 7, 12, 19, 1, 28, 15, 3, 6, 25, 14, 30, 16, 21, 2], [24, 5, 11, 4, 9, 29, 10, 26, 13, 18, 23, 12, 20, 22, 8, 17, 7, 27, 19, 1, 28, 15, 3, 6, 25, 14, 30, 16, 21, 2], [24, 5, 11, 4, 9, 29, 10, 26, 13, 18, 23, 12, 20, 22, 8, 17, 7, 27, 19, 1, 21, 15, 3, 6, 25, 14, 30, 16, 28, 2], [24, 5, 11, 4, 9, 29, 10, 26, 13, 18, 23, 12, 20, 22, 8, 17, 7, 27, 19, 1, 21, 15, 3, 6, 25, 14, 2, 16, 28, 30], [24, 5, 11, 4, 9, 29, 10, 26, 13, 18, 23, 12, 20, 22, 8, 17, 7, 2, 19, 1, 21, 15, 3, 6, 25, 14, 27, 16, 28, 30], [24, 5, 11, 4, 9, 29, 10, 26, 13, 2, 23, 12, 20, 22, 8, 17, 7, 18, 19, 1, 21, 15, 3, 6, 25, 14, 27, 16, 28, 30], [24, 5, 11, 4, 9, 29, 10, 26, 13, 2, 23, 12, 20, 22, 8, 17, 7, 18, 19, 1, 21, 15, 3, 6, 25, 14, 27, 28, 16, 30], [24, 5, 11, 4, 9, 16, 10, 26, 13, 2, 23, 12, 20, 22, 8, 17, 7, 18, 19, 1, 21, 15, 3, 6, 25, 14, 27, 28, 29, 30], [24, 5, 11, 4, 9, 16, 10, 26, 13, 2, 3, 12, 20, 22, 8, 17, 7, 18, 19, 1, 21, 15, 23, 6, 25, 14, 27, 28, 29, 30], [24, 5, 11, 4, 9, 16, 10, 26, 13, 2, 3, 12, 1, 22, 8, 17, 7, 18, 19, 20, 21, 15, 23, 6, 25, 14, 27, 28, 29, 30], [24, 5, 11, 4, 9, 16, 10, 26, 13, 2, 3, 12, 1, 22, 15, 17, 7, 18, 19, 20, 21, 8, 23, 6, 25, 14, 27, 28, 29, 30], [24, 5, 11, 4, 9, 16, 10, 26, 13, 2, 3, 12, 1, 8, 15, 17, 7, 18, 19, 20, 21, 22, 23, 6, 25, 14, 27, 28, 29, 30], [24, 5, 11, 4, 9, 16, 10, 26, 13, 2, 3, 12, 1, 14, 15, 17, 7, 18, 19, 20, 21, 22, 23, 6, 25, 8, 27, 28, 29, 30], [24, 5, 11, 4, 9, 16, 10, 8, 13, 2, 3, 12, 1, 14, 15, 17, 7, 18, 19, 20, 21, 22, 23, 6, 25, 26, 27, 28, 29, 30], [24, 5, 11, 4, 9, 16, 10, 8, 1, 2, 3, 12, 13, 14, 15, 17, 7, 18, 19, 20, 21, 22, 23, 6, 25, 26, 27, 28, 29, 30], [24, 5, 11, 4, 9, 16, 10, 8, 1, 2, 3, 12, 13, 14, 15, 7, 17, 18, 19, 20, 21, 22, 23, 6, 25, 26, 27, 28, 29, 30], [24, 5, 11, 4, 9, 16, 7, 8, 1, 2, 3, 12, 13, 14, 15, 10, 17, 18, 19, 20, 21, 22, 23, 6, 25, 26, 27, 28, 29, 30], [24, 5, 11, 4, 9, 16, 7, 8, 1, 10, 3, 12, 13, 14, 15, 2, 17, 18, 19, 20, 21, 22, 23, 6, 25, 26, 27, 28, 29, 30], [24, 2, 11, 4, 9, 16, 7, 8, 1, 10, 3, 12, 13, 14, 15, 5, 17, 18, 19, 20, 21, 22, 23, 6, 25, 26, 27, 28, 29, 30], [24, 2, 11, 4, 9, 6, 7, 8, 1, 10, 3, 12, 13, 14, 15, 5, 17, 18, 19, 20, 21, 22, 23, 16, 25, 26, 27, 28, 29, 30], [24, 2, 11, 4, 9, 6, 7, 8, 1, 10, 3, 12, 13, 14, 15, 16, 17, 18, 19, 20, 21, 22, 23, 5, 25, 26, 27, 28, 29, 30], [24, 2, 11, 4, 5, 6, 7, 8, 1, 10, 3, 12, 13, 14, 15, 16, 17, 18, 19, 20, 21, 22, 23, 9, 25, 26, 27, 28, 29, 30], [9, 2, 11, 4, 5, 6, 7, 8, 1, 10, 3, 12, 13, 14, 15, 16, 17, 18, 19, 20, 21, 22, 23, 24, 25, 26, 27, 28, 29, 30], [1, 2, 11, 4, 5, 6, 7, 8, 9, 10, 3, 12, 13, 14, 15, 16, 17, 18, 19, 20, 21, 22, 23, 24, 25, 26, 27, 28, 29, 30], [1, 2, 3, 4, 5, 6, 7, 8, 9, 10, 11, 12, 13, 14, 15, 16, 17, 18, 19, 20, 21, 22, 23, 24, 25, 26, 27, 28, 29, 30]], pos=[[20, 30, 23, 1, 2, 24, 17, 15, 5, 7, 3, 19, 9, 26, 22, 28, 16, 10, 25, 13, 29, 14, 11, 4, 18, 8, 12, 21, 6, 27], [20, 30, 23, 4, 2, 24, 17, 15, 5, 7, 3, 19, 9, 26, 22, 28, 16, 10, 25, 13, 29, 14, 11, 1, 18, 8, 12, 21, 6, 27], [20, 30, 23, 4, 2, 24, 17, 15, 5, 7, 3, 25, 9, 26, 22, 28, 16, 10, 19, 13, 29, 14, 11, 1, 18, 8, 12, 21, 6, 27], [20, 30, 23, 4, 2, 24, 17, 15, 5, 7, 3, 18, 9, 26, 22, 28, 16, 10, 19, 13, 29, 14, 11, 1, 25, 8, 12, 21, 6, 27], [20, 30, 23, 4, 2, 24, 17, 15, 5, 7, 3, 12, 9, 26, 22, 28, 16, 10, 19, 13, 29, 14, 11, 1, 25, 8, 18, 21, 6, 27], [20, 30, 23, 4, 2, 24, 17, 15, 5, 7, 3, 12, 9, 26, 22, 28, 16, 10, 19, 13, 21, 14, 11, 1, 25, 8, 18, 29, 6, 27], [20, 27, 23, 4, 2, 24, 17, 15, 5, 7, 3, 12, 9, 26, 22, 28, 16, 10, 19, 13, 21, 14, 11, 1, 25, 8, 18, 29, 6, 30], [20, 18, 23, 4, 2, 24, 17, 15, 5, 7, 3, 12, 9, 26, 22, 28, 16, 10, 19, 13, 21, 14, 11, 1, 25, 8, 27, 29, 6, 30], [20, 10, 23, 4, 2, 24, 17, 15, 5, 7, 3, 12, 9, 26, 22, 28, 16, 18, 19, 13, 21, 14, 11, 1, 25, 8, 27, 29, 6, 30], [20, 10, 23, 4, 2, 24, 17, 15, 5, 7, 3, 12, 9, 26, 22, 29, 16, 18, 19, 13, 21, 14, 11, 1, 25, 8, 27, 28, 6, 30], [20, 10, 23, 4, 2, 24, 17, 15, 5, 7, 3, 12, 9, 26, 22, 6, 16, 18, 19, 13, 21, 14, 11, 1, 25, 8, 27, 28, 29, 30], [20, 10, 11, 4, 2, 24, 17, 15, 5, 7, 3, 12, 9, 26, 22, 6, 16, 18, 19, 13, 21, 14, 23, 1, 25, 8, 27, 28, 29, 30], [13, 10, 11, 4, 2, 24, 17, 15, 5, 7, 3, 12, 9, 26, 22, 6, 16, 18, 19, 20, 21, 14, 23, 1, 25, 8, 27, 28, 29, 30], [13, 10, 11, 4, 2, 24, 17, 22, 5, 7, 3, 12, 9, 26, 15, 6, 16, 18, 19, 20, 21, 14, 23, 1, 25, 8, 27, 28, 29, 30], [13, 10, 11, 4, 2, 24, 17, 14, 5, 7, 3, 12, 9, 26, 15, 6, 16, 18, 19, 20, 21, 22, 23, 1, 25, 8, 27, 28, 29, 30], [13, 10, 11, 4, 2, 24, 17, 26, 5, 7, 3, 12, 9, 14, 15, 6, 16, 18, 19, 20, 21, 22, 23, 1, 25, 8, 27, 28, 29, 30], [13, 10, 11, 4, 2, 24, 17, 8, 5, 7, 3, 12, 9, 14, 15, 6, 16, 18, 19, 20, 21, 22, 23, 1, 25, 26, 27, 28, 29, 30], [9, 10, 11, 4, 2, 24, 17, 8, 5, 7, 3, 12, 13, 14, 15, 6, 16, 18, 19, 20, 21, 22, 23, 1, 25, 26, 27, 28, 29, 30], [9, 10, 11, 4, 2, 24, 16, 8, 5, 7, 3, 12, 13, 14, 15, 6, 17, 18, 19, 20, 21, 22, 23, 1, 25, 26, 27, 28, 29, 30], [9, 10, 11, 4, 2, 24, 7, 8, 5, 16, 3, 12, 13, 14, 15, 6, 17, 18, 19, 20, 21, 22, 23, 1, 25, 26, 27, 28, 29, 30], [9, 16, 11, 4, 2, 24, 7, 8, 5, 10, 3, 12, 13, 14, 15, 6, 17, 18, 19, 20, 21, 22, 23, 1, 25, 26, 27, 28, 29, 30], [9, 2, 11, 4, 16, 24, 7, 8, 5, 10, 3, 12, 13, 14, 15, 6, 17, 18, 19, 20, 21, 22, 23, 1, 25, 26, 27, 28, 29, 30], [9, 2, 11, 4, 16, 6, 7, 8, 5, 10, 3, 12, 13, 14, 15, 24, 17, 18, 19, 20, 21, 22, 23, 1, 25, 26, 27, 28, 29, 30], [9, 2, 11, 4, 24, 6, 7, 8, 5, 10, 3, 12, 13, 14, 15, 16, 17, 18, 19, 20, 21, 22, 23, 1, 25, 26, 27, 28, 29, 30], [9, 2, 11, 4, 5, 6, 7, 8, 24, 10, 3, 12, 13, 14, 15, 16, 17, 18, 19, 20, 21, 22, 23, 1, 25, 26, 27, 28, 29, 30], [9, 2, 11, 4, 5, 6, 7, 8, 1, 10, 3, 12, 13, 14, 15, 16, 17, 18, 19, 20, 21, 22, 23, 24, 25, 26, 27, 28, 29, 30], [1, 2, 11, 4, 5, 6, 7, 8, 9, 10, 3, 12, 13, 14, 15, 16, 17, 18, 19, 20, 21, 22, 23, 24, 25, 26, 27, 28, 29, 30], [1, 2, 3, 4, 5, 6, 7, 8, 9, 10, 11, 12, 13, 14, 15, 16, 17, 18, 19, 20, 21, 22, 23, 24, 25, 26, 27, 28, 29, 30]], idx1=[1, 19, 18, 12, 21, 27, 18, 10, 28, 6, 11, 13, 15, 14, 14, 8, 9, 16, 7, 10, 2, 6, 16, 5, 1, 1, 3], idx2=[4, 25, 25, 18, 29, 30, 27, 18, 29, 29, 23, 20, 22, 22, 26, 26, 13, 17, 16, 16, 16, 24, 24, 24, 24, 9, 11], _checker='')