============================================================
BENCHMARK ID: 27 | DIMENSIONE: 15 | STRATEGIA: firstfail
============================================================

Input Vector: [14, 1, 8, 9, 4, 5, 15, 13, 12, 2, 3, 7, 6, 11, 10]

STATO: RISOLTO
K: 14
TEMPO: 0.2660s
----------------------------------------
PIANO:
Solution(v=[[14, 1, 8, 9, 4, 5, 15, 13, 12, 2, 3, 7, 6, 11, 10], [14, 2, 8, 9, 4, 5, 15, 13, 12, 1, 3, 7, 6, 11, 10], [14, 2, 8, 9, 4, 5, 15, 13, 12, 10, 3, 7, 6, 11, 1], [14, 2, 8, 9, 4, 5, 1, 13, 12, 10, 3, 7, 6, 11, 15], [14, 2, 8, 9, 4, 5, 7, 13, 12, 10, 3, 1, 6, 11, 15], [14, 2, 8, 9, 4, 5, 7, 13, 1, 10, 3, 12, 6, 11, 15], [14, 2, 8, 1, 4, 5, 7, 13, 9, 10, 3, 12, 6, 11, 15], [14, 2, 8, 1, 4, 6, 7, 13, 9, 10, 3, 12, 5, 11, 15], [14, 2, 8, 1, 4, 6, 7, 13, 9, 10, 11, 12, 5, 3, 15], [3, 2, 8, 1, 4, 6, 7, 13, 9, 10, 11, 12, 5, 14, 15], [3, 2, 8, 1, 4, 6, 7, 5, 9, 10, 11, 12, 13, 14, 15], [3, 2, 5, 1, 4, 6, 7, 8, 9, 10, 11, 12, 13, 14, 15], [3, 2, 5, 4, 1, 6, 7, 8, 9, 10, 11, 12, 13, 14, 15], [3, 2, 1, 4, 5, 6, 7, 8, 9, 10, 11, 12, 13, 14, 15], [1, 2, 3, 4, 5, 6, 7, 8, 9, 10, 11, 12, 13, 14, 15]], pos=[[2, 10, 11, 5, 6, 13, 12, 3, 4, 15, 14, 9, 8, 1, 7], [10, 2, 11, 5, 6, 13, 12, 3, 4, 15, 14, 9, 8, 1, 7], [15, 2, 11, 5, 6, 13, 12, 3, 4, 10, 14, 9, 8, 1, 7], [7, 2, 11, 5, 6, 13, 12, 3, 4, 10, 14, 9, 8, 1, 15], [12, 2, 11, 5, 6, 13, 7, 3, 4, 10, 14, 9, 8, 1, 15], [9, 2, 11, 5, 6, 13, 7, 3, 4, 10, 14, 12, 8, 1, 15], [4, 2, 11, 5, 6, 13, 7, 3, 9, 10, 14, 12, 8, 1, 15], [4, 2, 11, 5, 13, 6, 7, 3, 9, 10, 14, 12, 8, 1, 15], [4, 2, 14, 5, 13, 6, 7, 3, 9, 10, 11, 12, 8, 1, 15], [4, 2, 1, 5, 13, 6, 7, 3, 9, 10, 11, 12, 8, 14, 15], [4, 2, 1, 5, 8, 6, 7, 3, 9, 10, 11, 12, 13, 14, 15], [4, 2, 1, 5, 3, 6, 7, 8, 9, 10, 11, 12, 13, 14, 15], [5, 2, 1, 4, 3, 6, 7, 8, 9, 10, 11, 12, 13, 14, 15], [3, 2, 1, 4, 5, 6, 7, 8, 9, 10, 11, 12, 13, 14, 15], [1, 2, 3, 4, 5, 6, 7, 8, 9, 10, 11, 12, 13, 14, 15]], idx1=[2, 10, 7, 7, 9, 4, 6, 11, 1, 8, 3, 4, 3, 1], idx2=[10, 15, 15, 12, 12, 9, 13, 14, 14, 13, 8, 5, 5, 3], _checker='')