============================================================
BENCHMARK ID: 37 | DIMENSIONE: 20 | STRATEGIA: firstfail
============================================================

Input Vector: [18, 12, 10, 4, 16, 13, 8, 6, 15, 20, 11, 19, 3, 1, 17, 9, 14, 7, 5, 2]

STATO: RISOLTO
K: 17
TEMPO: 0.2950s
----------------------------------------
PIANO:
Solution(v=[[18, 12, 10, 4, 16, 13, 8, 6, 15, 20, 11, 19, 3, 1, 17, 9, 14, 7, 5, 2], [18, 19, 10, 4, 16, 13, 8, 6, 15, 20, 11, 12, 3, 1, 17, 9, 14, 7, 5, 2], [18, 19, 10, 4, 5, 13, 8, 6, 15, 20, 11, 12, 3, 1, 17, 9, 14, 7, 16, 2], [18, 19, 10, 4, 5, 13, 8, 6, 15, 20, 11, 12, 3, 1, 14, 9, 17, 7, 16, 2], [18, 19, 10, 4, 5, 13, 8, 6, 15, 20, 11, 12, 3, 14, 1, 9, 17, 7, 16, 2], [18, 19, 10, 4, 5, 13, 8, 6, 1, 20, 11, 12, 3, 14, 15, 9, 17, 7, 16, 2], [1, 19, 10, 4, 5, 13, 8, 6, 18, 20, 11, 12, 3, 14, 15, 9, 17, 7, 16, 2], [1, 19, 10, 4, 5, 13, 8, 6, 18, 20, 11, 12, 3, 14, 15, 16, 17, 7, 9, 2], [1, 9, 10, 4, 5, 13, 8, 6, 18, 20, 11, 12, 3, 14, 15, 16, 17, 7, 19, 2], [1, 9, 3, 4, 5, 13, 8, 6, 18, 20, 11, 12, 10, 14, 15, 16, 17, 7, 19, 2], [1, 9, 3, 4, 5, 13, 8, 6, 18, 10, 11, 12, 20, 14, 15, 16, 17, 7, 19, 2], [1, 9, 3, 4, 5, 13, 8, 6, 18, 10, 11, 12, 2, 14, 15, 16, 17, 7, 19, 20], [1, 2, 3, 4, 5, 13, 8, 6, 18, 10, 11, 12, 9, 14, 15, 16, 17, 7, 19, 20], [1, 2, 3, 4, 5, 13, 7, 6, 18, 10, 11, 12, 9, 14, 15, 16, 17, 8, 19, 20], [1, 2, 3, 4, 5, 13, 7, 6, 9, 10, 11, 12, 18, 14, 15, 16, 17, 8, 19, 20], [1, 2, 3, 4, 5, 13, 7, 6, 9, 10, 11, 12, 8, 14, 15, 16, 17, 18, 19, 20], [1, 2, 3, 4, 5, 13, 7, 8, 9, 10, 11, 12, 6, 14, 15, 16, 17, 18, 19, 20], [1, 2, 3, 4, 5, 6, 7, 8, 9, 10, 11, 12, 13, 14, 15, 16, 17, 18, 19, 20]], pos=[[14, 20, 13, 4, 19, 8, 18, 7, 16, 3, 11, 2, 6, 17, 9, 5, 15, 1, 12, 10], [14, 20, 13, 4, 19, 8, 18, 7, 16, 3, 11, 12, 6, 17, 9, 5, 15, 1, 2, 10], [14, 20, 13, 4, 5, 8, 18, 7, 16, 3, 11, 12, 6, 17, 9, 19, 15, 1, 2, 10], [14, 20, 13, 4, 5, 8, 18, 7, 16, 3, 11, 12, 6, 15, 9, 19, 17, 1, 2, 10], [15, 20, 13, 4, 5, 8, 18, 7, 16, 3, 11, 12, 6, 14, 9, 19, 17, 1, 2, 10], [9, 20, 13, 4, 5, 8, 18, 7, 16, 3, 11, 12, 6, 14, 15, 19, 17, 1, 2, 10], [1, 20, 13, 4, 5, 8, 18, 7, 16, 3, 11, 12, 6, 14, 15, 19, 17, 9, 2, 10], [1, 20, 13, 4, 5, 8, 18, 7, 19, 3, 11, 12, 6, 14, 15, 16, 17, 9, 2, 10], [1, 20, 13, 4, 5, 8, 18, 7, 2, 3, 11, 12, 6, 14, 15, 16, 17, 9, 19, 10], [1, 20, 3, 4, 5, 8, 18, 7, 2, 13, 11, 12, 6, 14, 15, 16, 17, 9, 19, 10], [1, 20, 3, 4, 5, 8, 18, 7, 2, 10, 11, 12, 6, 14, 15, 16, 17, 9, 19, 13], [1, 13, 3, 4, 5, 8, 18, 7, 2, 10, 11, 12, 6, 14, 15, 16, 17, 9, 19, 20], [1, 2, 3, 4, 5, 8, 18, 7, 13, 10, 11, 12, 6, 14, 15, 16, 17, 9, 19, 20], [1, 2, 3, 4, 5, 8, 7, 18, 13, 10, 11, 12, 6, 14, 15, 16, 17, 9, 19, 20], [1, 2, 3, 4, 5, 8, 7, 18, 9, 10, 11, 12, 6, 14, 15, 16, 17, 13, 19, 20], [1, 2, 3, 4, 5, 8, 7, 13, 9, 10, 11, 12, 6, 14, 15, 16, 17, 18, 19, 20], [1, 2, 3, 4, 5, 13, 7, 8, 9, 10, 11, 12, 6, 14, 15, 16, 17, 18, 19, 20], [1, 2, 3, 4, 5, 6, 7, 8, 9, 10, 11, 12, 13, 14, 15, 16, 17, 18, 19, 20]], idx1=[2, 5, 15, 14, 9, 1, 16, 2, 3, 10, 13, 2, 7, 9, 13, 8, 6], idx2=[12, 19, 17, 15, 15, 9, 19, 19, 13, 13, 20, 13, 18, 13, 18, 13, 13], _checker='')