============================================================
BENCHMARK ID: 46 | DIMENSIONE: 25 | STRATEGIA: firstfail
============================================================

Input Vector: [7, 16, 24, 23, 5, 22, 15, 12, 14, 1, 10, 18, 8, 3, 13, 20, 9, 6, 2, 21, 17, 4, 19, 11, 25]

STATO: RISOLTO
K: 22
TEMPO: 0.2840s
----------------------------------------
PIANO:
Solution(v=[[7, 16, 24, 23, 5, 22, 15, 12, 14, 1, 10, 18, 8, 3, 13, 20, 9, 6, 2, 21, 17, 4, 19, 11, 25], [7, 16, 24, 23, 5, 22, 15, 12, 14, 1, 10, 18, 8, 3, 13, 20, 9, 6, 2, 17, 21, 4, 19, 11, 25], [7, 16, 24, 23, 5, 22, 15, 12, 14, 1, 10, 18, 8, 3, 13, 20, 17, 6, 2, 9, 21, 4, 19, 11, 25], [7, 16, 24, 23, 5, 22, 15, 12, 9, 1, 10, 18, 8, 3, 13, 20, 17, 6, 2, 14, 21, 4, 19, 11, 25], [7, 16, 24, 23, 5, 22, 15, 12, 9, 1, 10, 18, 8, 14, 13, 20, 17, 6, 2, 3, 21, 4, 19, 11, 25], [7, 16, 24, 23, 5, 22, 15, 12, 9, 1, 10, 18, 8, 14, 13, 3, 17, 6, 2, 20, 21, 4, 19, 11, 25], [7, 3, 24, 23, 5, 22, 15, 12, 9, 1, 10, 18, 8, 14, 13, 16, 17, 6, 2, 20, 21, 4, 19, 11, 25], [7, 3, 24, 23, 5, 22, 15, 12, 9, 1, 11, 18, 8, 14, 13, 16, 17, 6, 2, 20, 21, 4, 19, 10, 25], [7, 3, 24, 23, 5, 22, 15, 12, 9, 1, 11, 6, 8, 14, 13, 16, 17, 18, 2, 20, 21, 4, 19, 10, 25], [7, 3, 24, 23, 5, 22, 15, 6, 9, 1, 11, 12, 8, 14, 13, 16, 17, 18, 2, 20, 21, 4, 19, 10, 25], [7, 3, 24, 23, 5, 22, 15, 6, 9, 10, 11, 12, 8, 14, 13, 16, 17, 18, 2, 20, 21, 4, 19, 1, 25], [7, 3, 24, 23, 5, 22, 15, 6, 9, 10, 11, 12, 8, 14, 13, 16, 17, 18, 19, 20, 21, 4, 2, 1, 25], [7, 2, 24, 23, 5, 22, 15, 6, 9, 10, 11, 12, 8, 14, 13, 16, 17, 18, 19, 20, 21, 4, 3, 1, 25], [7, 2, 24, 23, 5, 22, 15, 8, 9, 10, 11, 12, 6, 14, 13, 16, 17, 18, 19, 20, 21, 4, 3, 1, 25], [7, 2, 24, 23, 5, 22, 15, 8, 9, 10, 11, 12, 13, 14, 6, 16, 17, 18, 19, 20, 21, 4, 3, 1, 25], [7, 2, 24, 23, 5, 6, 15, 8, 9, 10, 11, 12, 13, 14, 22, 16, 17, 18, 19, 20, 21, 4, 3, 1, 25], [7, 2, 24, 23, 5, 6, 15, 8, 9, 10, 11, 12, 13, 14, 4, 16, 17, 18, 19, 20, 21, 22, 3, 1, 25], [7, 2, 24, 4, 5, 6, 15, 8, 9, 10, 11, 12, 13, 14, 23, 16, 17, 18, 19, 20, 21, 22, 3, 1, 25], [7, 2, 24, 4, 5, 6, 15, 8, 9, 10, 11, 12, 13, 14, 3, 16, 17, 18, 19, 20, 21, 22, 23, 1, 25], [7, 2, 3, 4, 5, 6, 15, 8, 9, 10, 11, 12, 13, 14, 24, 16, 17, 18, 19, 20, 21, 22, 23, 1, 25], [7, 2, 3, 4, 5, 6, 24, 8, 9, 10, 11, 12, 13, 14, 15, 16, 17, 18, 19, 20, 21, 22, 23, 1, 25], [7, 2, 3, 4, 5, 6, 1, 8, 9, 10, 11, 12, 13, 14, 15, 16, 17, 18, 19, 20, 21, 22, 23, 24, 25], [1, 2, 3, 4, 5, 6, 7, 8, 9, 10, 11, 12, 13, 14, 15, 16, 17, 18, 19, 20, 21, 22, 23, 24, 25]], pos=[[10, 19, 14, 22, 5, 18, 1, 13, 17, 11, 24, 8, 15, 9, 7, 2, 21, 12, 23, 16, 20, 6, 4, 3, 25], [10, 19, 14, 22, 5, 18, 1, 13, 17, 11, 24, 8, 15, 9, 7, 2, 20, 12, 23, 16, 21, 6, 4, 3, 25], [10, 19, 14, 22, 5, 18, 1, 13, 20, 11, 24, 8, 15, 9, 7, 2, 17, 12, 23, 16, 21, 6, 4, 3, 25], [10, 19, 14, 22, 5, 18, 1, 13, 9, 11, 24, 8, 15, 20, 7, 2, 17, 12, 23, 16, 21, 6, 4, 3, 25], [10, 19, 20, 22, 5, 18, 1, 13, 9, 11, 24, 8, 15, 14, 7, 2, 17, 12, 23, 16, 21, 6, 4, 3, 25], [10, 19, 16, 22, 5, 18, 1, 13, 9, 11, 24, 8, 15, 14, 7, 2, 17, 12, 23, 20, 21, 6, 4, 3, 25], [10, 19, 2, 22, 5, 18, 1, 13, 9, 11, 24, 8, 15, 14, 7, 16, 17, 12, 23, 20, 21, 6, 4, 3, 25], [10, 19, 2, 22, 5, 18, 1, 13, 9, 24, 11, 8, 15, 14, 7, 16, 17, 12, 23, 20, 21, 6, 4, 3, 25], [10, 19, 2, 22, 5, 12, 1, 13, 9, 24, 11, 8, 15, 14, 7, 16, 17, 18, 23, 20, 21, 6, 4, 3, 25], [10, 19, 2, 22, 5, 8, 1, 13, 9, 24, 11, 12, 15, 14, 7, 16, 17, 18, 23, 20, 21, 6, 4, 3, 25], [24, 19, 2, 22, 5, 8, 1, 13, 9, 10, 11, 12, 15, 14, 7, 16, 17, 18, 23, 20, 21, 6, 4, 3, 25], [24, 23, 2, 22, 5, 8, 1, 13, 9, 10, 11, 12, 15, 14, 7, 16, 17, 18, 19, 20, 21, 6, 4, 3, 25], [24, 2, 23, 22, 5, 8, 1, 13, 9, 10, 11, 12, 15, 14, 7, 16, 17, 18, 19, 20, 21, 6, 4, 3, 25], [24, 2, 23, 22, 5, 13, 1, 8, 9, 10, 11, 12, 15, 14, 7, 16, 17, 18, 19, 20, 21, 6, 4, 3, 25], [24, 2, 23, 22, 5, 15, 1, 8, 9, 10, 11, 12, 13, 14, 7, 16, 17, 18, 19, 20, 21, 6, 4, 3, 25], [24, 2, 23, 22, 5, 6, 1, 8, 9, 10, 11, 12, 13, 14, 7, 16, 17, 18, 19, 20, 21, 15, 4, 3, 25], [24, 2, 23, 15, 5, 6, 1, 8, 9, 10, 11, 12, 13, 14, 7, 16, 17, 18, 19, 20, 21, 22, 4, 3, 25], [24, 2, 23, 4, 5, 6, 1, 8, 9, 10, 11, 12, 13, 14, 7, 16, 17, 18, 19, 20, 21, 22, 15, 3, 25], [24, 2, 15, 4, 5, 6, 1, 8, 9, 10, 11, 12, 13, 14, 7, 16, 17, 18, 19, 20, 21, 22, 23, 3, 25], [24, 2, 3, 4, 5, 6, 1, 8, 9, 10, 11, 12, 13, 14, 7, 16, 17, 18, 19, 20, 21, 22, 23, 15, 25], [24, 2, 3, 4, 5, 6, 1, 8, 9, 10, 11, 12, 13, 14, 15, 16, 17, 18, 19, 20, 21, 22, 23, 7, 25], [7, 2, 3, 4, 5, 6, 1, 8, 9, 10, 11, 12, 13, 14, 15, 16, 17, 18, 19, 20, 21, 22, 23, 24, 25], [1, 2, 3, 4, 5, 6, 7, 8, 9, 10, 11, 12, 13, 14, 15, 16, 17, 18, 19, 20, 21, 22, 23, 24, 25]], idx1=[20, 17, 9, 14, 16, 2, 11, 12, 8, 10, 19, 2, 8, 13, 6, 15, 4, 15, 3, 7, 7, 1], idx2=[21, 20, 20, 20, 20, 16, 24, 18, 12, 24, 23, 23, 13, 15, 15, 22, 15, 23, 15, 15, 24, 7], _checker='')