============================================================
BENCHMARK ID: 11 | DIMENSIONE: 10 | STRATEGIA: firstfail
============================================================

Input Vector: [10, 9, 5, 2, 4, 1, 7, 6, 8, 3]

STATO: RISOLTO
K: 8
TEMPO: 0.2920s
----------------------------------------
PIANO:
Solution(v=[[10, 9, 5, 2, 4, 1, 7, 6, 8, 3], [10, 9, 5, 2, 4, 1, 7, 8, 6, 3], [10, 6, 5, 2, 4, 1, 7, 8, 9, 3], [10, 6, 4, 2, 5, 1, 7, 8, 9, 3], [10, 6, 3, 2, 5, 1, 7, 8, 9, 4], [4, 6, 3, 2, 5, 1, 7, 8, 9, 10], [1, 6, 3, 2, 5, 4, 7, 8, 9, 10], [1, 4, 3, 2, 5, 6, 7, 8, 9, 10], [1, 2, 3, 4, 5, 6, 7, 8, 9, 10]], pos=[[6, 4, 10, 5, 3, 8, 7, 9, 2, 1], [6, 4, 10, 5, 3, 9, 7, 8, 2, 1], [6, 4, 10, 5, 3, 2, 7, 8, 9, 1], [6, 4, 10, 3, 5, 2, 7, 8, 9, 1], [6, 4, 3, 10, 5, 2, 7, 8, 9, 1], [6, 4, 3, 1, 5, 2, 7, 8, 9, 10], [1, 4, 3, 6, 5, 2, 7, 8, 9, 10], [1, 4, 3, 2, 5, 6, 7, 8, 9, 10], [1, 2, 3, 4, 5, 6, 7, 8, 9, 10]], idx1=[8, 2, 3, 3, 1, 1, 2, 2], idx2=[9, 9, 5, 10, 10, 6, 6, 4], _checker='')