============================================================
BENCHMARK ID: 48 | DIMENSIONE: 25 | STRATEGIA: firstfail
============================================================

Input Vector: [4, 5, 15, 25, 2, 21, 23, 17, 19, 18, 14, 9, 16, 6, 12, 20, 1, 22, 8, 24, 10, 13, 11, 3, 7]

STATO: RISOLTO
K: 23
TEMPO: 0.2800s
----------------------------------------
PIANO:
Solution(v=[[4, 5, 15, 25, 2, 21, 23, 17, 19, 18, 14, 9, 16, 6, 12, 20, 1, 22, 8, 24, 10, 13, 11, 3, 7], [4, 5, 15, 25, 2, 21, 23, 17, 19, 18, 14, 9, 16, 6, 12, 24, 1, 22, 8, 20, 10, 13, 11, 3, 7], [4, 5, 15, 25, 2, 21, 23, 17, 19, 18, 14, 9, 24, 6, 12, 16, 1, 22, 8, 20, 10, 13, 11, 3, 7], [4, 5, 15, 25, 2, 21, 23, 17, 19, 18, 14, 9, 13, 6, 12, 16, 1, 22, 8, 20, 10, 24, 11, 3, 7], [4, 5, 15, 25, 2, 21, 23, 17, 19, 18, 14, 9, 13, 6, 12, 16, 1, 22, 8, 20, 10, 3, 11, 24, 7], [4, 5, 15, 25, 2, 21, 23, 17, 19, 18, 14, 9, 13, 6, 12, 16, 1, 3, 8, 20, 10, 22, 11, 24, 7], [4, 5, 3, 25, 2, 21, 23, 17, 19, 18, 14, 9, 13, 6, 12, 16, 1, 15, 8, 20, 10, 22, 11, 24, 7], [4, 5, 3, 25, 2, 21, 23, 17, 19, 18, 14, 12, 13, 6, 9, 16, 1, 15, 8, 20, 10, 22, 11, 24, 7], [4, 5, 3, 25, 2, 21, 23, 17, 9, 18, 14, 12, 13, 6, 19, 16, 1, 15, 8, 20, 10, 22, 11, 24, 7], [4, 5, 3, 25, 2, 21, 23, 17, 9, 10, 14, 12, 13, 6, 19, 16, 1, 15, 8, 20, 18, 22, 11, 24, 7], [4, 5, 3, 25, 2, 18, 23, 17, 9, 10, 14, 12, 13, 6, 19, 16, 1, 15, 8, 20, 21, 22, 11, 24, 7], [4, 5, 3, 25, 2, 18, 7, 17, 9, 10, 14, 12, 13, 6, 19, 16, 1, 15, 8, 20, 21, 22, 11, 24, 23], [4, 5, 3, 25, 2, 18, 7, 17, 9, 10, 14, 12, 13, 6, 15, 16, 1, 19, 8, 20, 21, 22, 11, 24, 23], [4, 5, 3, 25, 2, 19, 7, 17, 9, 10, 14, 12, 13, 6, 15, 16, 1, 18, 8, 20, 21, 22, 11, 24, 23], [4, 5, 3, 25, 2, 19, 7, 17, 9, 10, 14, 12, 13, 6, 15, 16, 1, 18, 8, 20, 21, 22, 23, 24, 11], [4, 5, 3, 25, 2, 19, 7, 17, 9, 10, 11, 12, 13, 6, 15, 16, 1, 18, 8, 20, 21, 22, 23, 24, 14], [4, 5, 3, 14, 2, 19, 7, 17, 9, 10, 11, 12, 13, 6, 15, 16, 1, 18, 8, 20, 21, 22, 23, 24, 25], [14, 5, 3, 4, 2, 19, 7, 17, 9, 10, 11, 12, 13, 6, 15, 16, 1, 18, 8, 20, 21, 22, 23, 24, 25], [14, 5, 3, 4, 2, 19, 7, 1, 9, 10, 11, 12, 13, 6, 15, 16, 17, 18, 8, 20, 21, 22, 23, 24, 25], [14, 5, 3, 4, 2, 19, 7, 8, 9, 10, 11, 12, 13, 6, 15, 16, 17, 18, 1, 20, 21, 22, 23, 24, 25], [1, 5, 3, 4, 2, 19, 7, 8, 9, 10, 11, 12, 13, 6, 15, 16, 17, 18, 14, 20, 21, 22, 23, 24, 25], [1, 2, 3, 4, 5, 19, 7, 8, 9, 10, 11, 12, 13, 6, 15, 16, 17, 18, 14, 20, 21, 22, 23, 24, 25], [1, 2, 3, 4, 5, 14, 7, 8, 9, 10, 11, 12, 13, 6, 15, 16, 17, 18, 19, 20, 21, 22, 23, 24, 25], [1, 2, 3, 4, 5, 6, 7, 8, 9, 10, 11, 12, 13, 14, 15, 16, 17, 18, 19, 20, 21, 22, 23, 24, 25]], pos=[[17, 5, 24, 1, 2, 14, 25, 19, 12, 21, 23, 15, 22, 11, 3, 13, 8, 10, 9, 16, 6, 18, 7, 20, 4], [17, 5, 24, 1, 2, 14, 25, 19, 12, 21, 23, 15, 22, 11, 3, 13, 8, 10, 9, 20, 6, 18, 7, 16, 4], [17, 5, 24, 1, 2, 14, 25, 19, 12, 21, 23, 15, 22, 11, 3, 16, 8, 10, 9, 20, 6, 18, 7, 13, 4], [17, 5, 24, 1, 2, 14, 25, 19, 12, 21, 23, 15, 13, 11, 3, 16, 8, 10, 9, 20, 6, 18, 7, 22, 4], [17, 5, 22, 1, 2, 14, 25, 19, 12, 21, 23, 15, 13, 11, 3, 16, 8, 10, 9, 20, 6, 18, 7, 24, 4], [17, 5, 18, 1, 2, 14, 25, 19, 12, 21, 23, 15, 13, 11, 3, 16, 8, 10, 9, 20, 6, 22, 7, 24, 4], [17, 5, 3, 1, 2, 14, 25, 19, 12, 21, 23, 15, 13, 11, 18, 16, 8, 10, 9, 20, 6, 22, 7, 24, 4], [17, 5, 3, 1, 2, 14, 25, 19, 15, 21, 23, 12, 13, 11, 18, 16, 8, 10, 9, 20, 6, 22, 7, 24, 4], [17, 5, 3, 1, 2, 14, 25, 19, 9, 21, 23, 12, 13, 11, 18, 16, 8, 10, 15, 20, 6, 22, 7, 24, 4], [17, 5, 3, 1, 2, 14, 25, 19, 9, 10, 23, 12, 13, 11, 18, 16, 8, 21, 15, 20, 6, 22, 7, 24, 4], [17, 5, 3, 1, 2, 14, 25, 19, 9, 10, 23, 12, 13, 11, 18, 16, 8, 6, 15, 20, 21, 22, 7, 24, 4], [17, 5, 3, 1, 2, 14, 7, 19, 9, 10, 23, 12, 13, 11, 18, 16, 8, 6, 15, 20, 21, 22, 25, 24, 4], [17, 5, 3, 1, 2, 14, 7, 19, 9, 10, 23, 12, 13, 11, 15, 16, 8, 6, 18, 20, 21, 22, 25, 24, 4], [17, 5, 3, 1, 2, 14, 7, 19, 9, 10, 23, 12, 13, 11, 15, 16, 8, 18, 6, 20, 21, 22, 25, 24, 4], [17, 5, 3, 1, 2, 14, 7, 19, 9, 10, 25, 12, 13, 11, 15, 16, 8, 18, 6, 20, 21, 22, 23, 24, 4], [17, 5, 3, 1, 2, 14, 7, 19, 9, 10, 11, 12, 13, 25, 15, 16, 8, 18, 6, 20, 21, 22, 23, 24, 4], [17, 5, 3, 1, 2, 14, 7, 19, 9, 10, 11, 12, 13, 4, 15, 16, 8, 18, 6, 20, 21, 22, 23, 24, 25], [17, 5, 3, 4, 2, 14, 7, 19, 9, 10, 11, 12, 13, 1, 15, 16, 8, 18, 6, 20, 21, 22, 23, 24, 25], [8, 5, 3, 4, 2, 14, 7, 19, 9, 10, 11, 12, 13, 1, 15, 16, 17, 18, 6, 20, 21, 22, 23, 24, 25], [19, 5, 3, 4, 2, 14, 7, 8, 9, 10, 11, 12, 13, 1, 15, 16, 17, 18, 6, 20, 21, 22, 23, 24, 25], [1, 5, 3, 4, 2, 14, 7, 8, 9, 10, 11, 12, 13, 19, 15, 16, 17, 18, 6, 20, 21, 22, 23, 24, 25], [1, 2, 3, 4, 5, 14, 7, 8, 9, 10, 11, 12, 13, 19, 15, 16, 17, 18, 6, 20, 21, 22, 23, 24, 25], [1, 2, 3, 4, 5, 14, 7, 8, 9, 10, 11, 12, 13, 6, 15, 16, 17, 18, 19, 20, 21, 22, 23, 24, 25], [1, 2, 3, 4, 5, 6, 7, 8, 9, 10, 11, 12, 13, 14, 15, 16, 17, 18, 19, 20, 21, 22, 23, 24, 25]], idx1=[16, 13, 13, 22, 18, 3, 12, 9, 10, 6, 7, 15, 6, 23, 11, 4, 1, 8, 8, 1, 2, 6, 6], idx2=[20, 16, 22, 24, 22, 18, 15, 15, 21, 21, 25, 18, 18, 25, 25, 25, 4, 17, 19, 19, 5, 19, 14], _checker='')