============================================================
BENCHMARK ID: 56 | DIMENSIONE: 30 | STRATEGIA: firstfail
============================================================

Input Vector: [23, 11, 6, 5, 28, 8, 1, 19, 2, 25, 9, 26, 12, 30, 22, 4, 13, 10, 21, 7, 15, 24, 27, 17, 20, 16, 29, 14, 18, 3]

STATO: RISOLTO
K: 27
TEMPO: 0.4510s
----------------------------------------
PIANO:
Solution(v=[[23, 11, 6, 5, 28, 8, 1, 19, 2, 25, 9, 26, 12, 30, 22, 4, 13, 10, 21, 7, 15, 24, 27, 17, 20, 16, 29, 14, 18, 3], [23, 11, 6, 5, 28, 8, 1, 19, 9, 25, 2, 26, 12, 30, 22, 4, 13, 10, 21, 7, 15, 24, 27, 17, 20, 16, 29, 14, 18, 3], [23, 11, 6, 5, 28, 8, 1, 19, 9, 10, 2, 26, 12, 30, 22, 4, 13, 25, 21, 7, 15, 24, 27, 17, 20, 16, 29, 14, 18, 3], [23, 11, 6, 5, 28, 8, 1, 19, 9, 10, 2, 26, 12, 30, 22, 4, 17, 25, 21, 7, 15, 24, 27, 13, 20, 16, 29, 14, 18, 3], [23, 11, 6, 5, 28, 8, 1, 19, 9, 10, 2, 26, 12, 30, 22, 4, 17, 25, 21, 7, 15, 24, 27, 13, 20, 16, 18, 14, 29, 3], [23, 11, 6, 5, 28, 8, 1, 19, 9, 10, 2, 26, 12, 30, 22, 4, 17, 25, 21, 7, 15, 24, 18, 13, 20, 16, 27, 14, 29, 3], [18, 11, 6, 5, 28, 8, 1, 19, 9, 10, 2, 26, 12, 30, 22, 4, 17, 25, 21, 7, 15, 24, 23, 13, 20, 16, 27, 14, 29, 3], [18, 11, 6, 5, 28, 8, 1, 19, 9, 10, 2, 26, 13, 30, 22, 4, 17, 25, 21, 7, 15, 24, 23, 12, 20, 16, 27, 14, 29, 3], [18, 11, 6, 5, 28, 8, 1, 19, 9, 10, 2, 26, 13, 30, 15, 4, 17, 25, 21, 7, 22, 24, 23, 12, 20, 16, 27, 14, 29, 3], [18, 11, 6, 5, 28, 8, 1, 19, 9, 10, 2, 26, 13, 30, 15, 16, 17, 25, 21, 7, 22, 24, 23, 12, 20, 4, 27, 14, 29, 3], [18, 11, 6, 5, 28, 8, 1, 19, 9, 10, 2, 26, 13, 30, 15, 16, 17, 25, 21, 20, 22, 24, 23, 12, 7, 4, 27, 14, 29, 3], [18, 11, 6, 5, 28, 8, 1, 19, 9, 10, 2, 26, 13, 30, 15, 16, 17, 25, 21, 20, 22, 12, 23, 24, 7, 4, 27, 14, 29, 3], [18, 11, 6, 5, 28, 8, 1, 19, 9, 10, 2, 12, 13, 30, 15, 16, 17, 25, 21, 20, 22, 26, 23, 24, 7, 4, 27, 14, 29, 3], [18, 11, 6, 5, 28, 8, 1, 19, 9, 10, 2, 12, 13, 30, 15, 16, 17, 25, 22, 20, 21, 26, 23, 24, 7, 4, 27, 14, 29, 3], [18, 11, 6, 5, 28, 8, 1, 19, 9, 10, 2, 12, 13, 30, 15, 16, 17, 25, 26, 20, 21, 22, 23, 24, 7, 4, 27, 14, 29, 3], [18, 11, 6, 5, 28, 8, 1, 19, 9, 10, 2, 12, 13, 30, 15, 16, 17, 25, 4, 20, 21, 22, 23, 24, 7, 26, 27, 14, 29, 3], [18, 11, 6, 5, 28, 8, 1, 4, 9, 10, 2, 12, 13, 30, 15, 16, 17, 25, 19, 20, 21, 22, 23, 24, 7, 26, 27, 14, 29, 3], [18, 11, 6, 4, 28, 8, 1, 5, 9, 10, 2, 12, 13, 30, 15, 16, 17, 25, 19, 20, 21, 22, 23, 24, 7, 26, 27, 14, 29, 3], [18, 11, 6, 4, 28, 8, 1, 5, 9, 10, 2, 12, 13, 3, 15, 16, 17, 25, 19, 20, 21, 22, 23, 24, 7, 26, 27, 14, 29, 30], [18, 11, 3, 4, 28, 8, 1, 5, 9, 10, 2, 12, 13, 6, 15, 16, 17, 25, 19, 20, 21, 22, 23, 24, 7, 26, 27, 14, 29, 30], [18, 11, 3, 4, 28, 8, 7, 5, 9, 10, 2, 12, 13, 6, 15, 16, 17, 25, 19, 20, 21, 22, 23, 24, 1, 26, 27, 14, 29, 30], [18, 11, 3, 4, 28, 8, 7, 5, 9, 10, 2, 12, 13, 14, 15, 16, 17, 25, 19, 20, 21, 22, 23, 24, 1, 26, 27, 6, 29, 30], [18, 11, 3, 4, 28, 6, 7, 5, 9, 10, 2, 12, 13, 14, 15, 16, 17, 25, 19, 20, 21, 22, 23, 24, 1, 26, 27, 8, 29, 30], [18, 11, 3, 4, 28, 6, 7, 5, 9, 10, 2, 12, 13, 14, 15, 16, 17, 1, 19, 20, 21, 22, 23, 24, 25, 26, 27, 8, 29, 30], [1, 11, 3, 4, 28, 6, 7, 5, 9, 10, 2, 12, 13, 14, 15, 16, 17, 18, 19, 20, 21, 22, 23, 24, 25, 26, 27, 8, 29, 30], [1, 2, 3, 4, 28, 6, 7, 5, 9, 10, 11, 12, 13, 14, 15, 16, 17, 18, 19, 20, 21, 22, 23, 24, 25, 26, 27, 8, 29, 30], [1, 2, 3, 4, 8, 6, 7, 5, 9, 10, 11, 12, 13, 14, 15, 16, 17, 18, 19, 20, 21, 22, 23, 24, 25, 26, 27, 28, 29, 30], [1, 2, 3, 4, 5, 6, 7, 8, 9, 10, 11, 12, 13, 14, 15, 16, 17, 18, 19, 20, 21, 22, 23, 24, 25, 26, 27, 28, 29, 30]], pos=[[7, 9, 30, 16, 4, 3, 20, 6, 11, 18, 2, 13, 17, 28, 21, 26, 24, 29, 8, 25, 19, 15, 1, 22, 10, 12, 23, 5, 27, 14], [7, 11, 30, 16, 4, 3, 20, 6, 9, 18, 2, 13, 17, 28, 21, 26, 24, 29, 8, 25, 19, 15, 1, 22, 10, 12, 23, 5, 27, 14], [7, 11, 30, 16, 4, 3, 20, 6, 9, 10, 2, 13, 17, 28, 21, 26, 24, 29, 8, 25, 19, 15, 1, 22, 18, 12, 23, 5, 27, 14], [7, 11, 30, 16, 4, 3, 20, 6, 9, 10, 2, 13, 24, 28, 21, 26, 17, 29, 8, 25, 19, 15, 1, 22, 18, 12, 23, 5, 27, 14], [7, 11, 30, 16, 4, 3, 20, 6, 9, 10, 2, 13, 24, 28, 21, 26, 17, 27, 8, 25, 19, 15, 1, 22, 18, 12, 23, 5, 29, 14], [7, 11, 30, 16, 4, 3, 20, 6, 9, 10, 2, 13, 24, 28, 21, 26, 17, 23, 8, 25, 19, 15, 1, 22, 18, 12, 27, 5, 29, 14], [7, 11, 30, 16, 4, 3, 20, 6, 9, 10, 2, 13, 24, 28, 21, 26, 17, 1, 8, 25, 19, 15, 23, 22, 18, 12, 27, 5, 29, 14], [7, 11, 30, 16, 4, 3, 20, 6, 9, 10, 2, 24, 13, 28, 21, 26, 17, 1, 8, 25, 19, 15, 23, 22, 18, 12, 27, 5, 29, 14], [7, 11, 30, 16, 4, 3, 20, 6, 9, 10, 2, 24, 13, 28, 15, 26, 17, 1, 8, 25, 19, 21, 23, 22, 18, 12, 27, 5, 29, 14], [7, 11, 30, 26, 4, 3, 20, 6, 9, 10, 2, 24, 13, 28, 15, 16, 17, 1, 8, 25, 19, 21, 23, 22, 18, 12, 27, 5, 29, 14], [7, 11, 30, 26, 4, 3, 25, 6, 9, 10, 2, 24, 13, 28, 15, 16, 17, 1, 8, 20, 19, 21, 23, 22, 18, 12, 27, 5, 29, 14], [7, 11, 30, 26, 4, 3, 25, 6, 9, 10, 2, 22, 13, 28, 15, 16, 17, 1, 8, 20, 19, 21, 23, 24, 18, 12, 27, 5, 29, 14], [7, 11, 30, 26, 4, 3, 25, 6, 9, 10, 2, 12, 13, 28, 15, 16, 17, 1, 8, 20, 19, 21, 23, 24, 18, 22, 27, 5, 29, 14], [7, 11, 30, 26, 4, 3, 25, 6, 9, 10, 2, 12, 13, 28, 15, 16, 17, 1, 8, 20, 21, 19, 23, 24, 18, 22, 27, 5, 29, 14], [7, 11, 30, 26, 4, 3, 25, 6, 9, 10, 2, 12, 13, 28, 15, 16, 17, 1, 8, 20, 21, 22, 23, 24, 18, 19, 27, 5, 29, 14], [7, 11, 30, 19, 4, 3, 25, 6, 9, 10, 2, 12, 13, 28, 15, 16, 17, 1, 8, 20, 21, 22, 23, 24, 18, 26, 27, 5, 29, 14], [7, 11, 30, 8, 4, 3, 25, 6, 9, 10, 2, 12, 13, 28, 15, 16, 17, 1, 19, 20, 21, 22, 23, 24, 18, 26, 27, 5, 29, 14], [7, 11, 30, 4, 8, 3, 25, 6, 9, 10, 2, 12, 13, 28, 15, 16, 17, 1, 19, 20, 21, 22, 23, 24, 18, 26, 27, 5, 29, 14], [7, 11, 14, 4, 8, 3, 25, 6, 9, 10, 2, 12, 13, 28, 15, 16, 17, 1, 19, 20, 21, 22, 23, 24, 18, 26, 27, 5, 29, 30], [7, 11, 3, 4, 8, 14, 25, 6, 9, 10, 2, 12, 13, 28, 15, 16, 17, 1, 19, 20, 21, 22, 23, 24, 18, 26, 27, 5, 29, 30], [25, 11, 3, 4, 8, 14, 7, 6, 9, 10, 2, 12, 13, 28, 15, 16, 17, 1, 19, 20, 21, 22, 23, 24, 18, 26, 27, 5, 29, 30], [25, 11, 3, 4, 8, 28, 7, 6, 9, 10, 2, 12, 13, 14, 15, 16, 17, 1, 19, 20, 21, 22, 23, 24, 18, 26, 27, 5, 29, 30], [25, 11, 3, 4, 8, 6, 7, 28, 9, 10, 2, 12, 13, 14, 15, 16, 17, 1, 19, 20, 21, 22, 23, 24, 18, 26, 27, 5, 29, 30], [18, 11, 3, 4, 8, 6, 7, 28, 9, 10, 2, 12, 13, 14, 15, 16, 17, 1, 19, 20, 21, 22, 23, 24, 25, 26, 27, 5, 29, 30], [1, 11, 3, 4, 8, 6, 7, 28, 9, 10, 2, 12, 13, 14, 15, 16, 17, 18, 19, 20, 21, 22, 23, 24, 25, 26, 27, 5, 29, 30], [1, 2, 3, 4, 8, 6, 7, 28, 9, 10, 11, 12, 13, 14, 15, 16, 17, 18, 19, 20, 21, 22, 23, 24, 25, 26, 27, 5, 29, 30], [1, 2, 3, 4, 8, 6, 7, 5, 9, 10, 11, 12, 13, 14, 15, 16, 17, 18, 19, 20, 21, 22, 23, 24, 25, 26, 27, 28, 29, 30], [1, 2, 3, 4, 5, 6, 7, 8, 9, 10, 11, 12, 13, 14, 15, 16, 17, 18, 19, 20, 21, 22, 23, 24, 25, 26, 27, 28, 29, 30]], idx1=[9, 10, 17, 27, 23, 1, 13, 15, 16, 20, 22, 12, 19, 19, 19, 8, 4, 14, 3, 7, 14, 6, 18, 1, 2, 5, 5], idx2=[11, 18, 24, 29, 27, 23, 24, 21, 26, 25, 24, 22, 21, 22, 26, 19, 8, 30, 14, 25, 28, 28, 25, 18, 11, 28, 8], _checker='')