============================================================
BENCHMARK ID: 60 | DIMENSIONE: 30 | STRATEGIA: firstfail
============================================================

Input Vector: [6, 7, 13, 8, 17, 1, 18, 10, 25, 14, 26, 24, 3, 27, 19, 22, 29, 12, 9, 16, 30, 5, 20, 11, 4, 2, 23, 28, 15, 21]

STATO: RISOLTO
K: 24
TEMPO: 1.5490s
----------------------------------------
PIANO:
Solution(v=[[6, 7, 13, 8, 17, 1, 18, 10, 25, 14, 26, 24, 3, 27, 19, 22, 29, 12, 9, 16, 30, 5, 20, 11, 4, 2, 23, 28, 15, 21], [1, 7, 13, 8, 17, 6, 18, 10, 25, 14, 26, 24, 3, 27, 19, 22, 29, 12, 9, 16, 30, 5, 20, 11, 4, 2, 23, 28, 15, 21], [1, 7, 13, 8, 17, 6, 18, 10, 25, 14, 26, 24, 3, 23, 19, 22, 29, 12, 9, 16, 30, 5, 20, 11, 4, 2, 27, 28, 15, 21], [1, 7, 13, 8, 17, 6, 18, 10, 25, 14, 26, 24, 3, 20, 19, 22, 29, 12, 9, 16, 30, 5, 23, 11, 4, 2, 27, 28, 15, 21], [1, 7, 13, 8, 17, 6, 18, 10, 25, 14, 26, 24, 3, 20, 15, 22, 29, 12, 9, 16, 30, 5, 23, 11, 4, 2, 27, 28, 19, 21], [1, 7, 13, 8, 17, 6, 18, 10, 25, 14, 26, 24, 3, 20, 15, 22, 29, 12, 19, 16, 30, 5, 23, 11, 4, 2, 27, 28, 9, 21], [1, 7, 13, 8, 17, 6, 18, 10, 9, 14, 26, 24, 3, 20, 15, 22, 29, 12, 19, 16, 30, 5, 23, 11, 4, 2, 27, 28, 25, 21], [1, 7, 13, 8, 17, 6, 18, 10, 9, 14, 26, 11, 3, 20, 15, 22, 29, 12, 19, 16, 30, 5, 23, 24, 4, 2, 27, 28, 25, 21], [1, 7, 13, 8, 17, 6, 18, 10, 9, 14, 26, 11, 3, 16, 15, 22, 29, 12, 19, 20, 30, 5, 23, 24, 4, 2, 27, 28, 25, 21], [1, 7, 13, 8, 17, 6, 18, 10, 9, 14, 26, 11, 3, 22, 15, 16, 29, 12, 19, 20, 30, 5, 23, 24, 4, 2, 27, 28, 25, 21], [1, 7, 13, 8, 17, 6, 18, 10, 9, 14, 26, 11, 3, 22, 15, 16, 25, 12, 19, 20, 30, 5, 23, 24, 4, 2, 27, 28, 29, 21], [1, 7, 13, 8, 17, 6, 18, 10, 9, 14, 26, 11, 3, 22, 15, 16, 4, 12, 19, 20, 30, 5, 23, 24, 25, 2, 27, 28, 29, 21], [1, 7, 13, 4, 17, 6, 18, 10, 9, 14, 26, 11, 3, 22, 15, 16, 8, 12, 19, 20, 30, 5, 23, 24, 25, 2, 27, 28, 29, 21], [1, 7, 13, 4, 17, 6, 18, 10, 9, 14, 26, 11, 3, 5, 15, 16, 8, 12, 19, 20, 30, 22, 23, 24, 25, 2, 27, 28, 29, 21], [1, 7, 13, 4, 17, 6, 18, 10, 9, 5, 26, 11, 3, 14, 15, 16, 8, 12, 19, 20, 30, 22, 23, 24, 25, 2, 27, 28, 29, 21], [1, 7, 13, 4, 5, 6, 18, 10, 9, 17, 26, 11, 3, 14, 15, 16, 8, 12, 19, 20, 30, 22, 23, 24, 25, 2, 27, 28, 29, 21], [1, 7, 13, 4, 5, 6, 18, 10, 9, 8, 26, 11, 3, 14, 15, 16, 17, 12, 19, 20, 30, 22, 23, 24, 25, 2, 27, 28, 29, 21], [1, 7, 13, 4, 5, 6, 18, 10, 9, 8, 11, 26, 3, 14, 15, 16, 17, 12, 19, 20, 30, 22, 23, 24, 25, 2, 27, 28, 29, 21], [1, 7, 13, 4, 5, 6, 18, 10, 9, 8, 11, 2, 3, 14, 15, 16, 17, 12, 19, 20, 30, 22, 23, 24, 25, 26, 27, 28, 29, 21], [1, 2, 13, 4, 5, 6, 18, 10, 9, 8, 11, 7, 3, 14, 15, 16, 17, 12, 19, 20, 30, 22, 23, 24, 25, 26, 27, 28, 29, 21], [1, 2, 3, 4, 5, 6, 18, 10, 9, 8, 11, 7, 13, 14, 15, 16, 17, 12, 19, 20, 30, 22, 23, 24, 25, 26, 27, 28, 29, 21], [1, 2, 3, 4, 5, 6, 7, 10, 9, 8, 11, 18, 13, 14, 15, 16, 17, 12, 19, 20, 30, 22, 23, 24, 25, 26, 27, 28, 29, 21], [1, 2, 3, 4, 5, 6, 7, 8, 9, 10, 11, 18, 13, 14, 15, 16, 17, 12, 19, 20, 30, 22, 23, 24, 25, 26, 27, 28, 29, 21], [1, 2, 3, 4, 5, 6, 7, 8, 9, 10, 11, 12, 13, 14, 15, 16, 17, 18, 19, 20, 30, 22, 23, 24, 25, 26, 27, 28, 29, 21], [1, 2, 3, 4, 5, 6, 7, 8, 9, 10, 11, 12, 13, 14, 15, 16, 17, 18, 19, 20, 21, 22, 23, 24, 25, 26, 27, 28, 29, 30]], pos=[[6, 26, 13, 25, 22, 1, 2, 4, 19, 8, 24, 18, 3, 10, 29, 20, 5, 7, 15, 23, 30, 16, 27, 12, 9, 11, 14, 28, 17, 21], [1, 26, 13, 25, 22, 6, 2, 4, 19, 8, 24, 18, 3, 10, 29, 20, 5, 7, 15, 23, 30, 16, 27, 12, 9, 11, 14, 28, 17, 21], [1, 26, 13, 25, 22, 6, 2, 4, 19, 8, 24, 18, 3, 10, 29, 20, 5, 7, 15, 23, 30, 16, 14, 12, 9, 11, 27, 28, 17, 21], [1, 26, 13, 25, 22, 6, 2, 4, 19, 8, 24, 18, 3, 10, 29, 20, 5, 7, 15, 14, 30, 16, 23, 12, 9, 11, 27, 28, 17, 21], [1, 26, 13, 25, 22, 6, 2, 4, 19, 8, 24, 18, 3, 10, 15, 20, 5, 7, 29, 14, 30, 16, 23, 12, 9, 11, 27, 28, 17, 21], [1, 26, 13, 25, 22, 6, 2, 4, 29, 8, 24, 18, 3, 10, 15, 20, 5, 7, 19, 14, 30, 16, 23, 12, 9, 11, 27, 28, 17, 21], [1, 26, 13, 25, 22, 6, 2, 4, 9, 8, 24, 18, 3, 10, 15, 20, 5, 7, 19, 14, 30, 16, 23, 12, 29, 11, 27, 28, 17, 21], [1, 26, 13, 25, 22, 6, 2, 4, 9, 8, 12, 18, 3, 10, 15, 20, 5, 7, 19, 14, 30, 16, 23, 24, 29, 11, 27, 28, 17, 21], [1, 26, 13, 25, 22, 6, 2, 4, 9, 8, 12, 18, 3, 10, 15, 14, 5, 7, 19, 20, 30, 16, 23, 24, 29, 11, 27, 28, 17, 21], [1, 26, 13, 25, 22, 6, 2, 4, 9, 8, 12, 18, 3, 10, 15, 16, 5, 7, 19, 20, 30, 14, 23, 24, 29, 11, 27, 28, 17, 21], [1, 26, 13, 25, 22, 6, 2, 4, 9, 8, 12, 18, 3, 10, 15, 16, 5, 7, 19, 20, 30, 14, 23, 24, 17, 11, 27, 28, 29, 21], [1, 26, 13, 17, 22, 6, 2, 4, 9, 8, 12, 18, 3, 10, 15, 16, 5, 7, 19, 20, 30, 14, 23, 24, 25, 11, 27, 28, 29, 21], [1, 26, 13, 4, 22, 6, 2, 17, 9, 8, 12, 18, 3, 10, 15, 16, 5, 7, 19, 20, 30, 14, 23, 24, 25, 11, 27, 28, 29, 21], [1, 26, 13, 4, 14, 6, 2, 17, 9, 8, 12, 18, 3, 10, 15, 16, 5, 7, 19, 20, 30, 22, 23, 24, 25, 11, 27, 28, 29, 21], [1, 26, 13, 4, 10, 6, 2, 17, 9, 8, 12, 18, 3, 14, 15, 16, 5, 7, 19, 20, 30, 22, 23, 24, 25, 11, 27, 28, 29, 21], [1, 26, 13, 4, 5, 6, 2, 17, 9, 8, 12, 18, 3, 14, 15, 16, 10, 7, 19, 20, 30, 22, 23, 24, 25, 11, 27, 28, 29, 21], [1, 26, 13, 4, 5, 6, 2, 10, 9, 8, 12, 18, 3, 14, 15, 16, 17, 7, 19, 20, 30, 22, 23, 24, 25, 11, 27, 28, 29, 21], [1, 26, 13, 4, 5, 6, 2, 10, 9, 8, 11, 18, 3, 14, 15, 16, 17, 7, 19, 20, 30, 22, 23, 24, 25, 12, 27, 28, 29, 21], [1, 12, 13, 4, 5, 6, 2, 10, 9, 8, 11, 18, 3, 14, 15, 16, 17, 7, 19, 20, 30, 22, 23, 24, 25, 26, 27, 28, 29, 21], [1, 2, 13, 4, 5, 6, 12, 10, 9, 8, 11, 18, 3, 14, 15, 16, 17, 7, 19, 20, 30, 22, 23, 24, 25, 26, 27, 28, 29, 21], [1, 2, 3, 4, 5, 6, 12, 10, 9, 8, 11, 18, 13, 14, 15, 16, 17, 7, 19, 20, 30, 22, 23, 24, 25, 26, 27, 28, 29, 21], [1, 2, 3, 4, 5, 6, 7, 10, 9, 8, 11, 18, 13, 14, 15, 16, 17, 12, 19, 20, 30, 22, 23, 24, 25, 26, 27, 28, 29, 21], [1, 2, 3, 4, 5, 6, 7, 8, 9, 10, 11, 18, 13, 14, 15, 16, 17, 12, 19, 20, 30, 22, 23, 24, 25, 26, 27, 28, 29, 21], [1, 2, 3, 4, 5, 6, 7, 8, 9, 10, 11, 12, 13, 14, 15, 16, 17, 18, 19, 20, 30, 22, 23, 24, 25, 26, 27, 28, 29, 21], [1, 2, 3, 4, 5, 6, 7, 8, 9, 10, 11, 12, 13, 14, 15, 16, 17, 18, 19, 20, 21, 22, 23, 24, 25, 26, 27, 28, 29, 30]], idx1=[1, 14, 14, 15, 19, 9, 12, 14, 14, 17, 17, 4, 14, 10, 5, 10, 11, 12, 2, 3, 7, 8, 12, 21], idx2=[6, 27, 23, 29, 29, 29, 24, 20, 16, 29, 25, 17, 22, 14, 10, 17, 12, 26, 12, 13, 12, 10, 18, 30], _checker='')