============================================================
BENCHMARK ID: 38 | DIMENSIONE: 20 | STRATEGIA: firstfail
============================================================

Input Vector: [10, 4, 17, 15, 7, 19, 14, 8, 1, 2, 9, 5, 12, 18, 20, 16, 13, 6, 3, 11]

STATO: RISOLTO
K: 16
TEMPO: 0.2490s
----------------------------------------
PIANO:
Solution(v=[[10, 4, 17, 15, 7, 19, 14, 8, 1, 2, 9, 5, 12, 18, 20, 16, 13, 6, 3, 11], [10, 2, 17, 15, 7, 19, 14, 8, 1, 4, 9, 5, 12, 18, 20, 16, 13, 6, 3, 11], [10, 2, 17, 15, 7, 19, 18, 8, 1, 4, 9, 5, 12, 14, 20, 16, 13, 6, 3, 11], [10, 2, 17, 15, 18, 19, 7, 8, 1, 4, 9, 5, 12, 14, 20, 16, 13, 6, 3, 11], [10, 2, 17, 15, 18, 19, 7, 8, 1, 4, 9, 5, 13, 14, 20, 16, 12, 6, 3, 11], [10, 2, 17, 15, 18, 19, 7, 8, 1, 4, 9, 12, 13, 14, 20, 16, 5, 6, 3, 11], [10, 2, 17, 15, 18, 19, 7, 8, 1, 4, 9, 12, 13, 14, 11, 16, 5, 6, 3, 20], [10, 2, 17, 11, 18, 19, 7, 8, 1, 4, 9, 12, 13, 14, 15, 16, 5, 6, 3, 20], [10, 2, 17, 4, 18, 19, 7, 8, 1, 11, 9, 12, 13, 14, 15, 16, 5, 6, 3, 20], [10, 2, 17, 4, 18, 19, 7, 8, 1, 9, 11, 12, 13, 14, 15, 16, 5, 6, 3, 20], [10, 2, 17, 4, 18, 19, 7, 8, 9, 1, 11, 12, 13, 14, 15, 16, 5, 6, 3, 20], [1, 2, 17, 4, 18, 19, 7, 8, 9, 10, 11, 12, 13, 14, 15, 16, 5, 6, 3, 20], [1, 2, 17, 4, 18, 3, 7, 8, 9, 10, 11, 12, 13, 14, 15, 16, 5, 6, 19, 20], [1, 2, 3, 4, 18, 17, 7, 8, 9, 10, 11, 12, 13, 14, 15, 16, 5, 6, 19, 20], [1, 2, 3, 4, 6, 17, 7, 8, 9, 10, 11, 12, 13, 14, 15, 16, 5, 18, 19, 20], [1, 2, 3, 4, 17, 6, 7, 8, 9, 10, 11, 12, 13, 14, 15, 16, 5, 18, 19, 20], [1, 2, 3, 4, 5, 6, 7, 8, 9, 10, 11, 12, 13, 14, 15, 16, 17, 18, 19, 20]], pos=[[9, 10, 19, 2, 12, 18, 5, 8, 11, 1, 20, 13, 17, 7, 4, 16, 3, 14, 6, 15], [9, 2, 19, 10, 12, 18, 5, 8, 11, 1, 20, 13, 17, 7, 4, 16, 3, 14, 6, 15], [9, 2, 19, 10, 12, 18, 5, 8, 11, 1, 20, 13, 17, 14, 4, 16, 3, 7, 6, 15], [9, 2, 19, 10, 12, 18, 7, 8, 11, 1, 20, 13, 17, 14, 4, 16, 3, 5, 6, 15], [9, 2, 19, 10, 12, 18, 7, 8, 11, 1, 20, 17, 13, 14, 4, 16, 3, 5, 6, 15], [9, 2, 19, 10, 17, 18, 7, 8, 11, 1, 20, 12, 13, 14, 4, 16, 3, 5, 6, 15], [9, 2, 19, 10, 17, 18, 7, 8, 11, 1, 15, 12, 13, 14, 4, 16, 3, 5, 6, 20], [9, 2, 19, 10, 17, 18, 7, 8, 11, 1, 4, 12, 13, 14, 15, 16, 3, 5, 6, 20], [9, 2, 19, 4, 17, 18, 7, 8, 11, 1, 10, 12, 13, 14, 15, 16, 3, 5, 6, 20], [9, 2, 19, 4, 17, 18, 7, 8, 10, 1, 11, 12, 13, 14, 15, 16, 3, 5, 6, 20], [10, 2, 19, 4, 17, 18, 7, 8, 9, 1, 11, 12, 13, 14, 15, 16, 3, 5, 6, 20], [1, 2, 19, 4, 17, 18, 7, 8, 9, 10, 11, 12, 13, 14, 15, 16, 3, 5, 6, 20], [1, 2, 6, 4, 17, 18, 7, 8, 9, 10, 11, 12, 13, 14, 15, 16, 3, 5, 19, 20], [1, 2, 3, 4, 17, 18, 7, 8, 9, 10, 11, 12, 13, 14, 15, 16, 6, 5, 19, 20], [1, 2, 3, 4, 17, 5, 7, 8, 9, 10, 11, 12, 13, 14, 15, 16, 6, 18, 19, 20], [1, 2, 3, 4, 17, 6, 7, 8, 9, 10, 11, 12, 13, 14, 15, 16, 5, 18, 19, 20], [1, 2, 3, 4, 5, 6, 7, 8, 9, 10, 11, 12, 13, 14, 15, 16, 17, 18, 19, 20]], idx1=[2, 7, 5, 13, 12, 15, 4, 4, 10, 9, 1, 6, 3, 5, 5, 5], idx2=[10, 14, 7, 17, 17, 20, 15, 10, 11, 10, 10, 19, 6, 18, 6, 17], _checker='')