============================================================
BENCHMARK ID: 35 | DIMENSIONE: 20 | STRATEGIA: firstfail
============================================================

Input Vector: [15, 13, 19, 2, 6, 17, 4, 8, 14, 16, 7, 11, 1, 3, 10, 12, 5, 20, 18, 9]

STATO: RISOLTO
K: 16
TEMPO: 0.2680s
----------------------------------------
PIANO:
Solution(v=[[15, 13, 19, 2, 6, 17, 4, 8, 14, 16, 7, 11, 1, 3, 10, 12, 5, 20, 18, 9], [15, 1, 19, 2, 6, 17, 4, 8, 14, 16, 7, 11, 13, 3, 10, 12, 5, 20, 18, 9], [15, 1, 19, 2, 6, 17, 4, 8, 14, 12, 7, 11, 13, 3, 10, 16, 5, 20, 18, 9], [15, 1, 19, 2, 6, 17, 4, 8, 14, 12, 11, 7, 13, 3, 10, 16, 5, 20, 18, 9], [15, 1, 19, 2, 6, 17, 4, 8, 14, 7, 11, 12, 13, 3, 10, 16, 5, 20, 18, 9], [15, 1, 19, 2, 6, 17, 4, 8, 14, 10, 11, 12, 13, 3, 7, 16, 5, 20, 18, 9], [15, 1, 19, 2, 6, 17, 4, 8, 14, 10, 11, 12, 13, 3, 7, 16, 5, 9, 18, 20], [15, 1, 19, 2, 6, 17, 4, 8, 14, 10, 11, 12, 13, 3, 7, 16, 5, 18, 9, 20], [15, 1, 9, 2, 6, 17, 4, 8, 14, 10, 11, 12, 13, 3, 7, 16, 5, 18, 19, 20], [15, 1, 3, 2, 6, 17, 4, 8, 14, 10, 11, 12, 13, 9, 7, 16, 5, 18, 19, 20], [15, 1, 3, 2, 6, 5, 4, 8, 14, 10, 11, 12, 13, 9, 7, 16, 17, 18, 19, 20], [15, 1, 3, 2, 6, 5, 7, 8, 14, 10, 11, 12, 13, 9, 4, 16, 17, 18, 19, 20], [15, 1, 3, 4, 6, 5, 7, 8, 14, 10, 11, 12, 13, 9, 2, 16, 17, 18, 19, 20], [2, 1, 3, 4, 6, 5, 7, 8, 14, 10, 11, 12, 13, 9, 15, 16, 17, 18, 19, 20], [1, 2, 3, 4, 6, 5, 7, 8, 14, 10, 11, 12, 13, 9, 15, 16, 17, 18, 19, 20], [1, 2, 3, 4, 5, 6, 7, 8, 14, 10, 11, 12, 13, 9, 15, 16, 17, 18, 19, 20], [1, 2, 3, 4, 5, 6, 7, 8, 9, 10, 11, 12, 13, 14, 15, 16, 17, 18, 19, 20]], pos=[[13, 4, 14, 7, 17, 5, 11, 8, 20, 15, 12, 16, 2, 9, 1, 10, 6, 19, 3, 18], [2, 4, 14, 7, 17, 5, 11, 8, 20, 15, 12, 16, 13, 9, 1, 10, 6, 19, 3, 18], [2, 4, 14, 7, 17, 5, 11, 8, 20, 15, 12, 10, 13, 9, 1, 16, 6, 19, 3, 18], [2, 4, 14, 7, 17, 5, 12, 8, 20, 15, 11, 10, 13, 9, 1, 16, 6, 19, 3, 18], [2, 4, 14, 7, 17, 5, 10, 8, 20, 15, 11, 12, 13, 9, 1, 16, 6, 19, 3, 18], [2, 4, 14, 7, 17, 5, 15, 8, 20, 10, 11, 12, 13, 9, 1, 16, 6, 19, 3, 18], [2, 4, 14, 7, 17, 5, 15, 8, 18, 10, 11, 12, 13, 9, 1, 16, 6, 19, 3, 20], [2, 4, 14, 7, 17, 5, 15, 8, 19, 10, 11, 12, 13, 9, 1, 16, 6, 18, 3, 20], [2, 4, 14, 7, 17, 5, 15, 8, 3, 10, 11, 12, 13, 9, 1, 16, 6, 18, 19, 20], [2, 4, 3, 7, 17, 5, 15, 8, 14, 10, 11, 12, 13, 9, 1, 16, 6, 18, 19, 20], [2, 4, 3, 7, 6, 5, 15, 8, 14, 10, 11, 12, 13, 9, 1, 16, 17, 18, 19, 20], [2, 4, 3, 15, 6, 5, 7, 8, 14, 10, 11, 12, 13, 9, 1, 16, 17, 18, 19, 20], [2, 15, 3, 4, 6, 5, 7, 8, 14, 10, 11, 12, 13, 9, 1, 16, 17, 18, 19, 20], [2, 1, 3, 4, 6, 5, 7, 8, 14, 10, 11, 12, 13, 9, 15, 16, 17, 18, 19, 20], [1, 2, 3, 4, 6, 5, 7, 8, 14, 10, 11, 12, 13, 9, 15, 16, 17, 18, 19, 20], [1, 2, 3, 4, 5, 6, 7, 8, 14, 10, 11, 12, 13, 9, 15, 16, 17, 18, 19, 20], [1, 2, 3, 4, 5, 6, 7, 8, 9, 10, 11, 12, 13, 14, 15, 16, 17, 18, 19, 20]], idx1=[2, 10, 11, 10, 10, 18, 18, 3, 3, 6, 7, 4, 1, 1, 5, 9], idx2=[13, 16, 12, 12, 15, 20, 19, 19, 14, 17, 15, 15, 15, 2, 6, 14], _checker='')