============================================================
BENCHMARK ID: 21 | DIMENSIONE: 15 | STRATEGIA: firstfail
============================================================

Input Vector: [1, 6, 13, 4, 5, 15, 12, 14, 9, 11, 3, 7, 2, 10, 8]

STATO: RISOLTO
K: 9
TEMPO: 0.3720s
----------------------------------------
PIANO:
Solution(v=[[1, 6, 13, 4, 5, 15, 12, 14, 9, 11, 3, 7, 2, 10, 8], [1, 2, 13, 4, 5, 15, 12, 14, 9, 11, 3, 7, 6, 10, 8], [1, 2, 13, 4, 5, 15, 12, 14, 9, 3, 11, 7, 6, 10, 8], [1, 2, 3, 4, 5, 15, 12, 14, 9, 13, 11, 7, 6, 10, 8], [1, 2, 3, 4, 5, 15, 12, 10, 9, 13, 11, 7, 6, 14, 8], [1, 2, 3, 4, 5, 15, 12, 10, 9, 6, 11, 7, 13, 14, 8], [1, 2, 3, 4, 5, 15, 12, 6, 9, 10, 11, 7, 13, 14, 8], [1, 2, 3, 4, 5, 6, 12, 15, 9, 10, 11, 7, 13, 14, 8], [1, 2, 3, 4, 5, 6, 7, 15, 9, 10, 11, 12, 13, 14, 8], [1, 2, 3, 4, 5, 6, 7, 8, 9, 10, 11, 12, 13, 14, 15]], pos=[[1, 13, 11, 4, 5, 2, 12, 15, 9, 14, 10, 7, 3, 8, 6], [1, 2, 11, 4, 5, 13, 12, 15, 9, 14, 10, 7, 3, 8, 6], [1, 2, 10, 4, 5, 13, 12, 15, 9, 14, 11, 7, 3, 8, 6], [1, 2, 3, 4, 5, 13, 12, 15, 9, 14, 11, 7, 10, 8, 6], [1, 2, 3, 4, 5, 13, 12, 15, 9, 8, 11, 7, 10, 14, 6], [1, 2, 3, 4, 5, 10, 12, 15, 9, 8, 11, 7, 13, 14, 6], [1, 2, 3, 4, 5, 8, 12, 15, 9, 10, 11, 7, 13, 14, 6], [1, 2, 3, 4, 5, 6, 12, 15, 9, 10, 11, 7, 13, 14, 8], [1, 2, 3, 4, 5, 6, 7, 15, 9, 10, 11, 12, 13, 14, 8], [1, 2, 3, 4, 5, 6, 7, 8, 9, 10, 11, 12, 13, 14, 15]], idx1=[2, 10, 3, 8, 10, 8, 6, 7, 8], idx2=[13, 11, 10, 14, 13, 10, 8, 12, 15], _checker='')