============================================================
BENCHMARK ID: 49 | DIMENSIONE: 25 | STRATEGIA: default
============================================================

Input Vector: [20, 2, 11, 21, 17, 15, 13, 12, 23, 16, 22, 6, 25, 19, 24, 10, 18, 8, 14, 9, 1, 7, 5, 4, 3]

STATO: RISOLTO
K: 20
TEMPO: 2.9300s
----------------------------------------
PIANO:
Solution(v=[[20, 2, 11, 21, 17, 15, 13, 12, 23, 16, 22, 6, 25, 19, 24, 10, 18, 8, 14, 9, 1, 7, 5, 4, 3], [9, 2, 11, 21, 17, 15, 13, 12, 23, 16, 22, 6, 25, 19, 24, 10, 18, 8, 14, 20, 1, 7, 5, 4, 3], [23, 2, 11, 21, 17, 15, 13, 12, 9, 16, 22, 6, 25, 19, 24, 10, 18, 8, 14, 20, 1, 7, 5, 4, 3], [5, 2, 11, 21, 17, 15, 13, 12, 9, 16, 22, 6, 25, 19, 24, 10, 18, 8, 14, 20, 1, 7, 23, 4, 3], [17, 2, 11, 21, 5, 15, 13, 12, 9, 16, 22, 6, 25, 19, 24, 10, 18, 8, 14, 20, 1, 7, 23, 4, 3], [18, 2, 11, 21, 5, 15, 13, 12, 9, 16, 22, 6, 25, 19, 24, 10, 17, 8, 14, 20, 1, 7, 23, 4, 3], [18, 2, 11, 1, 5, 15, 13, 12, 9, 16, 22, 6, 25, 19, 24, 10, 17, 8, 14, 20, 21, 7, 23, 4, 3], [1, 2, 11, 18, 5, 15, 13, 12, 9, 16, 22, 6, 25, 19, 24, 10, 17, 8, 14, 20, 21, 7, 23, 4, 3], [1, 2, 22, 18, 5, 15, 13, 12, 9, 16, 11, 6, 25, 19, 24, 10, 17, 8, 14, 20, 21, 7, 23, 4, 3], [1, 2, 7, 18, 5, 15, 13, 12, 9, 16, 11, 6, 25, 19, 24, 10, 17, 8, 14, 20, 21, 22, 23, 4, 3], [1, 2, 13, 18, 5, 15, 7, 12, 9, 16, 11, 6, 25, 19, 24, 10, 17, 8, 14, 20, 21, 22, 23, 4, 3], [1, 2, 25, 18, 5, 15, 7, 12, 9, 16, 11, 6, 13, 19, 24, 10, 17, 8, 14, 20, 21, 22, 23, 4, 3], [1, 2, 3, 18, 5, 15, 7, 12, 9, 16, 11, 6, 13, 19, 24, 10, 17, 8, 14, 20, 21, 22, 23, 4, 25], [1, 2, 3, 18, 5, 15, 7, 12, 9, 10, 11, 6, 13, 19, 24, 16, 17, 8, 14, 20, 21, 22, 23, 4, 25], [1, 2, 3, 18, 5, 15, 7, 12, 9, 10, 11, 6, 13, 19, 4, 16, 17, 8, 14, 20, 21, 22, 23, 24, 25], [1, 2, 3, 18, 5, 4, 7, 12, 9, 10, 11, 6, 13, 19, 15, 16, 17, 8, 14, 20, 21, 22, 23, 24, 25], [1, 2, 3, 4, 5, 18, 7, 12, 9, 10, 11, 6, 13, 19, 15, 16, 17, 8, 14, 20, 21, 22, 23, 24, 25], [1, 2, 3, 4, 5, 8, 7, 12, 9, 10, 11, 6, 13, 19, 15, 16, 17, 18, 14, 20, 21, 22, 23, 24, 25], [1, 2, 3, 4, 5, 8, 7, 6, 9, 10, 11, 12, 13, 19, 15, 16, 17, 18, 14, 20, 21, 22, 23, 24, 25], [1, 2, 3, 4, 5, 6, 7, 8, 9, 10, 11, 12, 13, 19, 15, 16, 17, 18, 14, 20, 21, 22, 23, 24, 25], [1, 2, 3, 4, 5, 6, 7, 8, 9, 10, 11, 12, 13, 14, 15, 16, 17, 18, 19, 20, 21, 22, 23, 24, 25]], pos=[[21, 2, 25, 24, 23, 12, 22, 18, 20, 16, 3, 8, 7, 19, 6, 10, 5, 17, 14, 1, 4, 11, 9, 15, 13], [21, 2, 25, 24, 23, 12, 22, 18, 1, 16, 3, 8, 7, 19, 6, 10, 5, 17, 14, 20, 4, 11, 9, 15, 13], [21, 2, 25, 24, 23, 12, 22, 18, 9, 16, 3, 8, 7, 19, 6, 10, 5, 17, 14, 20, 4, 11, 1, 15, 13], [21, 2, 25, 24, 1, 12, 22, 18, 9, 16, 3, 8, 7, 19, 6, 10, 5, 17, 14, 20, 4, 11, 23, 15, 13], [21, 2, 25, 24, 5, 12, 22, 18, 9, 16, 3, 8, 7, 19, 6, 10, 1, 17, 14, 20, 4, 11, 23, 15, 13], [21, 2, 25, 24, 5, 12, 22, 18, 9, 16, 3, 8, 7, 19, 6, 10, 17, 1, 14, 20, 4, 11, 23, 15, 13], [4, 2, 25, 24, 5, 12, 22, 18, 9, 16, 3, 8, 7, 19, 6, 10, 17, 1, 14, 20, 21, 11, 23, 15, 13], [1, 2, 25, 24, 5, 12, 22, 18, 9, 16, 3, 8, 7, 19, 6, 10, 17, 4, 14, 20, 21, 11, 23, 15, 13], [1, 2, 25, 24, 5, 12, 22, 18, 9, 16, 11, 8, 7, 19, 6, 10, 17, 4, 14, 20, 21, 3, 23, 15, 13], [1, 2, 25, 24, 5, 12, 3, 18, 9, 16, 11, 8, 7, 19, 6, 10, 17, 4, 14, 20, 21, 22, 23, 15, 13], [1, 2, 25, 24, 5, 12, 7, 18, 9, 16, 11, 8, 3, 19, 6, 10, 17, 4, 14, 20, 21, 22, 23, 15, 13], [1, 2, 25, 24, 5, 12, 7, 18, 9, 16, 11, 8, 13, 19, 6, 10, 17, 4, 14, 20, 21, 22, 23, 15, 3], [1, 2, 3, 24, 5, 12, 7, 18, 9, 16, 11, 8, 13, 19, 6, 10, 17, 4, 14, 20, 21, 22, 23, 15, 25], [1, 2, 3, 24, 5, 12, 7, 18, 9, 10, 11, 8, 13, 19, 6, 16, 17, 4, 14, 20, 21, 22, 23, 15, 25], [1, 2, 3, 15, 5, 12, 7, 18, 9, 10, 11, 8, 13, 19, 6, 16, 17, 4, 14, 20, 21, 22, 23, 24, 25], [1, 2, 3, 6, 5, 12, 7, 18, 9, 10, 11, 8, 13, 19, 15, 16, 17, 4, 14, 20, 21, 22, 23, 24, 25], [1, 2, 3, 4, 5, 12, 7, 18, 9, 10, 11, 8, 13, 19, 15, 16, 17, 6, 14, 20, 21, 22, 23, 24, 25], [1, 2, 3, 4, 5, 12, 7, 6, 9, 10, 11, 8, 13, 19, 15, 16, 17, 18, 14, 20, 21, 22, 23, 24, 25], [1, 2, 3, 4, 5, 8, 7, 6, 9, 10, 11, 12, 13, 19, 15, 16, 17, 18, 14, 20, 21, 22, 23, 24, 25], [1, 2, 3, 4, 5, 6, 7, 8, 9, 10, 11, 12, 13, 19, 15, 16, 17, 18, 14, 20, 21, 22, 23, 24, 25], [1, 2, 3, 4, 5, 6, 7, 8, 9, 10, 11, 12, 13, 14, 15, 16, 17, 18, 19, 20, 21, 22, 23, 24, 25]], idx1=[1, 1, 1, 1, 1, 4, 1, 3, 3, 3, 3, 3, 10, 15, 6, 4, 6, 8, 6, 14], idx2=[20, 9, 23, 5, 17, 21, 4, 11, 22, 7, 13, 25, 16, 24, 15, 6, 18, 12, 8, 19], _checker='')