============================================================
BENCHMARK ID: 37 | DIMENSIONE: 20 | STRATEGIA: default
============================================================

Input Vector: [18, 12, 10, 4, 16, 13, 8, 6, 15, 20, 11, 19, 3, 1, 17, 9, 14, 7, 5, 2]

STATO: RISOLTO
K: 17
TEMPO: 0.2480s
----------------------------------------
PIANO:
Solution(v=[[18, 12, 10, 4, 16, 13, 8, 6, 15, 20, 11, 19, 3, 1, 17, 9, 14, 7, 5, 2], [7, 12, 10, 4, 16, 13, 8, 6, 15, 20, 11, 19, 3, 1, 17, 9, 14, 18, 5, 2], [8, 12, 10, 4, 16, 13, 7, 6, 15, 20, 11, 19, 3, 1, 17, 9, 14, 18, 5, 2], [6, 12, 10, 4, 16, 13, 7, 8, 15, 20, 11, 19, 3, 1, 17, 9, 14, 18, 5, 2], [13, 12, 10, 4, 16, 6, 7, 8, 15, 20, 11, 19, 3, 1, 17, 9, 14, 18, 5, 2], [3, 12, 10, 4, 16, 6, 7, 8, 15, 20, 11, 19, 13, 1, 17, 9, 14, 18, 5, 2], [10, 12, 3, 4, 16, 6, 7, 8, 15, 20, 11, 19, 13, 1, 17, 9, 14, 18, 5, 2], [20, 12, 3, 4, 16, 6, 7, 8, 15, 10, 11, 19, 13, 1, 17, 9, 14, 18, 5, 2], [2, 12, 3, 4, 16, 6, 7, 8, 15, 10, 11, 19, 13, 1, 17, 9, 14, 18, 5, 20], [12, 2, 3, 4, 16, 6, 7, 8, 15, 10, 11, 19, 13, 1, 17, 9, 14, 18, 5, 20], [19, 2, 3, 4, 16, 6, 7, 8, 15, 10, 11, 12, 13, 1, 17, 9, 14, 18, 5, 20], [5, 2, 3, 4, 16, 6, 7, 8, 15, 10, 11, 12, 13, 1, 17, 9, 14, 18, 19, 20], [16, 2, 3, 4, 5, 6, 7, 8, 15, 10, 11, 12, 13, 1, 17, 9, 14, 18, 19, 20], [9, 2, 3, 4, 5, 6, 7, 8, 15, 10, 11, 12, 13, 1, 17, 16, 14, 18, 19, 20], [15, 2, 3, 4, 5, 6, 7, 8, 9, 10, 11, 12, 13, 1, 17, 16, 14, 18, 19, 20], [17, 2, 3, 4, 5, 6, 7, 8, 9, 10, 11, 12, 13, 1, 15, 16, 14, 18, 19, 20], [14, 2, 3, 4, 5, 6, 7, 8, 9, 10, 11, 12, 13, 1, 15, 16, 17, 18, 19, 20], [1, 2, 3, 4, 5, 6, 7, 8, 9, 10, 11, 12, 13, 14, 15, 16, 17, 18, 19, 20]], pos=[[14, 20, 13, 4, 19, 8, 18, 7, 16, 3, 11, 2, 6, 17, 9, 5, 15, 1, 12, 10], [14, 20, 13, 4, 19, 8, 1, 7, 16, 3, 11, 2, 6, 17, 9, 5, 15, 18, 12, 10], [14, 20, 13, 4, 19, 8, 7, 1, 16, 3, 11, 2, 6, 17, 9, 5, 15, 18, 12, 10], [14, 20, 13, 4, 19, 1, 7, 8, 16, 3, 11, 2, 6, 17, 9, 5, 15, 18, 12, 10], [14, 20, 13, 4, 19, 6, 7, 8, 16, 3, 11, 2, 1, 17, 9, 5, 15, 18, 12, 10], [14, 20, 1, 4, 19, 6, 7, 8, 16, 3, 11, 2, 13, 17, 9, 5, 15, 18, 12, 10], [14, 20, 3, 4, 19, 6, 7, 8, 16, 1, 11, 2, 13, 17, 9, 5, 15, 18, 12, 10], [14, 20, 3, 4, 19, 6, 7, 8, 16, 10, 11, 2, 13, 17, 9, 5, 15, 18, 12, 1], [14, 1, 3, 4, 19, 6, 7, 8, 16, 10, 11, 2, 13, 17, 9, 5, 15, 18, 12, 20], [14, 2, 3, 4, 19, 6, 7, 8, 16, 10, 11, 1, 13, 17, 9, 5, 15, 18, 12, 20], [14, 2, 3, 4, 19, 6, 7, 8, 16, 10, 11, 12, 13, 17, 9, 5, 15, 18, 1, 20], [14, 2, 3, 4, 1, 6, 7, 8, 16, 10, 11, 12, 13, 17, 9, 5, 15, 18, 19, 20], [14, 2, 3, 4, 5, 6, 7, 8, 16, 10, 11, 12, 13, 17, 9, 1, 15, 18, 19, 20], [14, 2, 3, 4, 5, 6, 7, 8, 1, 10, 11, 12, 13, 17, 9, 16, 15, 18, 19, 20], [14, 2, 3, 4, 5, 6, 7, 8, 9, 10, 11, 12, 13, 17, 1, 16, 15, 18, 19, 20], [14, 2, 3, 4, 5, 6, 7, 8, 9, 10, 11, 12, 13, 17, 15, 16, 1, 18, 19, 20], [14, 2, 3, 4, 5, 6, 7, 8, 9, 10, 11, 12, 13, 1, 15, 16, 17, 18, 19, 20], [1, 2, 3, 4, 5, 6, 7, 8, 9, 10, 11, 12, 13, 14, 15, 16, 17, 18, 19, 20]], idx1=[1, 1, 1, 1, 1, 1, 1, 1, 1, 1, 1, 1, 1, 1, 1, 1, 1], idx2=[18, 7, 8, 6, 13, 3, 10, 20, 2, 12, 19, 5, 16, 9, 15, 17, 14], _checker='')