============================================================
BENCHMARK ID: 59 | DIMENSIONE: 30 | STRATEGIA: default
============================================================

Input Vector: [2, 11, 3, 19, 24, 12, 9, 30, 29, 4, 5, 13, 25, 23, 14, 17, 28, 16, 21, 26, 27, 7, 6, 10, 18, 1, 15, 22, 8, 20]

STATO: RISOLTO
K: 28
TEMPO: 0.2680s
----------------------------------------
PIANO:
Solution(v=[[2, 11, 3, 19, 24, 12, 9, 30, 29, 4, 5, 13, 25, 23, 14, 17, 28, 16, 21, 26, 27, 7, 6, 10, 18, 1, 15, 22, 8, 20], [2, 5, 3, 19, 24, 12, 9, 30, 29, 4, 11, 13, 25, 23, 14, 17, 28, 16, 21, 26, 27, 7, 6, 10, 18, 1, 15, 22, 8, 20], [5, 2, 3, 19, 24, 12, 9, 30, 29, 4, 11, 13, 25, 23, 14, 17, 28, 16, 21, 26, 27, 7, 6, 10, 18, 1, 15, 22, 8, 20], [24, 2, 3, 19, 5, 12, 9, 30, 29, 4, 11, 13, 25, 23, 14, 17, 28, 16, 21, 26, 27, 7, 6, 10, 18, 1, 15, 22, 8, 20], [10, 2, 3, 19, 5, 12, 9, 30, 29, 4, 11, 13, 25, 23, 14, 17, 28, 16, 21, 26, 27, 7, 6, 24, 18, 1, 15, 22, 8, 20], [4, 2, 3, 19, 5, 12, 9, 30, 29, 10, 11, 13, 25, 23, 14, 17, 28, 16, 21, 26, 27, 7, 6, 24, 18, 1, 15, 22, 8, 20], [19, 2, 3, 4, 5, 12, 9, 30, 29, 10, 11, 13, 25, 23, 14, 17, 28, 16, 21, 26, 27, 7, 6, 24, 18, 1, 15, 22, 8, 20], [21, 2, 3, 4, 5, 12, 9, 30, 29, 10, 11, 13, 25, 23, 14, 17, 28, 16, 19, 26, 27, 7, 6, 24, 18, 1, 15, 22, 8, 20], [27, 2, 3, 4, 5, 12, 9, 30, 29, 10, 11, 13, 25, 23, 14, 17, 28, 16, 19, 26, 21, 7, 6, 24, 18, 1, 15, 22, 8, 20], [15, 2, 3, 4, 5, 12, 9, 30, 29, 10, 11, 13, 25, 23, 14, 17, 28, 16, 19, 26, 21, 7, 6, 24, 18, 1, 27, 22, 8, 20], [14, 2, 3, 4, 5, 12, 9, 30, 29, 10, 11, 13, 25, 23, 15, 17, 28, 16, 19, 26, 21, 7, 6, 24, 18, 1, 27, 22, 8, 20], [23, 2, 3, 4, 5, 12, 9, 30, 29, 10, 11, 13, 25, 14, 15, 17, 28, 16, 19, 26, 21, 7, 6, 24, 18, 1, 27, 22, 8, 20], [6, 2, 3, 4, 5, 12, 9, 30, 29, 10, 11, 13, 25, 14, 15, 17, 28, 16, 19, 26, 21, 7, 23, 24, 18, 1, 27, 22, 8, 20], [12, 2, 3, 4, 5, 6, 9, 30, 29, 10, 11, 13, 25, 14, 15, 17, 28, 16, 19, 26, 21, 7, 23, 24, 18, 1, 27, 22, 8, 20], [13, 2, 3, 4, 5, 6, 9, 30, 29, 10, 11, 12, 25, 14, 15, 17, 28, 16, 19, 26, 21, 7, 23, 24, 18, 1, 27, 22, 8, 20], [25, 2, 3, 4, 5, 6, 9, 30, 29, 10, 11, 12, 13, 14, 15, 17, 28, 16, 19, 26, 21, 7, 23, 24, 18, 1, 27, 22, 8, 20], [18, 2, 3, 4, 5, 6, 9, 30, 29, 10, 11, 12, 13, 14, 15, 17, 28, 16, 19, 26, 21, 7, 23, 24, 25, 1, 27, 22, 8, 20], [16, 2, 3, 4, 5, 6, 9, 30, 29, 10, 11, 12, 13, 14, 15, 17, 28, 18, 19, 26, 21, 7, 23, 24, 25, 1, 27, 22, 8, 20], [17, 2, 3, 4, 5, 6, 9, 30, 29, 10, 11, 12, 13, 14, 15, 16, 28, 18, 19, 26, 21, 7, 23, 24, 25, 1, 27, 22, 8, 20], [28, 2, 3, 4, 5, 6, 9, 30, 29, 10, 11, 12, 13, 14, 15, 16, 17, 18, 19, 26, 21, 7, 23, 24, 25, 1, 27, 22, 8, 20], [22, 2, 3, 4, 5, 6, 9, 30, 29, 10, 11, 12, 13, 14, 15, 16, 17, 18, 19, 26, 21, 7, 23, 24, 25, 1, 27, 28, 8, 20], [7, 2, 3, 4, 5, 6, 9, 30, 29, 10, 11, 12, 13, 14, 15, 16, 17, 18, 19, 26, 21, 22, 23, 24, 25, 1, 27, 28, 8, 20], [9, 2, 3, 4, 5, 6, 7, 30, 29, 10, 11, 12, 13, 14, 15, 16, 17, 18, 19, 26, 21, 22, 23, 24, 25, 1, 27, 28, 8, 20], [29, 2, 3, 4, 5, 6, 7, 30, 9, 10, 11, 12, 13, 14, 15, 16, 17, 18, 19, 26, 21, 22, 23, 24, 25, 1, 27, 28, 8, 20], [8, 2, 3, 4, 5, 6, 7, 30, 9, 10, 11, 12, 13, 14, 15, 16, 17, 18, 19, 26, 21, 22, 23, 24, 25, 1, 27, 28, 29, 20], [30, 2, 3, 4, 5, 6, 7, 8, 9, 10, 11, 12, 13, 14, 15, 16, 17, 18, 19, 26, 21, 22, 23, 24, 25, 1, 27, 28, 29, 20], [20, 2, 3, 4, 5, 6, 7, 8, 9, 10, 11, 12, 13, 14, 15, 16, 17, 18, 19, 26, 21, 22, 23, 24, 25, 1, 27, 28, 29, 30], [26, 2, 3, 4, 5, 6, 7, 8, 9, 10, 11, 12, 13, 14, 15, 16, 17, 18, 19, 20, 21, 22, 23, 24, 25, 1, 27, 28, 29, 30], [1, 2, 3, 4, 5, 6, 7, 8, 9, 10, 11, 12, 13, 14, 15, 16, 17, 18, 19, 20, 21, 22, 23, 24, 25, 26, 27, 28, 29, 30]], pos=[[26, 1, 3, 10, 11, 23, 22, 29, 7, 24, 2, 6, 12, 15, 27, 18, 16, 25, 4, 30, 19, 28, 14, 5, 13, 20, 21, 17, 9, 8], [26, 1, 3, 10, 2, 23, 22, 29, 7, 24, 11, 6, 12, 15, 27, 18, 16, 25, 4, 30, 19, 28, 14, 5, 13, 20, 21, 17, 9, 8], [26, 2, 3, 10, 1, 23, 22, 29, 7, 24, 11, 6, 12, 15, 27, 18, 16, 25, 4, 30, 19, 28, 14, 5, 13, 20, 21, 17, 9, 8], [26, 2, 3, 10, 5, 23, 22, 29, 7, 24, 11, 6, 12, 15, 27, 18, 16, 25, 4, 30, 19, 28, 14, 1, 13, 20, 21, 17, 9, 8], [26, 2, 3, 10, 5, 23, 22, 29, 7, 1, 11, 6, 12, 15, 27, 18, 16, 25, 4, 30, 19, 28, 14, 24, 13, 20, 21, 17, 9, 8], [26, 2, 3, 1, 5, 23, 22, 29, 7, 10, 11, 6, 12, 15, 27, 18, 16, 25, 4, 30, 19, 28, 14, 24, 13, 20, 21, 17, 9, 8], [26, 2, 3, 4, 5, 23, 22, 29, 7, 10, 11, 6, 12, 15, 27, 18, 16, 25, 1, 30, 19, 28, 14, 24, 13, 20, 21, 17, 9, 8], [26, 2, 3, 4, 5, 23, 22, 29, 7, 10, 11, 6, 12, 15, 27, 18, 16, 25, 19, 30, 1, 28, 14, 24, 13, 20, 21, 17, 9, 8], [26, 2, 3, 4, 5, 23, 22, 29, 7, 10, 11, 6, 12, 15, 27, 18, 16, 25, 19, 30, 21, 28, 14, 24, 13, 20, 1, 17, 9, 8], [26, 2, 3, 4, 5, 23, 22, 29, 7, 10, 11, 6, 12, 15, 1, 18, 16, 25, 19, 30, 21, 28, 14, 24, 13, 20, 27, 17, 9, 8], [26, 2, 3, 4, 5, 23, 22, 29, 7, 10, 11, 6, 12, 1, 15, 18, 16, 25, 19, 30, 21, 28, 14, 24, 13, 20, 27, 17, 9, 8], [26, 2, 3, 4, 5, 23, 22, 29, 7, 10, 11, 6, 12, 14, 15, 18, 16, 25, 19, 30, 21, 28, 1, 24, 13, 20, 27, 17, 9, 8], [26, 2, 3, 4, 5, 1, 22, 29, 7, 10, 11, 6, 12, 14, 15, 18, 16, 25, 19, 30, 21, 28, 23, 24, 13, 20, 27, 17, 9, 8], [26, 2, 3, 4, 5, 6, 22, 29, 7, 10, 11, 1, 12, 14, 15, 18, 16, 25, 19, 30, 21, 28, 23, 24, 13, 20, 27, 17, 9, 8], [26, 2, 3, 4, 5, 6, 22, 29, 7, 10, 11, 12, 1, 14, 15, 18, 16, 25, 19, 30, 21, 28, 23, 24, 13, 20, 27, 17, 9, 8], [26, 2, 3, 4, 5, 6, 22, 29, 7, 10, 11, 12, 13, 14, 15, 18, 16, 25, 19, 30, 21, 28, 23, 24, 1, 20, 27, 17, 9, 8], [26, 2, 3, 4, 5, 6, 22, 29, 7, 10, 11, 12, 13, 14, 15, 18, 16, 1, 19, 30, 21, 28, 23, 24, 25, 20, 27, 17, 9, 8], [26, 2, 3, 4, 5, 6, 22, 29, 7, 10, 11, 12, 13, 14, 15, 1, 16, 18, 19, 30, 21, 28, 23, 24, 25, 20, 27, 17, 9, 8], [26, 2, 3, 4, 5, 6, 22, 29, 7, 10, 11, 12, 13, 14, 15, 16, 1, 18, 19, 30, 21, 28, 23, 24, 25, 20, 27, 17, 9, 8], [26, 2, 3, 4, 5, 6, 22, 29, 7, 10, 11, 12, 13, 14, 15, 16, 17, 18, 19, 30, 21, 28, 23, 24, 25, 20, 27, 1, 9, 8], [26, 2, 3, 4, 5, 6, 22, 29, 7, 10, 11, 12, 13, 14, 15, 16, 17, 18, 19, 30, 21, 1, 23, 24, 25, 20, 27, 28, 9, 8], [26, 2, 3, 4, 5, 6, 1, 29, 7, 10, 11, 12, 13, 14, 15, 16, 17, 18, 19, 30, 21, 22, 23, 24, 25, 20, 27, 28, 9, 8], [26, 2, 3, 4, 5, 6, 7, 29, 1, 10, 11, 12, 13, 14, 15, 16, 17, 18, 19, 30, 21, 22, 23, 24, 25, 20, 27, 28, 9, 8], [26, 2, 3, 4, 5, 6, 7, 29, 9, 10, 11, 12, 13, 14, 15, 16, 17, 18, 19, 30, 21, 22, 23, 24, 25, 20, 27, 28, 1, 8], [26, 2, 3, 4, 5, 6, 7, 1, 9, 10, 11, 12, 13, 14, 15, 16, 17, 18, 19, 30, 21, 22, 23, 24, 25, 20, 27, 28, 29, 8], [26, 2, 3, 4, 5, 6, 7, 8, 9, 10, 11, 12, 13, 14, 15, 16, 17, 18, 19, 30, 21, 22, 23, 24, 25, 20, 27, 28, 29, 1], [26, 2, 3, 4, 5, 6, 7, 8, 9, 10, 11, 12, 13, 14, 15, 16, 17, 18, 19, 1, 21, 22, 23, 24, 25, 20, 27, 28, 29, 30], [26, 2, 3, 4, 5, 6, 7, 8, 9, 10, 11, 12, 13, 14, 15, 16, 17, 18, 19, 20, 21, 22, 23, 24, 25, 1, 27, 28, 29, 30], [1, 2, 3, 4, 5, 6, 7, 8, 9, 10, 11, 12, 13, 14, 15, 16, 17, 18, 19, 20, 21, 22, 23, 24, 25, 26, 27, 28, 29, 30]], idx1=[2, 1, 1, 1, 1, 1, 1, 1, 1, 1, 1, 1, 1, 1, 1, 1, 1, 1, 1, 1, 1, 1, 1, 1, 1, 1, 1, 1], idx2=[11, 2, 5, 24, 10, 4, 19, 21, 27, 15, 14, 23, 6, 12, 13, 25, 18, 16, 17, 28, 22, 7, 9, 29, 8, 30, 20, 26], _checker='')