============================================================
BENCHMARK ID: 14 | DIMENSIONE: 10 | STRATEGIA: default
============================================================

Input Vector: [6, 3, 8, 9, 5, 7, 1, 2, 10, 4]

STATO: RISOLTO
K: 6
TEMPO: 0.2650s
----------------------------------------
PIANO:
Solution(v=[[6, 3, 8, 9, 5, 7, 1, 2, 10, 4], [6, 3, 2, 9, 5, 7, 1, 8, 10, 4], [6, 2, 3, 9, 5, 7, 1, 8, 10, 4], [6, 2, 3, 10, 5, 7, 1, 8, 9, 4], [6, 2, 3, 10, 5, 1, 7, 8, 9, 4], [1, 2, 3, 10, 5, 6, 7, 8, 9, 4], [1, 2, 3, 4, 5, 6, 7, 8, 9, 10]], pos=[[7, 8, 2, 10, 5, 1, 6, 3, 4, 9], [7, 3, 2, 10, 5, 1, 6, 8, 4, 9], [7, 2, 3, 10, 5, 1, 6, 8, 4, 9], [7, 2, 3, 10, 5, 1, 6, 8, 9, 4], [6, 2, 3, 10, 5, 1, 7, 8, 9, 4], [1, 2, 3, 10, 5, 6, 7, 8, 9, 4], [1, 2, 3, 4, 5, 6, 7, 8, 9, 10]], idx1=[3, 2, 4, 6, 1, 4], idx2=[8, 3, 9, 7, 6, 10], _checker='')