============================================================
BENCHMARK ID: 8 | DIMENSIONE: 5 | STRATEGIA: default
============================================================

Input Vector: [3, 4, 5, 1, 2]

STATO: RISOLTO
K: 4
TEMPO: 0.3610s
----------------------------------------
PIANO:
Solution(v=[[3, 4, 5, 1, 2], [3, 4, 2, 1, 5], [2, 4, 3, 1, 5], [4, 2, 3, 1, 5], [1, 2, 3, 4, 5]], pos=[[4, 5, 1, 2, 3], [4, 3, 1, 2, 5], [4, 1, 3, 2, 5], [4, 2, 3, 1, 5], [1, 2, 3, 4, 5]], idx1=[3, 1, 1, 1], idx2=[5, 3, 2, 4], _checker='')