============================================================
BENCHMARK ID: 16 | DIMENSIONE: 10 | STRATEGIA: default
============================================================

Input Vector: [5, 1, 3, 2, 9, 6, 4, 8, 7, 10]

STATO: RISOLTO
K: 5
TEMPO: 0.2900s
----------------------------------------
PIANO:
Solution(v=[[5, 1, 3, 2, 9, 6, 4, 8, 7, 10], [9, 1, 3, 2, 5, 6, 4, 8, 7, 10], [1, 9, 3, 2, 5, 6, 4, 8, 7, 10], [1, 7, 3, 2, 5, 6, 4, 8, 9, 10], [1, 4, 3, 2, 5, 6, 7, 8, 9, 10], [1, 2, 3, 4, 5, 6, 7, 8, 9, 10]], pos=[[2, 4, 3, 7, 1, 6, 9, 8, 5, 10], [2, 4, 3, 7, 5, 6, 9, 8, 1, 10], [1, 4, 3, 7, 5, 6, 9, 8, 2, 10], [1, 4, 3, 7, 5, 6, 2, 8, 9, 10], [1, 4, 3, 2, 5, 6, 7, 8, 9, 10], [1, 2, 3, 4, 5, 6, 7, 8, 9, 10]], idx1=[1, 1, 2, 2, 2], idx2=[5, 2, 9, 7, 4], _checker='')