============================================================
BENCHMARK ID: 34 | DIMENSIONE: 20 | STRATEGIA: default
============================================================

Input Vector: [20, 18, 5, 11, 1, 14, 16, 2, 8, 7, 13, 6, 10, 19, 12, 9, 4, 17, 15, 3]

STATO: RISOLTO
K: 17
TEMPO: 0.5180s
----------------------------------------
PIANO:
Solution(v=[[20, 18, 5, 11, 1, 14, 16, 2, 8, 7, 13, 6, 10, 19, 12, 9, 4, 17, 15, 3], [1, 18, 5, 11, 20, 14, 16, 2, 8, 7, 13, 6, 10, 19, 12, 9, 4, 17, 15, 3], [1, 17, 5, 11, 20, 14, 16, 2, 8, 7, 13, 6, 10, 19, 12, 9, 4, 18, 15, 3], [1, 2, 5, 11, 20, 14, 16, 17, 8, 7, 13, 6, 10, 19, 12, 9, 4, 18, 15, 3], [1, 2, 5, 11, 3, 14, 16, 17, 8, 7, 13, 6, 10, 19, 12, 9, 4, 18, 15, 20], [1, 2, 3, 11, 5, 14, 16, 17, 8, 7, 13, 6, 10, 19, 12, 9, 4, 18, 15, 20], [1, 2, 3, 13, 5, 14, 16, 17, 8, 7, 11, 6, 10, 19, 12, 9, 4, 18, 15, 20], [1, 2, 3, 10, 5, 14, 16, 17, 8, 7, 11, 6, 13, 19, 12, 9, 4, 18, 15, 20], [1, 2, 3, 7, 5, 14, 16, 17, 8, 10, 11, 6, 13, 19, 12, 9, 4, 18, 15, 20], [1, 2, 3, 7, 5, 14, 9, 17, 8, 10, 11, 6, 13, 19, 12, 16, 4, 18, 15, 20], [1, 2, 3, 9, 5, 14, 7, 17, 8, 10, 11, 6, 13, 19, 12, 16, 4, 18, 15, 20], [1, 2, 3, 8, 5, 14, 7, 17, 9, 10, 11, 6, 13, 19, 12, 16, 4, 18, 15, 20], [1, 2, 3, 8, 5, 14, 7, 4, 9, 10, 11, 6, 13, 19, 12, 16, 17, 18, 15, 20], [1, 2, 3, 4, 5, 14, 7, 8, 9, 10, 11, 6, 13, 19, 12, 16, 17, 18, 15, 20], [1, 2, 3, 4, 5, 6, 7, 8, 9, 10, 11, 14, 13, 19, 12, 16, 17, 18, 15, 20], [1, 2, 3, 4, 5, 6, 7, 8, 9, 10, 11, 19, 13, 14, 12, 16, 17, 18, 15, 20], [1, 2, 3, 4, 5, 6, 7, 8, 9, 10, 11, 15, 13, 14, 12, 16, 17, 18, 19, 20], [1, 2, 3, 4, 5, 6, 7, 8, 9, 10, 11, 12, 13, 14, 15, 16, 17, 18, 19, 20]], pos=[[5, 8, 20, 17, 3, 12, 10, 9, 16, 13, 4, 15, 11, 6, 19, 7, 18, 2, 14, 1], [1, 8, 20, 17, 3, 12, 10, 9, 16, 13, 4, 15, 11, 6, 19, 7, 18, 2, 14, 5], [1, 8, 20, 17, 3, 12, 10, 9, 16, 13, 4, 15, 11, 6, 19, 7, 2, 18, 14, 5], [1, 2, 20, 17, 3, 12, 10, 9, 16, 13, 4, 15, 11, 6, 19, 7, 8, 18, 14, 5], [1, 2, 5, 17, 3, 12, 10, 9, 16, 13, 4, 15, 11, 6, 19, 7, 8, 18, 14, 20], [1, 2, 3, 17, 5, 12, 10, 9, 16, 13, 4, 15, 11, 6, 19, 7, 8, 18, 14, 20], [1, 2, 3, 17, 5, 12, 10, 9, 16, 13, 11, 15, 4, 6, 19, 7, 8, 18, 14, 20], [1, 2, 3, 17, 5, 12, 10, 9, 16, 4, 11, 15, 13, 6, 19, 7, 8, 18, 14, 20], [1, 2, 3, 17, 5, 12, 4, 9, 16, 10, 11, 15, 13, 6, 19, 7, 8, 18, 14, 20], [1, 2, 3, 17, 5, 12, 4, 9, 7, 10, 11, 15, 13, 6, 19, 16, 8, 18, 14, 20], [1, 2, 3, 17, 5, 12, 7, 9, 4, 10, 11, 15, 13, 6, 19, 16, 8, 18, 14, 20], [1, 2, 3, 17, 5, 12, 7, 4, 9, 10, 11, 15, 13, 6, 19, 16, 8, 18, 14, 20], [1, 2, 3, 8, 5, 12, 7, 4, 9, 10, 11, 15, 13, 6, 19, 16, 17, 18, 14, 20], [1, 2, 3, 4, 5, 12, 7, 8, 9, 10, 11, 15, 13, 6, 19, 16, 17, 18, 14, 20], [1, 2, 3, 4, 5, 6, 7, 8, 9, 10, 11, 15, 13, 12, 19, 16, 17, 18, 14, 20], [1, 2, 3, 4, 5, 6, 7, 8, 9, 10, 11, 15, 13, 14, 19, 16, 17, 18, 12, 20], [1, 2, 3, 4, 5, 6, 7, 8, 9, 10, 11, 15, 13, 14, 12, 16, 17, 18, 19, 20], [1, 2, 3, 4, 5, 6, 7, 8, 9, 10, 11, 12, 13, 14, 15, 16, 17, 18, 19, 20]], idx1=[1, 2, 2, 5, 3, 4, 4, 4, 7, 4, 4, 8, 4, 6, 12, 12, 12], idx2=[5, 18, 8, 20, 5, 11, 13, 10, 16, 7, 9, 17, 8, 12, 14, 19, 15], _checker='')