============================================================
BENCHMARK ID: 23 | DIMENSIONE: 15 | STRATEGIA: default
============================================================

Input Vector: [4, 15, 10, 6, 14, 11, 12, 13, 8, 2, 1, 7, 5, 3, 9]

STATO: RISOLTO
K: 12
TEMPO: 0.3610s
----------------------------------------
PIANO:
Solution(v=[[4, 15, 10, 6, 14, 11, 12, 13, 8, 2, 1, 7, 5, 3, 9], [6, 15, 10, 4, 14, 11, 12, 13, 8, 2, 1, 7, 5, 3, 9], [11, 15, 10, 4, 14, 6, 12, 13, 8, 2, 1, 7, 5, 3, 9], [1, 15, 10, 4, 14, 6, 12, 13, 8, 2, 11, 7, 5, 3, 9], [1, 15, 10, 4, 14, 6, 12, 8, 13, 2, 11, 7, 5, 3, 9], [1, 15, 10, 4, 14, 6, 12, 8, 5, 2, 11, 7, 13, 3, 9], [1, 15, 10, 4, 14, 6, 12, 8, 9, 2, 11, 7, 13, 3, 5], [1, 5, 10, 4, 14, 6, 12, 8, 9, 2, 11, 7, 13, 3, 15], [1, 5, 10, 4, 3, 6, 12, 8, 9, 2, 11, 7, 13, 14, 15], [1, 3, 10, 4, 5, 6, 12, 8, 9, 2, 11, 7, 13, 14, 15], [1, 3, 2, 4, 5, 6, 12, 8, 9, 10, 11, 7, 13, 14, 15], [1, 2, 3, 4, 5, 6, 12, 8, 9, 10, 11, 7, 13, 14, 15], [1, 2, 3, 4, 5, 6, 7, 8, 9, 10, 11, 12, 13, 14, 15]], pos=[[11, 10, 14, 1, 13, 4, 12, 9, 15, 3, 6, 7, 8, 5, 2], [11, 10, 14, 4, 13, 1, 12, 9, 15, 3, 6, 7, 8, 5, 2], [11, 10, 14, 4, 13, 6, 12, 9, 15, 3, 1, 7, 8, 5, 2], [1, 10, 14, 4, 13, 6, 12, 9, 15, 3, 11, 7, 8, 5, 2], [1, 10, 14, 4, 13, 6, 12, 8, 15, 3, 11, 7, 9, 5, 2], [1, 10, 14, 4, 9, 6, 12, 8, 15, 3, 11, 7, 13, 5, 2], [1, 10, 14, 4, 15, 6, 12, 8, 9, 3, 11, 7, 13, 5, 2], [1, 10, 14, 4, 2, 6, 12, 8, 9, 3, 11, 7, 13, 5, 15], [1, 10, 5, 4, 2, 6, 12, 8, 9, 3, 11, 7, 13, 14, 15], [1, 10, 2, 4, 5, 6, 12, 8, 9, 3, 11, 7, 13, 14, 15], [1, 3, 2, 4, 5, 6, 12, 8, 9, 10, 11, 7, 13, 14, 15], [1, 2, 3, 4, 5, 6, 12, 8, 9, 10, 11, 7, 13, 14, 15], [1, 2, 3, 4, 5, 6, 7, 8, 9, 10, 11, 12, 13, 14, 15]], idx1=[1, 1, 1, 8, 9, 9, 2, 5, 2, 3, 2, 7], idx2=[4, 6, 11, 9, 13, 15, 15, 14, 5, 10, 3, 12], _checker='')