============================================================
BENCHMARK ID: 44 | DIMENSIONE: 25 | STRATEGIA: default
============================================================

Input Vector: [24, 18, 2, 10, 23, 7, 15, 21, 5, 19, 8, 16, 13, 4, 17, 11, 9, 14, 6, 25, 12, 22, 20, 1, 3]

STATO: RISOLTO
K: 20
TEMPO: 1.1060s
----------------------------------------
PIANO:
Solution(v=[[24, 18, 2, 10, 23, 7, 15, 21, 5, 19, 8, 16, 13, 4, 17, 11, 9, 14, 6, 25, 12, 22, 20, 1, 3], [1, 18, 2, 10, 23, 7, 15, 21, 5, 19, 8, 16, 13, 4, 17, 11, 9, 14, 6, 25, 12, 22, 20, 24, 3], [1, 14, 2, 10, 23, 7, 15, 21, 5, 19, 8, 16, 13, 4, 17, 11, 9, 18, 6, 25, 12, 22, 20, 24, 3], [1, 2, 14, 10, 23, 7, 15, 21, 5, 19, 8, 16, 13, 4, 17, 11, 9, 18, 6, 25, 12, 22, 20, 24, 3], [1, 2, 4, 10, 23, 7, 15, 21, 5, 19, 8, 16, 13, 14, 17, 11, 9, 18, 6, 25, 12, 22, 20, 24, 3], [1, 2, 10, 4, 23, 7, 15, 21, 5, 19, 8, 16, 13, 14, 17, 11, 9, 18, 6, 25, 12, 22, 20, 24, 3], [1, 2, 19, 4, 23, 7, 15, 21, 5, 10, 8, 16, 13, 14, 17, 11, 9, 18, 6, 25, 12, 22, 20, 24, 3], [1, 2, 6, 4, 23, 7, 15, 21, 5, 10, 8, 16, 13, 14, 17, 11, 9, 18, 19, 25, 12, 22, 20, 24, 3], [1, 2, 7, 4, 23, 6, 15, 21, 5, 10, 8, 16, 13, 14, 17, 11, 9, 18, 19, 25, 12, 22, 20, 24, 3], [1, 2, 15, 4, 23, 6, 7, 21, 5, 10, 8, 16, 13, 14, 17, 11, 9, 18, 19, 25, 12, 22, 20, 24, 3], [1, 2, 17, 4, 23, 6, 7, 21, 5, 10, 8, 16, 13, 14, 15, 11, 9, 18, 19, 25, 12, 22, 20, 24, 3], [1, 2, 9, 4, 23, 6, 7, 21, 5, 10, 8, 16, 13, 14, 15, 11, 17, 18, 19, 25, 12, 22, 20, 24, 3], [1, 2, 5, 4, 23, 6, 7, 21, 9, 10, 8, 16, 13, 14, 15, 11, 17, 18, 19, 25, 12, 22, 20, 24, 3], [1, 2, 23, 4, 5, 6, 7, 21, 9, 10, 8, 16, 13, 14, 15, 11, 17, 18, 19, 25, 12, 22, 20, 24, 3], [1, 2, 20, 4, 5, 6, 7, 21, 9, 10, 8, 16, 13, 14, 15, 11, 17, 18, 19, 25, 12, 22, 23, 24, 3], [1, 2, 25, 4, 5, 6, 7, 21, 9, 10, 8, 16, 13, 14, 15, 11, 17, 18, 19, 20, 12, 22, 23, 24, 3], [1, 2, 3, 4, 5, 6, 7, 21, 9, 10, 8, 16, 13, 14, 15, 11, 17, 18, 19, 20, 12, 22, 23, 24, 25], [1, 2, 3, 4, 5, 6, 7, 12, 9, 10, 8, 16, 13, 14, 15, 11, 17, 18, 19, 20, 21, 22, 23, 24, 25], [1, 2, 3, 4, 5, 6, 7, 8, 9, 10, 12, 16, 13, 14, 15, 11, 17, 18, 19, 20, 21, 22, 23, 24, 25], [1, 2, 3, 4, 5, 6, 7, 8, 9, 10, 12, 11, 13, 14, 15, 16, 17, 18, 19, 20, 21, 22, 23, 24, 25], [1, 2, 3, 4, 5, 6, 7, 8, 9, 10, 11, 12, 13, 14, 15, 16, 17, 18, 19, 20, 21, 22, 23, 24, 25]], pos=[[24, 3, 25, 14, 9, 19, 6, 11, 17, 4, 16, 21, 13, 18, 7, 12, 15, 2, 10, 23, 8, 22, 5, 1, 20], [1, 3, 25, 14, 9, 19, 6, 11, 17, 4, 16, 21, 13, 18, 7, 12, 15, 2, 10, 23, 8, 22, 5, 24, 20], [1, 3, 25, 14, 9, 19, 6, 11, 17, 4, 16, 21, 13, 2, 7, 12, 15, 18, 10, 23, 8, 22, 5, 24, 20], [1, 2, 25, 14, 9, 19, 6, 11, 17, 4, 16, 21, 13, 3, 7, 12, 15, 18, 10, 23, 8, 22, 5, 24, 20], [1, 2, 25, 3, 9, 19, 6, 11, 17, 4, 16, 21, 13, 14, 7, 12, 15, 18, 10, 23, 8, 22, 5, 24, 20], [1, 2, 25, 4, 9, 19, 6, 11, 17, 3, 16, 21, 13, 14, 7, 12, 15, 18, 10, 23, 8, 22, 5, 24, 20], [1, 2, 25, 4, 9, 19, 6, 11, 17, 10, 16, 21, 13, 14, 7, 12, 15, 18, 3, 23, 8, 22, 5, 24, 20], [1, 2, 25, 4, 9, 3, 6, 11, 17, 10, 16, 21, 13, 14, 7, 12, 15, 18, 19, 23, 8, 22, 5, 24, 20], [1, 2, 25, 4, 9, 6, 3, 11, 17, 10, 16, 21, 13, 14, 7, 12, 15, 18, 19, 23, 8, 22, 5, 24, 20], [1, 2, 25, 4, 9, 6, 7, 11, 17, 10, 16, 21, 13, 14, 3, 12, 15, 18, 19, 23, 8, 22, 5, 24, 20], [1, 2, 25, 4, 9, 6, 7, 11, 17, 10, 16, 21, 13, 14, 15, 12, 3, 18, 19, 23, 8, 22, 5, 24, 20], [1, 2, 25, 4, 9, 6, 7, 11, 3, 10, 16, 21, 13, 14, 15, 12, 17, 18, 19, 23, 8, 22, 5, 24, 20], [1, 2, 25, 4, 3, 6, 7, 11, 9, 10, 16, 21, 13, 14, 15, 12, 17, 18, 19, 23, 8, 22, 5, 24, 20], [1, 2, 25, 4, 5, 6, 7, 11, 9, 10, 16, 21, 13, 14, 15, 12, 17, 18, 19, 23, 8, 22, 3, 24, 20], [1, 2, 25, 4, 5, 6, 7, 11, 9, 10, 16, 21, 13, 14, 15, 12, 17, 18, 19, 3, 8, 22, 23, 24, 20], [1, 2, 25, 4, 5, 6, 7, 11, 9, 10, 16, 21, 13, 14, 15, 12, 17, 18, 19, 20, 8, 22, 23, 24, 3], [1, 2, 3, 4, 5, 6, 7, 11, 9, 10, 16, 21, 13, 14, 15, 12, 17, 18, 19, 20, 8, 22, 23, 24, 25], [1, 2, 3, 4, 5, 6, 7, 11, 9, 10, 16, 8, 13, 14, 15, 12, 17, 18, 19, 20, 21, 22, 23, 24, 25], [1, 2, 3, 4, 5, 6, 7, 8, 9, 10, 16, 11, 13, 14, 15, 12, 17, 18, 19, 20, 21, 22, 23, 24, 25], [1, 2, 3, 4, 5, 6, 7, 8, 9, 10, 12, 11, 13, 14, 15, 16, 17, 18, 19, 20, 21, 22, 23, 24, 25], [1, 2, 3, 4, 5, 6, 7, 8, 9, 10, 11, 12, 13, 14, 15, 16, 17, 18, 19, 20, 21, 22, 23, 24, 25]], idx1=[1, 2, 2, 3, 3, 3, 3, 3, 3, 3, 3, 3, 3, 3, 3, 3, 8, 8, 12, 11], idx2=[24, 18, 3, 14, 4, 10, 19, 6, 7, 15, 17, 9, 5, 23, 20, 25, 21, 11, 16, 12], _checker='')