============================================================
BENCHMARK ID: 55 | DIMENSIONE: 30 | STRATEGIA: default
============================================================

Input Vector: [10, 13, 26, 20, 21, 6, 16, 4, 22, 17, 3, 12, 27, 25, 24, 8, 2, 15, 5, 18, 1, 9, 7, 14, 29, 19, 11, 23, 30, 28]

STATO: RISOLTO
K: 25
TEMPO: 3.0680s
----------------------------------------
PIANO:
Solution(v=[[10, 13, 26, 20, 21, 6, 16, 4, 22, 17, 3, 12, 27, 25, 24, 8, 2, 15, 5, 18, 1, 9, 7, 14, 29, 19, 11, 23, 30, 28], [17, 13, 26, 20, 21, 6, 16, 4, 22, 10, 3, 12, 27, 25, 24, 8, 2, 15, 5, 18, 1, 9, 7, 14, 29, 19, 11, 23, 30, 28], [2, 13, 26, 20, 21, 6, 16, 4, 22, 10, 3, 12, 27, 25, 24, 8, 17, 15, 5, 18, 1, 9, 7, 14, 29, 19, 11, 23, 30, 28], [13, 2, 26, 20, 21, 6, 16, 4, 22, 10, 3, 12, 27, 25, 24, 8, 17, 15, 5, 18, 1, 9, 7, 14, 29, 19, 11, 23, 30, 28], [27, 2, 26, 20, 21, 6, 16, 4, 22, 10, 3, 12, 13, 25, 24, 8, 17, 15, 5, 18, 1, 9, 7, 14, 29, 19, 11, 23, 30, 28], [11, 2, 26, 20, 21, 6, 16, 4, 22, 10, 3, 12, 13, 25, 24, 8, 17, 15, 5, 18, 1, 9, 7, 14, 29, 19, 27, 23, 30, 28], [3, 2, 26, 20, 21, 6, 16, 4, 22, 10, 11, 12, 13, 25, 24, 8, 17, 15, 5, 18, 1, 9, 7, 14, 29, 19, 27, 23, 30, 28], [3, 2, 19, 20, 21, 6, 16, 4, 22, 10, 11, 12, 13, 25, 24, 8, 17, 15, 5, 18, 1, 9, 7, 14, 29, 26, 27, 23, 30, 28], [19, 2, 3, 20, 21, 6, 16, 4, 22, 10, 11, 12, 13, 25, 24, 8, 17, 15, 5, 18, 1, 9, 7, 14, 29, 26, 27, 23, 30, 28], [5, 2, 3, 20, 21, 6, 16, 4, 22, 10, 11, 12, 13, 25, 24, 8, 17, 15, 19, 18, 1, 9, 7, 14, 29, 26, 27, 23, 30, 28], [21, 2, 3, 20, 5, 6, 16, 4, 22, 10, 11, 12, 13, 25, 24, 8, 17, 15, 19, 18, 1, 9, 7, 14, 29, 26, 27, 23, 30, 28], [1, 2, 3, 20, 5, 6, 16, 4, 22, 10, 11, 12, 13, 25, 24, 8, 17, 15, 19, 18, 21, 9, 7, 14, 29, 26, 27, 23, 30, 28], [1, 2, 3, 18, 5, 6, 16, 4, 22, 10, 11, 12, 13, 25, 24, 8, 17, 15, 19, 20, 21, 9, 7, 14, 29, 26, 27, 23, 30, 28], [1, 2, 3, 4, 5, 6, 16, 18, 22, 10, 11, 12, 13, 25, 24, 8, 17, 15, 19, 20, 21, 9, 7, 14, 29, 26, 27, 23, 30, 28], [1, 2, 3, 4, 5, 6, 8, 18, 22, 10, 11, 12, 13, 25, 24, 16, 17, 15, 19, 20, 21, 9, 7, 14, 29, 26, 27, 23, 30, 28], [1, 2, 3, 4, 5, 6, 8, 15, 22, 10, 11, 12, 13, 25, 24, 16, 17, 18, 19, 20, 21, 9, 7, 14, 29, 26, 27, 23, 30, 28], [1, 2, 3, 4, 5, 6, 15, 8, 22, 10, 11, 12, 13, 25, 24, 16, 17, 18, 19, 20, 21, 9, 7, 14, 29, 26, 27, 23, 30, 28], [1, 2, 3, 4, 5, 6, 24, 8, 22, 10, 11, 12, 13, 25, 15, 16, 17, 18, 19, 20, 21, 9, 7, 14, 29, 26, 27, 23, 30, 28], [1, 2, 3, 4, 5, 6, 14, 8, 22, 10, 11, 12, 13, 25, 15, 16, 17, 18, 19, 20, 21, 9, 7, 24, 29, 26, 27, 23, 30, 28], [1, 2, 3, 4, 5, 6, 25, 8, 22, 10, 11, 12, 13, 14, 15, 16, 17, 18, 19, 20, 21, 9, 7, 24, 29, 26, 27, 23, 30, 28], [1, 2, 3, 4, 5, 6, 29, 8, 22, 10, 11, 12, 13, 14, 15, 16, 17, 18, 19, 20, 21, 9, 7, 24, 25, 26, 27, 23, 30, 28], [1, 2, 3, 4, 5, 6, 30, 8, 22, 10, 11, 12, 13, 14, 15, 16, 17, 18, 19, 20, 21, 9, 7, 24, 25, 26, 27, 23, 29, 28], [1, 2, 3, 4, 5, 6, 28, 8, 22, 10, 11, 12, 13, 14, 15, 16, 17, 18, 19, 20, 21, 9, 7, 24, 25, 26, 27, 23, 29, 30], [1, 2, 3, 4, 5, 6, 23, 8, 22, 10, 11, 12, 13, 14, 15, 16, 17, 18, 19, 20, 21, 9, 7, 24, 25, 26, 27, 28, 29, 30], [1, 2, 3, 4, 5, 6, 7, 8, 22, 10, 11, 12, 13, 14, 15, 16, 17, 18, 19, 20, 21, 9, 23, 24, 25, 26, 27, 28, 29, 30], [1, 2, 3, 4, 5, 6, 7, 8, 9, 10, 11, 12, 13, 14, 15, 16, 17, 18, 19, 20, 21, 22, 23, 24, 25, 26, 27, 28, 29, 30]], pos=[[21, 17, 11, 8, 19, 6, 23, 16, 22, 1, 27, 12, 2, 24, 18, 7, 10, 20, 26, 4, 5, 9, 28, 15, 14, 3, 13, 30, 25, 29], [21, 17, 11, 8, 19, 6, 23, 16, 22, 10, 27, 12, 2, 24, 18, 7, 1, 20, 26, 4, 5, 9, 28, 15, 14, 3, 13, 30, 25, 29], [21, 1, 11, 8, 19, 6, 23, 16, 22, 10, 27, 12, 2, 24, 18, 7, 17, 20, 26, 4, 5, 9, 28, 15, 14, 3, 13, 30, 25, 29], [21, 2, 11, 8, 19, 6, 23, 16, 22, 10, 27, 12, 1, 24, 18, 7, 17, 20, 26, 4, 5, 9, 28, 15, 14, 3, 13, 30, 25, 29], [21, 2, 11, 8, 19, 6, 23, 16, 22, 10, 27, 12, 13, 24, 18, 7, 17, 20, 26, 4, 5, 9, 28, 15, 14, 3, 1, 30, 25, 29], [21, 2, 11, 8, 19, 6, 23, 16, 22, 10, 1, 12, 13, 24, 18, 7, 17, 20, 26, 4, 5, 9, 28, 15, 14, 3, 27, 30, 25, 29], [21, 2, 1, 8, 19, 6, 23, 16, 22, 10, 11, 12, 13, 24, 18, 7, 17, 20, 26, 4, 5, 9, 28, 15, 14, 3, 27, 30, 25, 29], [21, 2, 1, 8, 19, 6, 23, 16, 22, 10, 11, 12, 13, 24, 18, 7, 17, 20, 3, 4, 5, 9, 28, 15, 14, 26, 27, 30, 25, 29], [21, 2, 3, 8, 19, 6, 23, 16, 22, 10, 11, 12, 13, 24, 18, 7, 17, 20, 1, 4, 5, 9, 28, 15, 14, 26, 27, 30, 25, 29], [21, 2, 3, 8, 1, 6, 23, 16, 22, 10, 11, 12, 13, 24, 18, 7, 17, 20, 19, 4, 5, 9, 28, 15, 14, 26, 27, 30, 25, 29], [21, 2, 3, 8, 5, 6, 23, 16, 22, 10, 11, 12, 13, 24, 18, 7, 17, 20, 19, 4, 1, 9, 28, 15, 14, 26, 27, 30, 25, 29], [1, 2, 3, 8, 5, 6, 23, 16, 22, 10, 11, 12, 13, 24, 18, 7, 17, 20, 19, 4, 21, 9, 28, 15, 14, 26, 27, 30, 25, 29], [1, 2, 3, 8, 5, 6, 23, 16, 22, 10, 11, 12, 13, 24, 18, 7, 17, 4, 19, 20, 21, 9, 28, 15, 14, 26, 27, 30, 25, 29], [1, 2, 3, 4, 5, 6, 23, 16, 22, 10, 11, 12, 13, 24, 18, 7, 17, 8, 19, 20, 21, 9, 28, 15, 14, 26, 27, 30, 25, 29], [1, 2, 3, 4, 5, 6, 23, 7, 22, 10, 11, 12, 13, 24, 18, 16, 17, 8, 19, 20, 21, 9, 28, 15, 14, 26, 27, 30, 25, 29], [1, 2, 3, 4, 5, 6, 23, 7, 22, 10, 11, 12, 13, 24, 8, 16, 17, 18, 19, 20, 21, 9, 28, 15, 14, 26, 27, 30, 25, 29], [1, 2, 3, 4, 5, 6, 23, 8, 22, 10, 11, 12, 13, 24, 7, 16, 17, 18, 19, 20, 21, 9, 28, 15, 14, 26, 27, 30, 25, 29], [1, 2, 3, 4, 5, 6, 23, 8, 22, 10, 11, 12, 13, 24, 15, 16, 17, 18, 19, 20, 21, 9, 28, 7, 14, 26, 27, 30, 25, 29], [1, 2, 3, 4, 5, 6, 23, 8, 22, 10, 11, 12, 13, 7, 15, 16, 17, 18, 19, 20, 21, 9, 28, 24, 14, 26, 27, 30, 25, 29], [1, 2, 3, 4, 5, 6, 23, 8, 22, 10, 11, 12, 13, 14, 15, 16, 17, 18, 19, 20, 21, 9, 28, 24, 7, 26, 27, 30, 25, 29], [1, 2, 3, 4, 5, 6, 23, 8, 22, 10, 11, 12, 13, 14, 15, 16, 17, 18, 19, 20, 21, 9, 28, 24, 25, 26, 27, 30, 7, 29], [1, 2, 3, 4, 5, 6, 23, 8, 22, 10, 11, 12, 13, 14, 15, 16, 17, 18, 19, 20, 21, 9, 28, 24, 25, 26, 27, 30, 29, 7], [1, 2, 3, 4, 5, 6, 23, 8, 22, 10, 11, 12, 13, 14, 15, 16, 17, 18, 19, 20, 21, 9, 28, 24, 25, 26, 27, 7, 29, 30], [1, 2, 3, 4, 5, 6, 23, 8, 22, 10, 11, 12, 13, 14, 15, 16, 17, 18, 19, 20, 21, 9, 7, 24, 25, 26, 27, 28, 29, 30], [1, 2, 3, 4, 5, 6, 7, 8, 22, 10, 11, 12, 13, 14, 15, 16, 17, 18, 19, 20, 21, 9, 23, 24, 25, 26, 27, 28, 29, 30], [1, 2, 3, 4, 5, 6, 7, 8, 9, 10, 11, 12, 13, 14, 15, 16, 17, 18, 19, 20, 21, 22, 23, 24, 25, 26, 27, 28, 29, 30]], idx1=[1, 1, 1, 1, 1, 1, 3, 1, 1, 1, 1, 4, 4, 7, 8, 7, 7, 7, 7, 7, 7, 7, 7, 7, 9], idx2=[10, 17, 2, 13, 27, 11, 26, 3, 19, 5, 21, 20, 8, 16, 18, 8, 15, 24, 14, 25, 29, 30, 28, 23, 22], _checker='')