============================================================
BENCHMARK ID: 28 | DIMENSIONE: 15 | STRATEGIA: default
============================================================

Input Vector: [3, 7, 13, 11, 6, 10, 12, 15, 9, 8, 4, 14, 1, 2, 5]

STATO: RISOLTO
K: 10
TEMPO: 0.2790s
----------------------------------------
PIANO:
Solution(v=[[3, 7, 13, 11, 6, 10, 12, 15, 9, 8, 4, 14, 1, 2, 5], [13, 7, 3, 11, 6, 10, 12, 15, 9, 8, 4, 14, 1, 2, 5], [1, 7, 3, 11, 6, 10, 12, 15, 9, 8, 4, 14, 13, 2, 5], [1, 12, 3, 11, 6, 10, 7, 15, 9, 8, 4, 14, 13, 2, 5], [1, 14, 3, 11, 6, 10, 7, 15, 9, 8, 4, 12, 13, 2, 5], [1, 2, 3, 11, 6, 10, 7, 15, 9, 8, 4, 12, 13, 14, 5], [1, 2, 3, 4, 6, 10, 7, 15, 9, 8, 11, 12, 13, 14, 5], [1, 2, 3, 4, 10, 6, 7, 15, 9, 8, 11, 12, 13, 14, 5], [1, 2, 3, 4, 10, 6, 7, 5, 9, 8, 11, 12, 13, 14, 15], [1, 2, 3, 4, 5, 6, 7, 10, 9, 8, 11, 12, 13, 14, 15], [1, 2, 3, 4, 5, 6, 7, 8, 9, 10, 11, 12, 13, 14, 15]], pos=[[13, 14, 1, 11, 15, 5, 2, 10, 9, 6, 4, 7, 3, 12, 8], [13, 14, 3, 11, 15, 5, 2, 10, 9, 6, 4, 7, 1, 12, 8], [1, 14, 3, 11, 15, 5, 2, 10, 9, 6, 4, 7, 13, 12, 8], [1, 14, 3, 11, 15, 5, 7, 10, 9, 6, 4, 2, 13, 12, 8], [1, 14, 3, 11, 15, 5, 7, 10, 9, 6, 4, 12, 13, 2, 8], [1, 2, 3, 11, 15, 5, 7, 10, 9, 6, 4, 12, 13, 14, 8], [1, 2, 3, 4, 15, 5, 7, 10, 9, 6, 11, 12, 13, 14, 8], [1, 2, 3, 4, 15, 6, 7, 10, 9, 5, 11, 12, 13, 14, 8], [1, 2, 3, 4, 8, 6, 7, 10, 9, 5, 11, 12, 13, 14, 15], [1, 2, 3, 4, 5, 6, 7, 10, 9, 8, 11, 12, 13, 14, 15], [1, 2, 3, 4, 5, 6, 7, 8, 9, 10, 11, 12, 13, 14, 15]], idx1=[1, 1, 2, 2, 2, 4, 5, 8, 5, 8], idx2=[3, 13, 7, 12, 14, 11, 6, 15, 8, 10], _checker='')