============================================================
BENCHMARK ID: 3 | DIMENSIONE: 5 | STRATEGIA: default
============================================================

Input Vector: [2, 4, 1, 5, 3]

STATO: RISOLTO
K: 4
TEMPO: 0.2040s
----------------------------------------
PIANO:
Solution(v=[[2, 4, 1, 5, 3], [2, 5, 1, 4, 3], [5, 2, 1, 4, 3], [3, 2, 1, 4, 5], [1, 2, 3, 4, 5]], pos=[[3, 1, 5, 2, 4], [3, 1, 5, 4, 2], [3, 2, 5, 4, 1], [3, 2, 1, 4, 5], [1, 2, 3, 4, 5]], idx1=[2, 1, 1, 1], idx2=[4, 2, 5, 3], _checker='')