============================================================
BENCHMARK ID: 18 | DIMENSIONE: 10 | STRATEGIA: default
============================================================

Input Vector: [3, 9, 10, 6, 4, 7, 1, 2, 5, 8]

STATO: RISOLTO
K: 9
TEMPO: 0.3350s
----------------------------------------
PIANO:
Solution(v=[[3, 9, 10, 6, 4, 7, 1, 2, 5, 8], [3, 9, 8, 6, 4, 7, 1, 2, 5, 10], [8, 9, 3, 6, 4, 7, 1, 2, 5, 10], [2, 9, 3, 6, 4, 7, 1, 8, 5, 10], [9, 2, 3, 6, 4, 7, 1, 8, 5, 10], [5, 2, 3, 6, 4, 7, 1, 8, 9, 10], [4, 2, 3, 6, 5, 7, 1, 8, 9, 10], [6, 2, 3, 4, 5, 7, 1, 8, 9, 10], [7, 2, 3, 4, 5, 6, 1, 8, 9, 10], [1, 2, 3, 4, 5, 6, 7, 8, 9, 10]], pos=[[7, 8, 1, 5, 9, 4, 6, 10, 2, 3], [7, 8, 1, 5, 9, 4, 6, 3, 2, 10], [7, 8, 3, 5, 9, 4, 6, 1, 2, 10], [7, 1, 3, 5, 9, 4, 6, 8, 2, 10], [7, 2, 3, 5, 9, 4, 6, 8, 1, 10], [7, 2, 3, 5, 1, 4, 6, 8, 9, 10], [7, 2, 3, 1, 5, 4, 6, 8, 9, 10], [7, 2, 3, 4, 5, 1, 6, 8, 9, 10], [7, 2, 3, 4, 5, 6, 1, 8, 9, 10], [1, 2, 3, 4, 5, 6, 7, 8, 9, 10]], idx1=[3, 1, 1, 1, 1, 1, 1, 1, 1], idx2=[10, 3, 8, 2, 9, 5, 4, 6, 7], _checker='')