============================================================
BENCHMARK ID: 36 | DIMENSIONE: 20 | STRATEGIA: default
============================================================

Input Vector: [13, 20, 1, 15, 5, 19, 6, 18, 3, 14, 16, 12, 10, 7, 4, 9, 2, 11, 8, 17]

STATO: RISOLTO
K: 15
TEMPO: 0.3590s
----------------------------------------
PIANO:
Solution(v=[[13, 20, 1, 15, 5, 19, 6, 18, 3, 14, 16, 12, 10, 7, 4, 9, 2, 11, 8, 17], [10, 20, 1, 15, 5, 19, 6, 18, 3, 14, 16, 12, 13, 7, 4, 9, 2, 11, 8, 17], [14, 20, 1, 15, 5, 19, 6, 18, 3, 10, 16, 12, 13, 7, 4, 9, 2, 11, 8, 17], [7, 20, 1, 15, 5, 19, 6, 18, 3, 10, 16, 12, 13, 14, 4, 9, 2, 11, 8, 17], [6, 20, 1, 15, 5, 19, 7, 18, 3, 10, 16, 12, 13, 14, 4, 9, 2, 11, 8, 17], [19, 20, 1, 15, 5, 6, 7, 18, 3, 10, 16, 12, 13, 14, 4, 9, 2, 11, 8, 17], [8, 20, 1, 15, 5, 6, 7, 18, 3, 10, 16, 12, 13, 14, 4, 9, 2, 11, 19, 17], [18, 20, 1, 15, 5, 6, 7, 8, 3, 10, 16, 12, 13, 14, 4, 9, 2, 11, 19, 17], [11, 20, 1, 15, 5, 6, 7, 8, 3, 10, 16, 12, 13, 14, 4, 9, 2, 18, 19, 17], [16, 20, 1, 15, 5, 6, 7, 8, 3, 10, 11, 12, 13, 14, 4, 9, 2, 18, 19, 17], [9, 20, 1, 15, 5, 6, 7, 8, 3, 10, 11, 12, 13, 14, 4, 16, 2, 18, 19, 17], [3, 20, 1, 15, 5, 6, 7, 8, 9, 10, 11, 12, 13, 14, 4, 16, 2, 18, 19, 17], [1, 20, 3, 15, 5, 6, 7, 8, 9, 10, 11, 12, 13, 14, 4, 16, 2, 18, 19, 17], [1, 17, 3, 15, 5, 6, 7, 8, 9, 10, 11, 12, 13, 14, 4, 16, 2, 18, 19, 20], [1, 2, 3, 15, 5, 6, 7, 8, 9, 10, 11, 12, 13, 14, 4, 16, 17, 18, 19, 20], [1, 2, 3, 4, 5, 6, 7, 8, 9, 10, 11, 12, 13, 14, 15, 16, 17, 18, 19, 20]], pos=[[3, 17, 9, 15, 5, 7, 14, 19, 16, 13, 18, 12, 1, 10, 4, 11, 20, 8, 6, 2], [3, 17, 9, 15, 5, 7, 14, 19, 16, 1, 18, 12, 13, 10, 4, 11, 20, 8, 6, 2], [3, 17, 9, 15, 5, 7, 14, 19, 16, 10, 18, 12, 13, 1, 4, 11, 20, 8, 6, 2], [3, 17, 9, 15, 5, 7, 1, 19, 16, 10, 18, 12, 13, 14, 4, 11, 20, 8, 6, 2], [3, 17, 9, 15, 5, 1, 7, 19, 16, 10, 18, 12, 13, 14, 4, 11, 20, 8, 6, 2], [3, 17, 9, 15, 5, 6, 7, 19, 16, 10, 18, 12, 13, 14, 4, 11, 20, 8, 1, 2], [3, 17, 9, 15, 5, 6, 7, 1, 16, 10, 18, 12, 13, 14, 4, 11, 20, 8, 19, 2], [3, 17, 9, 15, 5, 6, 7, 8, 16, 10, 18, 12, 13, 14, 4, 11, 20, 1, 19, 2], [3, 17, 9, 15, 5, 6, 7, 8, 16, 10, 1, 12, 13, 14, 4, 11, 20, 18, 19, 2], [3, 17, 9, 15, 5, 6, 7, 8, 16, 10, 11, 12, 13, 14, 4, 1, 20, 18, 19, 2], [3, 17, 9, 15, 5, 6, 7, 8, 1, 10, 11, 12, 13, 14, 4, 16, 20, 18, 19, 2], [3, 17, 1, 15, 5, 6, 7, 8, 9, 10, 11, 12, 13, 14, 4, 16, 20, 18, 19, 2], [1, 17, 3, 15, 5, 6, 7, 8, 9, 10, 11, 12, 13, 14, 4, 16, 20, 18, 19, 2], [1, 17, 3, 15, 5, 6, 7, 8, 9, 10, 11, 12, 13, 14, 4, 16, 2, 18, 19, 20], [1, 2, 3, 15, 5, 6, 7, 8, 9, 10, 11, 12, 13, 14, 4, 16, 17, 18, 19, 20], [1, 2, 3, 4, 5, 6, 7, 8, 9, 10, 11, 12, 13, 14, 15, 16, 17, 18, 19, 20]], idx1=[1, 1, 1, 1, 1, 1, 1, 1, 1, 1, 1, 1, 2, 2, 4], idx2=[13, 10, 14, 7, 6, 19, 8, 18, 11, 16, 9, 3, 20, 17, 15], _checker='')