============================================================
BENCHMARK ID: 42 | DIMENSIONE: 25 | STRATEGIA: default
============================================================

Input Vector: [25, 3, 20, 2, 9, 7, 16, 5, 18, 13, 1, 22, 8, 11, 21, 19, 24, 14, 15, 4, 12, 10, 17, 6, 23]

STATO: RISOLTO
K: 23
TEMPO: 2.5480s
----------------------------------------
PIANO:
Solution(v=[[25, 3, 20, 2, 9, 7, 16, 5, 18, 13, 1, 22, 8, 11, 21, 19, 24, 14, 15, 4, 12, 10, 17, 6, 23], [23, 3, 20, 2, 9, 7, 16, 5, 18, 13, 1, 22, 8, 11, 21, 19, 24, 14, 15, 4, 12, 10, 17, 6, 25], [17, 3, 20, 2, 9, 7, 16, 5, 18, 13, 1, 22, 8, 11, 21, 19, 24, 14, 15, 4, 12, 10, 23, 6, 25], [24, 3, 20, 2, 9, 7, 16, 5, 18, 13, 1, 22, 8, 11, 21, 19, 17, 14, 15, 4, 12, 10, 23, 6, 25], [6, 3, 20, 2, 9, 7, 16, 5, 18, 13, 1, 22, 8, 11, 21, 19, 17, 14, 15, 4, 12, 10, 23, 24, 25], [7, 3, 20, 2, 9, 6, 16, 5, 18, 13, 1, 22, 8, 11, 21, 19, 17, 14, 15, 4, 12, 10, 23, 24, 25], [16, 3, 20, 2, 9, 6, 7, 5, 18, 13, 1, 22, 8, 11, 21, 19, 17, 14, 15, 4, 12, 10, 23, 24, 25], [19, 3, 20, 2, 9, 6, 7, 5, 18, 13, 1, 22, 8, 11, 21, 16, 17, 14, 15, 4, 12, 10, 23, 24, 25], [15, 3, 20, 2, 9, 6, 7, 5, 18, 13, 1, 22, 8, 11, 21, 16, 17, 14, 19, 4, 12, 10, 23, 24, 25], [21, 3, 20, 2, 9, 6, 7, 5, 18, 13, 1, 22, 8, 11, 15, 16, 17, 14, 19, 4, 12, 10, 23, 24, 25], [12, 3, 20, 2, 9, 6, 7, 5, 18, 13, 1, 22, 8, 11, 15, 16, 17, 14, 19, 4, 21, 10, 23, 24, 25], [22, 3, 20, 2, 9, 6, 7, 5, 18, 13, 1, 12, 8, 11, 15, 16, 17, 14, 19, 4, 21, 10, 23, 24, 25], [10, 3, 20, 2, 9, 6, 7, 5, 18, 13, 1, 12, 8, 11, 15, 16, 17, 14, 19, 4, 21, 22, 23, 24, 25], [13, 3, 20, 2, 9, 6, 7, 5, 18, 10, 1, 12, 8, 11, 15, 16, 17, 14, 19, 4, 21, 22, 23, 24, 25], [8, 3, 20, 2, 9, 6, 7, 5, 18, 10, 1, 12, 13, 11, 15, 16, 17, 14, 19, 4, 21, 22, 23, 24, 25], [5, 3, 20, 2, 9, 6, 7, 8, 18, 10, 1, 12, 13, 11, 15, 16, 17, 14, 19, 4, 21, 22, 23, 24, 25], [9, 3, 20, 2, 5, 6, 7, 8, 18, 10, 1, 12, 13, 11, 15, 16, 17, 14, 19, 4, 21, 22, 23, 24, 25], [18, 3, 20, 2, 5, 6, 7, 8, 9, 10, 1, 12, 13, 11, 15, 16, 17, 14, 19, 4, 21, 22, 23, 24, 25], [14, 3, 20, 2, 5, 6, 7, 8, 9, 10, 1, 12, 13, 11, 15, 16, 17, 18, 19, 4, 21, 22, 23, 24, 25], [11, 3, 20, 2, 5, 6, 7, 8, 9, 10, 1, 12, 13, 14, 15, 16, 17, 18, 19, 4, 21, 22, 23, 24, 25], [1, 3, 20, 2, 5, 6, 7, 8, 9, 10, 11, 12, 13, 14, 15, 16, 17, 18, 19, 4, 21, 22, 23, 24, 25], [1, 3, 4, 2, 5, 6, 7, 8, 9, 10, 11, 12, 13, 14, 15, 16, 17, 18, 19, 20, 21, 22, 23, 24, 25], [1, 4, 3, 2, 5, 6, 7, 8, 9, 10, 11, 12, 13, 14, 15, 16, 17, 18, 19, 20, 21, 22, 23, 24, 25], [1, 2, 3, 4, 5, 6, 7, 8, 9, 10, 11, 12, 13, 14, 15, 16, 17, 18, 19, 20, 21, 22, 23, 24, 25]], pos=[[11, 4, 2, 20, 8, 24, 6, 13, 5, 22, 14, 21, 10, 18, 19, 7, 23, 9, 16, 3, 15, 12, 25, 17, 1], [11, 4, 2, 20, 8, 24, 6, 13, 5, 22, 14, 21, 10, 18, 19, 7, 23, 9, 16, 3, 15, 12, 1, 17, 25], [11, 4, 2, 20, 8, 24, 6, 13, 5, 22, 14, 21, 10, 18, 19, 7, 1, 9, 16, 3, 15, 12, 23, 17, 25], [11, 4, 2, 20, 8, 24, 6, 13, 5, 22, 14, 21, 10, 18, 19, 7, 17, 9, 16, 3, 15, 12, 23, 1, 25], [11, 4, 2, 20, 8, 1, 6, 13, 5, 22, 14, 21, 10, 18, 19, 7, 17, 9, 16, 3, 15, 12, 23, 24, 25], [11, 4, 2, 20, 8, 6, 1, 13, 5, 22, 14, 21, 10, 18, 19, 7, 17, 9, 16, 3, 15, 12, 23, 24, 25], [11, 4, 2, 20, 8, 6, 7, 13, 5, 22, 14, 21, 10, 18, 19, 1, 17, 9, 16, 3, 15, 12, 23, 24, 25], [11, 4, 2, 20, 8, 6, 7, 13, 5, 22, 14, 21, 10, 18, 19, 16, 17, 9, 1, 3, 15, 12, 23, 24, 25], [11, 4, 2, 20, 8, 6, 7, 13, 5, 22, 14, 21, 10, 18, 1, 16, 17, 9, 19, 3, 15, 12, 23, 24, 25], [11, 4, 2, 20, 8, 6, 7, 13, 5, 22, 14, 21, 10, 18, 15, 16, 17, 9, 19, 3, 1, 12, 23, 24, 25], [11, 4, 2, 20, 8, 6, 7, 13, 5, 22, 14, 1, 10, 18, 15, 16, 17, 9, 19, 3, 21, 12, 23, 24, 25], [11, 4, 2, 20, 8, 6, 7, 13, 5, 22, 14, 12, 10, 18, 15, 16, 17, 9, 19, 3, 21, 1, 23, 24, 25], [11, 4, 2, 20, 8, 6, 7, 13, 5, 1, 14, 12, 10, 18, 15, 16, 17, 9, 19, 3, 21, 22, 23, 24, 25], [11, 4, 2, 20, 8, 6, 7, 13, 5, 10, 14, 12, 1, 18, 15, 16, 17, 9, 19, 3, 21, 22, 23, 24, 25], [11, 4, 2, 20, 8, 6, 7, 1, 5, 10, 14, 12, 13, 18, 15, 16, 17, 9, 19, 3, 21, 22, 23, 24, 25], [11, 4, 2, 20, 1, 6, 7, 8, 5, 10, 14, 12, 13, 18, 15, 16, 17, 9, 19, 3, 21, 22, 23, 24, 25], [11, 4, 2, 20, 5, 6, 7, 8, 1, 10, 14, 12, 13, 18, 15, 16, 17, 9, 19, 3, 21, 22, 23, 24, 25], [11, 4, 2, 20, 5, 6, 7, 8, 9, 10, 14, 12, 13, 18, 15, 16, 17, 1, 19, 3, 21, 22, 23, 24, 25], [11, 4, 2, 20, 5, 6, 7, 8, 9, 10, 14, 12, 13, 1, 15, 16, 17, 18, 19, 3, 21, 22, 23, 24, 25], [11, 4, 2, 20, 5, 6, 7, 8, 9, 10, 1, 12, 13, 14, 15, 16, 17, 18, 19, 3, 21, 22, 23, 24, 25], [1, 4, 2, 20, 5, 6, 7, 8, 9, 10, 11, 12, 13, 14, 15, 16, 17, 18, 19, 3, 21, 22, 23, 24, 25], [1, 4, 2, 3, 5, 6, 7, 8, 9, 10, 11, 12, 13, 14, 15, 16, 17, 18, 19, 20, 21, 22, 23, 24, 25], [1, 4, 3, 2, 5, 6, 7, 8, 9, 10, 11, 12, 13, 14, 15, 16, 17, 18, 19, 20, 21, 22, 23, 24, 25], [1, 2, 3, 4, 5, 6, 7, 8, 9, 10, 11, 12, 13, 14, 15, 16, 17, 18, 19, 20, 21, 22, 23, 24, 25]], idx1=[1, 1, 1, 1, 1, 1, 1, 1, 1, 1, 1, 1, 1, 1, 1, 1, 1, 1, 1, 1, 3, 2, 2], idx2=[25, 23, 17, 24, 6, 7, 16, 19, 15, 21, 12, 22, 10, 13, 8, 5, 9, 18, 14, 11, 20, 3, 4], _checker='')