============================================================
BENCHMARK ID: 13 | DIMENSIONE: 10 | STRATEGIA: default
============================================================

Input Vector: [10, 7, 3, 2, 9, 4, 8, 5, 1, 6]

STATO: RISOLTO
K: 8
TEMPO: 0.2800s
----------------------------------------
PIANO:
Solution(v=[[10, 7, 3, 2, 9, 4, 8, 5, 1, 6], [6, 7, 3, 2, 9, 4, 8, 5, 1, 10], [4, 7, 3, 2, 9, 6, 8, 5, 1, 10], [2, 7, 3, 4, 9, 6, 8, 5, 1, 10], [7, 2, 3, 4, 9, 6, 8, 5, 1, 10], [8, 2, 3, 4, 9, 6, 7, 5, 1, 10], [5, 2, 3, 4, 9, 6, 7, 8, 1, 10], [9, 2, 3, 4, 5, 6, 7, 8, 1, 10], [1, 2, 3, 4, 5, 6, 7, 8, 9, 10]], pos=[[9, 4, 3, 6, 8, 10, 2, 7, 5, 1], [9, 4, 3, 6, 8, 1, 2, 7, 5, 10], [9, 4, 3, 1, 8, 6, 2, 7, 5, 10], [9, 1, 3, 4, 8, 6, 2, 7, 5, 10], [9, 2, 3, 4, 8, 6, 1, 7, 5, 10], [9, 2, 3, 4, 8, 6, 7, 1, 5, 10], [9, 2, 3, 4, 1, 6, 7, 8, 5, 10], [9, 2, 3, 4, 5, 6, 7, 8, 1, 10], [1, 2, 3, 4, 5, 6, 7, 8, 9, 10]], idx1=[1, 1, 1, 1, 1, 1, 1, 1], idx2=[10, 6, 4, 2, 7, 8, 5, 9], _checker='')