============================================================
BENCHMARK ID: 43 | DIMENSIONE: 25 | STRATEGIA: default
============================================================

Input Vector: [18, 8, 4, 17, 9, 10, 12, 22, 16, 3, 6, 15, 7, 21, 19, 24, 25, 20, 1, 5, 13, 23, 11, 2, 14]

STATO: RISOLTO
K: 24
TEMPO: 0.2890s
----------------------------------------
PIANO:
Solution(v=[[18, 8, 4, 17, 9, 10, 12, 22, 16, 3, 6, 15, 7, 21, 19, 24, 25, 20, 1, 5, 13, 23, 11, 2, 14], [18, 8, 4, 17, 9, 10, 12, 22, 16, 3, 6, 15, 7, 21, 19, 24, 25, 5, 1, 20, 13, 23, 11, 2, 14], [5, 8, 4, 17, 9, 10, 12, 22, 16, 3, 6, 15, 7, 21, 19, 24, 25, 18, 1, 20, 13, 23, 11, 2, 14], [9, 8, 4, 17, 5, 10, 12, 22, 16, 3, 6, 15, 7, 21, 19, 24, 25, 18, 1, 20, 13, 23, 11, 2, 14], [16, 8, 4, 17, 5, 10, 12, 22, 9, 3, 6, 15, 7, 21, 19, 24, 25, 18, 1, 20, 13, 23, 11, 2, 14], [24, 8, 4, 17, 5, 10, 12, 22, 9, 3, 6, 15, 7, 21, 19, 16, 25, 18, 1, 20, 13, 23, 11, 2, 14], [2, 8, 4, 17, 5, 10, 12, 22, 9, 3, 6, 15, 7, 21, 19, 16, 25, 18, 1, 20, 13, 23, 11, 24, 14], [8, 2, 4, 17, 5, 10, 12, 22, 9, 3, 6, 15, 7, 21, 19, 16, 25, 18, 1, 20, 13, 23, 11, 24, 14], [22, 2, 4, 17, 5, 10, 12, 8, 9, 3, 6, 15, 7, 21, 19, 16, 25, 18, 1, 20, 13, 23, 11, 24, 14], [23, 2, 4, 17, 5, 10, 12, 8, 9, 3, 6, 15, 7, 21, 19, 16, 25, 18, 1, 20, 13, 22, 11, 24, 14], [11, 2, 4, 17, 5, 10, 12, 8, 9, 3, 6, 15, 7, 21, 19, 16, 25, 18, 1, 20, 13, 22, 23, 24, 14], [6, 2, 4, 17, 5, 10, 12, 8, 9, 3, 11, 15, 7, 21, 19, 16, 25, 18, 1, 20, 13, 22, 23, 24, 14], [10, 2, 4, 17, 5, 6, 12, 8, 9, 3, 11, 15, 7, 21, 19, 16, 25, 18, 1, 20, 13, 22, 23, 24, 14], [3, 2, 4, 17, 5, 6, 12, 8, 9, 10, 11, 15, 7, 21, 19, 16, 25, 18, 1, 20, 13, 22, 23, 24, 14], [4, 2, 3, 17, 5, 6, 12, 8, 9, 10, 11, 15, 7, 21, 19, 16, 25, 18, 1, 20, 13, 22, 23, 24, 14], [17, 2, 3, 4, 5, 6, 12, 8, 9, 10, 11, 15, 7, 21, 19, 16, 25, 18, 1, 20, 13, 22, 23, 24, 14], [25, 2, 3, 4, 5, 6, 12, 8, 9, 10, 11, 15, 7, 21, 19, 16, 17, 18, 1, 20, 13, 22, 23, 24, 14], [14, 2, 3, 4, 5, 6, 12, 8, 9, 10, 11, 15, 7, 21, 19, 16, 17, 18, 1, 20, 13, 22, 23, 24, 25], [21, 2, 3, 4, 5, 6, 12, 8, 9, 10, 11, 15, 7, 14, 19, 16, 17, 18, 1, 20, 13, 22, 23, 24, 25], [13, 2, 3, 4, 5, 6, 12, 8, 9, 10, 11, 15, 7, 14, 19, 16, 17, 18, 1, 20, 21, 22, 23, 24, 25], [7, 2, 3, 4, 5, 6, 12, 8, 9, 10, 11, 15, 13, 14, 19, 16, 17, 18, 1, 20, 21, 22, 23, 24, 25], [12, 2, 3, 4, 5, 6, 7, 8, 9, 10, 11, 15, 13, 14, 19, 16, 17, 18, 1, 20, 21, 22, 23, 24, 25], [15, 2, 3, 4, 5, 6, 7, 8, 9, 10, 11, 12, 13, 14, 19, 16, 17, 18, 1, 20, 21, 22, 23, 24, 25], [19, 2, 3, 4, 5, 6, 7, 8, 9, 10, 11, 12, 13, 14, 15, 16, 17, 18, 1, 20, 21, 22, 23, 24, 25], [1, 2, 3, 4, 5, 6, 7, 8, 9, 10, 11, 12, 13, 14, 15, 16, 17, 18, 19, 20, 21, 22, 23, 24, 25]], pos=[[19, 24, 10, 3, 20, 11, 13, 2, 5, 6, 23, 7, 21, 25, 12, 9, 4, 1, 15, 18, 14, 8, 22, 16, 17], [19, 24, 10, 3, 18, 11, 13, 2, 5, 6, 23, 7, 21, 25, 12, 9, 4, 1, 15, 20, 14, 8, 22, 16, 17], [19, 24, 10, 3, 1, 11, 13, 2, 5, 6, 23, 7, 21, 25, 12, 9, 4, 18, 15, 20, 14, 8, 22, 16, 17], [19, 24, 10, 3, 5, 11, 13, 2, 1, 6, 23, 7, 21, 25, 12, 9, 4, 18, 15, 20, 14, 8, 22, 16, 17], [19, 24, 10, 3, 5, 11, 13, 2, 9, 6, 23, 7, 21, 25, 12, 1, 4, 18, 15, 20, 14, 8, 22, 16, 17], [19, 24, 10, 3, 5, 11, 13, 2, 9, 6, 23, 7, 21, 25, 12, 16, 4, 18, 15, 20, 14, 8, 22, 1, 17], [19, 1, 10, 3, 5, 11, 13, 2, 9, 6, 23, 7, 21, 25, 12, 16, 4, 18, 15, 20, 14, 8, 22, 24, 17], [19, 2, 10, 3, 5, 11, 13, 1, 9, 6, 23, 7, 21, 25, 12, 16, 4, 18, 15, 20, 14, 8, 22, 24, 17], [19, 2, 10, 3, 5, 11, 13, 8, 9, 6, 23, 7, 21, 25, 12, 16, 4, 18, 15, 20, 14, 1, 22, 24, 17], [19, 2, 10, 3, 5, 11, 13, 8, 9, 6, 23, 7, 21, 25, 12, 16, 4, 18, 15, 20, 14, 22, 1, 24, 17], [19, 2, 10, 3, 5, 11, 13, 8, 9, 6, 1, 7, 21, 25, 12, 16, 4, 18, 15, 20, 14, 22, 23, 24, 17], [19, 2, 10, 3, 5, 1, 13, 8, 9, 6, 11, 7, 21, 25, 12, 16, 4, 18, 15, 20, 14, 22, 23, 24, 17], [19, 2, 10, 3, 5, 6, 13, 8, 9, 1, 11, 7, 21, 25, 12, 16, 4, 18, 15, 20, 14, 22, 23, 24, 17], [19, 2, 1, 3, 5, 6, 13, 8, 9, 10, 11, 7, 21, 25, 12, 16, 4, 18, 15, 20, 14, 22, 23, 24, 17], [19, 2, 3, 1, 5, 6, 13, 8, 9, 10, 11, 7, 21, 25, 12, 16, 4, 18, 15, 20, 14, 22, 23, 24, 17], [19, 2, 3, 4, 5, 6, 13, 8, 9, 10, 11, 7, 21, 25, 12, 16, 1, 18, 15, 20, 14, 22, 23, 24, 17], [19, 2, 3, 4, 5, 6, 13, 8, 9, 10, 11, 7, 21, 25, 12, 16, 17, 18, 15, 20, 14, 22, 23, 24, 1], [19, 2, 3, 4, 5, 6, 13, 8, 9, 10, 11, 7, 21, 1, 12, 16, 17, 18, 15, 20, 14, 22, 23, 24, 25], [19, 2, 3, 4, 5, 6, 13, 8, 9, 10, 11, 7, 21, 14, 12, 16, 17, 18, 15, 20, 1, 22, 23, 24, 25], [19, 2, 3, 4, 5, 6, 13, 8, 9, 10, 11, 7, 1, 14, 12, 16, 17, 18, 15, 20, 21, 22, 23, 24, 25], [19, 2, 3, 4, 5, 6, 1, 8, 9, 10, 11, 7, 13, 14, 12, 16, 17, 18, 15, 20, 21, 22, 23, 24, 25], [19, 2, 3, 4, 5, 6, 7, 8, 9, 10, 11, 1, 13, 14, 12, 16, 17, 18, 15, 20, 21, 22, 23, 24, 25], [19, 2, 3, 4, 5, 6, 7, 8, 9, 10, 11, 12, 13, 14, 1, 16, 17, 18, 15, 20, 21, 22, 23, 24, 25], [19, 2, 3, 4, 5, 6, 7, 8, 9, 10, 11, 12, 13, 14, 15, 16, 17, 18, 1, 20, 21, 22, 23, 24, 25], [1, 2, 3, 4, 5, 6, 7, 8, 9, 10, 11, 12, 13, 14, 15, 16, 17, 18, 19, 20, 21, 22, 23, 24, 25]], idx1=[18, 1, 1, 1, 1, 1, 1, 1, 1, 1, 1, 1, 1, 1, 1, 1, 1, 1, 1, 1, 1, 1, 1, 1], idx2=[20, 18, 5, 9, 16, 24, 2, 8, 22, 23, 11, 6, 10, 3, 4, 17, 25, 14, 21, 13, 7, 12, 15, 19], _checker='')