============================================================
BENCHMARK ID: 33 | DIMENSIONE: 20 | STRATEGIA: default
============================================================

Input Vector: [19, 16, 17, 10, 6, 4, 5, 3, 14, 8, 13, 18, 20, 15, 9, 7, 1, 12, 2, 11]

STATO: RISOLTO
K: 16
TEMPO: 0.3780s
----------------------------------------
PIANO:
Solution(v=[[19, 16, 17, 10, 6, 4, 5, 3, 14, 8, 13, 18, 20, 15, 9, 7, 1, 12, 2, 11], [2, 16, 17, 10, 6, 4, 5, 3, 14, 8, 13, 18, 20, 15, 9, 7, 1, 12, 19, 11], [2, 7, 17, 10, 6, 4, 5, 3, 14, 8, 13, 18, 20, 15, 9, 16, 1, 12, 19, 11], [7, 2, 17, 10, 6, 4, 5, 3, 14, 8, 13, 18, 20, 15, 9, 16, 1, 12, 19, 11], [5, 2, 17, 10, 6, 4, 7, 3, 14, 8, 13, 18, 20, 15, 9, 16, 1, 12, 19, 11], [6, 2, 17, 10, 5, 4, 7, 3, 14, 8, 13, 18, 20, 15, 9, 16, 1, 12, 19, 11], [4, 2, 17, 10, 5, 6, 7, 3, 14, 8, 13, 18, 20, 15, 9, 16, 1, 12, 19, 11], [10, 2, 17, 4, 5, 6, 7, 3, 14, 8, 13, 18, 20, 15, 9, 16, 1, 12, 19, 11], [8, 2, 17, 4, 5, 6, 7, 3, 14, 10, 13, 18, 20, 15, 9, 16, 1, 12, 19, 11], [3, 2, 17, 4, 5, 6, 7, 8, 14, 10, 13, 18, 20, 15, 9, 16, 1, 12, 19, 11], [17, 2, 3, 4, 5, 6, 7, 8, 14, 10, 13, 18, 20, 15, 9, 16, 1, 12, 19, 11], [1, 2, 3, 4, 5, 6, 7, 8, 14, 10, 13, 18, 20, 15, 9, 16, 17, 12, 19, 11], [1, 2, 3, 4, 5, 6, 7, 8, 14, 10, 20, 18, 13, 15, 9, 16, 17, 12, 19, 11], [1, 2, 3, 4, 5, 6, 7, 8, 14, 10, 20, 18, 13, 9, 15, 16, 17, 12, 19, 11], [1, 2, 3, 4, 5, 6, 7, 8, 9, 10, 20, 18, 13, 14, 15, 16, 17, 12, 19, 11], [1, 2, 3, 4, 5, 6, 7, 8, 9, 10, 11, 18, 13, 14, 15, 16, 17, 12, 19, 20], [1, 2, 3, 4, 5, 6, 7, 8, 9, 10, 11, 12, 13, 14, 15, 16, 17, 18, 19, 20]], pos=[[17, 19, 8, 6, 7, 5, 16, 10, 15, 4, 20, 18, 11, 9, 14, 2, 3, 12, 1, 13], [17, 1, 8, 6, 7, 5, 16, 10, 15, 4, 20, 18, 11, 9, 14, 2, 3, 12, 19, 13], [17, 1, 8, 6, 7, 5, 2, 10, 15, 4, 20, 18, 11, 9, 14, 16, 3, 12, 19, 13], [17, 2, 8, 6, 7, 5, 1, 10, 15, 4, 20, 18, 11, 9, 14, 16, 3, 12, 19, 13], [17, 2, 8, 6, 1, 5, 7, 10, 15, 4, 20, 18, 11, 9, 14, 16, 3, 12, 19, 13], [17, 2, 8, 6, 5, 1, 7, 10, 15, 4, 20, 18, 11, 9, 14, 16, 3, 12, 19, 13], [17, 2, 8, 1, 5, 6, 7, 10, 15, 4, 20, 18, 11, 9, 14, 16, 3, 12, 19, 13], [17, 2, 8, 4, 5, 6, 7, 10, 15, 1, 20, 18, 11, 9, 14, 16, 3, 12, 19, 13], [17, 2, 8, 4, 5, 6, 7, 1, 15, 10, 20, 18, 11, 9, 14, 16, 3, 12, 19, 13], [17, 2, 1, 4, 5, 6, 7, 8, 15, 10, 20, 18, 11, 9, 14, 16, 3, 12, 19, 13], [17, 2, 3, 4, 5, 6, 7, 8, 15, 10, 20, 18, 11, 9, 14, 16, 1, 12, 19, 13], [1, 2, 3, 4, 5, 6, 7, 8, 15, 10, 20, 18, 11, 9, 14, 16, 17, 12, 19, 13], [1, 2, 3, 4, 5, 6, 7, 8, 15, 10, 20, 18, 13, 9, 14, 16, 17, 12, 19, 11], [1, 2, 3, 4, 5, 6, 7, 8, 14, 10, 20, 18, 13, 9, 15, 16, 17, 12, 19, 11], [1, 2, 3, 4, 5, 6, 7, 8, 9, 10, 20, 18, 13, 14, 15, 16, 17, 12, 19, 11], [1, 2, 3, 4, 5, 6, 7, 8, 9, 10, 11, 18, 13, 14, 15, 16, 17, 12, 19, 20], [1, 2, 3, 4, 5, 6, 7, 8, 9, 10, 11, 12, 13, 14, 15, 16, 17, 18, 19, 20]], idx1=[1, 2, 1, 1, 1, 1, 1, 1, 1, 1, 1, 11, 14, 9, 11, 12], idx2=[19, 16, 2, 7, 5, 6, 4, 10, 8, 3, 17, 13, 15, 14, 20, 18], _checker='')