============================================================
BENCHMARK ID: 57 | DIMENSIONE: 30 | STRATEGIA: default
============================================================

Input Vector: [25, 1, 4, 26, 12, 22, 27, 8, 29, 13, 17, 10, 6, 11, 2, 21, 30, 5, 15, 18, 9, 7, 20, 23, 28, 24, 14, 19, 16, 3]

STATO: RISOLTO
K: 26
TEMPO: 1.7220s
----------------------------------------
PIANO:
Solution(v=[[25, 1, 4, 26, 12, 22, 27, 8, 29, 13, 17, 10, 6, 11, 2, 21, 30, 5, 15, 18, 9, 7, 20, 23, 28, 24, 14, 19, 16, 3], [28, 1, 4, 26, 12, 22, 27, 8, 29, 13, 17, 10, 6, 11, 2, 21, 30, 5, 15, 18, 9, 7, 20, 23, 25, 24, 14, 19, 16, 3], [19, 1, 4, 26, 12, 22, 27, 8, 29, 13, 17, 10, 6, 11, 2, 21, 30, 5, 15, 18, 9, 7, 20, 23, 25, 24, 14, 28, 16, 3], [1, 19, 4, 26, 12, 22, 27, 8, 29, 13, 17, 10, 6, 11, 2, 21, 30, 5, 15, 18, 9, 7, 20, 23, 25, 24, 14, 28, 16, 3], [1, 2, 4, 26, 12, 22, 27, 8, 29, 13, 17, 10, 6, 11, 19, 21, 30, 5, 15, 18, 9, 7, 20, 23, 25, 24, 14, 28, 16, 3], [1, 2, 4, 24, 12, 22, 27, 8, 29, 13, 17, 10, 6, 11, 19, 21, 30, 5, 15, 18, 9, 7, 20, 23, 25, 26, 14, 28, 16, 3], [1, 2, 24, 4, 12, 22, 27, 8, 29, 13, 17, 10, 6, 11, 19, 21, 30, 5, 15, 18, 9, 7, 20, 23, 25, 26, 14, 28, 16, 3], [1, 2, 23, 4, 12, 22, 27, 8, 29, 13, 17, 10, 6, 11, 19, 21, 30, 5, 15, 18, 9, 7, 20, 24, 25, 26, 14, 28, 16, 3], [1, 2, 20, 4, 12, 22, 27, 8, 29, 13, 17, 10, 6, 11, 19, 21, 30, 5, 15, 18, 9, 7, 23, 24, 25, 26, 14, 28, 16, 3], [1, 2, 18, 4, 12, 22, 27, 8, 29, 13, 17, 10, 6, 11, 19, 21, 30, 5, 15, 20, 9, 7, 23, 24, 25, 26, 14, 28, 16, 3], [1, 2, 5, 4, 12, 22, 27, 8, 29, 13, 17, 10, 6, 11, 19, 21, 30, 18, 15, 20, 9, 7, 23, 24, 25, 26, 14, 28, 16, 3], [1, 2, 12, 4, 5, 22, 27, 8, 29, 13, 17, 10, 6, 11, 19, 21, 30, 18, 15, 20, 9, 7, 23, 24, 25, 26, 14, 28, 16, 3], [1, 2, 10, 4, 5, 22, 27, 8, 29, 13, 17, 12, 6, 11, 19, 21, 30, 18, 15, 20, 9, 7, 23, 24, 25, 26, 14, 28, 16, 3], [1, 2, 13, 4, 5, 22, 27, 8, 29, 10, 17, 12, 6, 11, 19, 21, 30, 18, 15, 20, 9, 7, 23, 24, 25, 26, 14, 28, 16, 3], [1, 2, 6, 4, 5, 22, 27, 8, 29, 10, 17, 12, 13, 11, 19, 21, 30, 18, 15, 20, 9, 7, 23, 24, 25, 26, 14, 28, 16, 3], [1, 2, 22, 4, 5, 6, 27, 8, 29, 10, 17, 12, 13, 11, 19, 21, 30, 18, 15, 20, 9, 7, 23, 24, 25, 26, 14, 28, 16, 3], [1, 2, 7, 4, 5, 6, 27, 8, 29, 10, 17, 12, 13, 11, 19, 21, 30, 18, 15, 20, 9, 22, 23, 24, 25, 26, 14, 28, 16, 3], [1, 2, 27, 4, 5, 6, 7, 8, 29, 10, 17, 12, 13, 11, 19, 21, 30, 18, 15, 20, 9, 22, 23, 24, 25, 26, 14, 28, 16, 3], [1, 2, 14, 4, 5, 6, 7, 8, 29, 10, 17, 12, 13, 11, 19, 21, 30, 18, 15, 20, 9, 22, 23, 24, 25, 26, 27, 28, 16, 3], [1, 2, 11, 4, 5, 6, 7, 8, 29, 10, 17, 12, 13, 14, 19, 21, 30, 18, 15, 20, 9, 22, 23, 24, 25, 26, 27, 28, 16, 3], [1, 2, 17, 4, 5, 6, 7, 8, 29, 10, 11, 12, 13, 14, 19, 21, 30, 18, 15, 20, 9, 22, 23, 24, 25, 26, 27, 28, 16, 3], [1, 2, 30, 4, 5, 6, 7, 8, 29, 10, 11, 12, 13, 14, 19, 21, 17, 18, 15, 20, 9, 22, 23, 24, 25, 26, 27, 28, 16, 3], [1, 2, 3, 4, 5, 6, 7, 8, 29, 10, 11, 12, 13, 14, 19, 21, 17, 18, 15, 20, 9, 22, 23, 24, 25, 26, 27, 28, 16, 30], [1, 2, 3, 4, 5, 6, 7, 8, 29, 10, 11, 12, 13, 14, 15, 21, 17, 18, 19, 20, 9, 22, 23, 24, 25, 26, 27, 28, 16, 30], [1, 2, 3, 4, 5, 6, 7, 8, 29, 10, 11, 12, 13, 14, 15, 9, 17, 18, 19, 20, 21, 22, 23, 24, 25, 26, 27, 28, 16, 30], [1, 2, 3, 4, 5, 6, 7, 8, 9, 10, 11, 12, 13, 14, 15, 29, 17, 18, 19, 20, 21, 22, 23, 24, 25, 26, 27, 28, 16, 30], [1, 2, 3, 4, 5, 6, 7, 8, 9, 10, 11, 12, 13, 14, 15, 16, 17, 18, 19, 20, 21, 22, 23, 24, 25, 26, 27, 28, 29, 30]], pos=[[2, 15, 30, 3, 18, 13, 22, 8, 21, 12, 14, 5, 10, 27, 19, 29, 11, 20, 28, 23, 16, 6, 24, 26, 1, 4, 7, 25, 9, 17], [2, 15, 30, 3, 18, 13, 22, 8, 21, 12, 14, 5, 10, 27, 19, 29, 11, 20, 28, 23, 16, 6, 24, 26, 25, 4, 7, 1, 9, 17], [2, 15, 30, 3, 18, 13, 22, 8, 21, 12, 14, 5, 10, 27, 19, 29, 11, 20, 1, 23, 16, 6, 24, 26, 25, 4, 7, 28, 9, 17], [1, 15, 30, 3, 18, 13, 22, 8, 21, 12, 14, 5, 10, 27, 19, 29, 11, 20, 2, 23, 16, 6, 24, 26, 25, 4, 7, 28, 9, 17], [1, 2, 30, 3, 18, 13, 22, 8, 21, 12, 14, 5, 10, 27, 19, 29, 11, 20, 15, 23, 16, 6, 24, 26, 25, 4, 7, 28, 9, 17], [1, 2, 30, 3, 18, 13, 22, 8, 21, 12, 14, 5, 10, 27, 19, 29, 11, 20, 15, 23, 16, 6, 24, 4, 25, 26, 7, 28, 9, 17], [1, 2, 30, 4, 18, 13, 22, 8, 21, 12, 14, 5, 10, 27, 19, 29, 11, 20, 15, 23, 16, 6, 24, 3, 25, 26, 7, 28, 9, 17], [1, 2, 30, 4, 18, 13, 22, 8, 21, 12, 14, 5, 10, 27, 19, 29, 11, 20, 15, 23, 16, 6, 3, 24, 25, 26, 7, 28, 9, 17], [1, 2, 30, 4, 18, 13, 22, 8, 21, 12, 14, 5, 10, 27, 19, 29, 11, 20, 15, 3, 16, 6, 23, 24, 25, 26, 7, 28, 9, 17], [1, 2, 30, 4, 18, 13, 22, 8, 21, 12, 14, 5, 10, 27, 19, 29, 11, 3, 15, 20, 16, 6, 23, 24, 25, 26, 7, 28, 9, 17], [1, 2, 30, 4, 3, 13, 22, 8, 21, 12, 14, 5, 10, 27, 19, 29, 11, 18, 15, 20, 16, 6, 23, 24, 25, 26, 7, 28, 9, 17], [1, 2, 30, 4, 5, 13, 22, 8, 21, 12, 14, 3, 10, 27, 19, 29, 11, 18, 15, 20, 16, 6, 23, 24, 25, 26, 7, 28, 9, 17], [1, 2, 30, 4, 5, 13, 22, 8, 21, 3, 14, 12, 10, 27, 19, 29, 11, 18, 15, 20, 16, 6, 23, 24, 25, 26, 7, 28, 9, 17], [1, 2, 30, 4, 5, 13, 22, 8, 21, 10, 14, 12, 3, 27, 19, 29, 11, 18, 15, 20, 16, 6, 23, 24, 25, 26, 7, 28, 9, 17], [1, 2, 30, 4, 5, 3, 22, 8, 21, 10, 14, 12, 13, 27, 19, 29, 11, 18, 15, 20, 16, 6, 23, 24, 25, 26, 7, 28, 9, 17], [1, 2, 30, 4, 5, 6, 22, 8, 21, 10, 14, 12, 13, 27, 19, 29, 11, 18, 15, 20, 16, 3, 23, 24, 25, 26, 7, 28, 9, 17], [1, 2, 30, 4, 5, 6, 3, 8, 21, 10, 14, 12, 13, 27, 19, 29, 11, 18, 15, 20, 16, 22, 23, 24, 25, 26, 7, 28, 9, 17], [1, 2, 30, 4, 5, 6, 7, 8, 21, 10, 14, 12, 13, 27, 19, 29, 11, 18, 15, 20, 16, 22, 23, 24, 25, 26, 3, 28, 9, 17], [1, 2, 30, 4, 5, 6, 7, 8, 21, 10, 14, 12, 13, 3, 19, 29, 11, 18, 15, 20, 16, 22, 23, 24, 25, 26, 27, 28, 9, 17], [1, 2, 30, 4, 5, 6, 7, 8, 21, 10, 3, 12, 13, 14, 19, 29, 11, 18, 15, 20, 16, 22, 23, 24, 25, 26, 27, 28, 9, 17], [1, 2, 30, 4, 5, 6, 7, 8, 21, 10, 11, 12, 13, 14, 19, 29, 3, 18, 15, 20, 16, 22, 23, 24, 25, 26, 27, 28, 9, 17], [1, 2, 30, 4, 5, 6, 7, 8, 21, 10, 11, 12, 13, 14, 19, 29, 17, 18, 15, 20, 16, 22, 23, 24, 25, 26, 27, 28, 9, 3], [1, 2, 3, 4, 5, 6, 7, 8, 21, 10, 11, 12, 13, 14, 19, 29, 17, 18, 15, 20, 16, 22, 23, 24, 25, 26, 27, 28, 9, 30], [1, 2, 3, 4, 5, 6, 7, 8, 21, 10, 11, 12, 13, 14, 15, 29, 17, 18, 19, 20, 16, 22, 23, 24, 25, 26, 27, 28, 9, 30], [1, 2, 3, 4, 5, 6, 7, 8, 16, 10, 11, 12, 13, 14, 15, 29, 17, 18, 19, 20, 21, 22, 23, 24, 25, 26, 27, 28, 9, 30], [1, 2, 3, 4, 5, 6, 7, 8, 9, 10, 11, 12, 13, 14, 15, 29, 17, 18, 19, 20, 21, 22, 23, 24, 25, 26, 27, 28, 16, 30], [1, 2, 3, 4, 5, 6, 7, 8, 9, 10, 11, 12, 13, 14, 15, 16, 17, 18, 19, 20, 21, 22, 23, 24, 25, 26, 27, 28, 29, 30]], idx1=[1, 1, 1, 2, 4, 3, 3, 3, 3, 3, 3, 3, 3, 3, 3, 3, 3, 3, 3, 3, 3, 3, 15, 16, 9, 16], idx2=[25, 28, 2, 15, 26, 4, 24, 23, 20, 18, 5, 12, 10, 13, 6, 22, 7, 27, 14, 11, 17, 30, 19, 21, 16, 29], _checker='')