============================================================
BENCHMARK ID: 52 | DIMENSIONE: 30 | STRATEGIA: default
============================================================

Input Vector: [4, 5, 11, 24, 9, 29, 10, 26, 13, 18, 23, 27, 20, 22, 8, 17, 7, 25, 12, 1, 28, 15, 3, 6, 19, 14, 30, 16, 21, 2]

STATO: RISOLTO
K: 27
TEMPO: 3.3140s
----------------------------------------
PIANO:
Solution(v=[[4, 5, 11, 24, 9, 29, 10, 26, 13, 18, 23, 27, 20, 22, 8, 17, 7, 25, 12, 1, 28, 15, 3, 6, 19, 14, 30, 16, 21, 2], [24, 5, 11, 4, 9, 29, 10, 26, 13, 18, 23, 27, 20, 22, 8, 17, 7, 25, 12, 1, 28, 15, 3, 6, 19, 14, 30, 16, 21, 2], [1, 5, 11, 4, 9, 29, 10, 26, 13, 18, 23, 27, 20, 22, 8, 17, 7, 25, 12, 24, 28, 15, 3, 6, 19, 14, 30, 16, 21, 2], [1, 9, 11, 4, 5, 29, 10, 26, 13, 18, 23, 27, 20, 22, 8, 17, 7, 25, 12, 24, 28, 15, 3, 6, 19, 14, 30, 16, 21, 2], [1, 13, 11, 4, 5, 29, 10, 26, 9, 18, 23, 27, 20, 22, 8, 17, 7, 25, 12, 24, 28, 15, 3, 6, 19, 14, 30, 16, 21, 2], [1, 20, 11, 4, 5, 29, 10, 26, 9, 18, 23, 27, 13, 22, 8, 17, 7, 25, 12, 24, 28, 15, 3, 6, 19, 14, 30, 16, 21, 2], [1, 24, 11, 4, 5, 29, 10, 26, 9, 18, 23, 27, 13, 22, 8, 17, 7, 25, 12, 20, 28, 15, 3, 6, 19, 14, 30, 16, 21, 2], [1, 6, 11, 4, 5, 29, 10, 26, 9, 18, 23, 27, 13, 22, 8, 17, 7, 25, 12, 20, 28, 15, 3, 24, 19, 14, 30, 16, 21, 2], [1, 29, 11, 4, 5, 6, 10, 26, 9, 18, 23, 27, 13, 22, 8, 17, 7, 25, 12, 20, 28, 15, 3, 24, 19, 14, 30, 16, 21, 2], [1, 21, 11, 4, 5, 6, 10, 26, 9, 18, 23, 27, 13, 22, 8, 17, 7, 25, 12, 20, 28, 15, 3, 24, 19, 14, 30, 16, 29, 2], [1, 28, 11, 4, 5, 6, 10, 26, 9, 18, 23, 27, 13, 22, 8, 17, 7, 25, 12, 20, 21, 15, 3, 24, 19, 14, 30, 16, 29, 2], [1, 28, 11, 4, 5, 6, 18, 26, 9, 10, 23, 27, 13, 22, 8, 17, 7, 25, 12, 20, 21, 15, 3, 24, 19, 14, 30, 16, 29, 2], [1, 28, 11, 4, 5, 6, 18, 26, 9, 10, 23, 27, 13, 22, 8, 16, 7, 25, 12, 20, 21, 15, 3, 24, 19, 14, 30, 17, 29, 2], [1, 17, 11, 4, 5, 6, 18, 26, 9, 10, 23, 27, 13, 22, 8, 16, 7, 25, 12, 20, 21, 15, 3, 24, 19, 14, 30, 28, 29, 2], [1, 7, 11, 4, 5, 6, 18, 26, 9, 10, 23, 27, 13, 22, 8, 16, 17, 25, 12, 20, 21, 15, 3, 24, 19, 14, 30, 28, 29, 2], [1, 18, 11, 4, 5, 6, 7, 26, 9, 10, 23, 27, 13, 22, 8, 16, 17, 25, 12, 20, 21, 15, 3, 24, 19, 14, 30, 28, 29, 2], [1, 25, 11, 4, 5, 6, 7, 26, 9, 10, 23, 27, 13, 22, 8, 16, 17, 18, 12, 20, 21, 15, 3, 24, 19, 14, 30, 28, 29, 2], [1, 19, 11, 4, 5, 6, 7, 26, 9, 10, 23, 27, 13, 22, 8, 16, 17, 18, 12, 20, 21, 15, 3, 24, 25, 14, 30, 28, 29, 2], [1, 12, 11, 4, 5, 6, 7, 26, 9, 10, 23, 27, 13, 22, 8, 16, 17, 18, 19, 20, 21, 15, 3, 24, 25, 14, 30, 28, 29, 2], [1, 27, 11, 4, 5, 6, 7, 26, 9, 10, 23, 12, 13, 22, 8, 16, 17, 18, 19, 20, 21, 15, 3, 24, 25, 14, 30, 28, 29, 2], [1, 30, 11, 4, 5, 6, 7, 26, 9, 10, 23, 12, 13, 22, 8, 16, 17, 18, 19, 20, 21, 15, 3, 24, 25, 14, 27, 28, 29, 2], [1, 2, 11, 4, 5, 6, 7, 26, 9, 10, 23, 12, 13, 22, 8, 16, 17, 18, 19, 20, 21, 15, 3, 24, 25, 14, 27, 28, 29, 30], [1, 2, 23, 4, 5, 6, 7, 26, 9, 10, 11, 12, 13, 22, 8, 16, 17, 18, 19, 20, 21, 15, 3, 24, 25, 14, 27, 28, 29, 30], [1, 2, 3, 4, 5, 6, 7, 26, 9, 10, 11, 12, 13, 22, 8, 16, 17, 18, 19, 20, 21, 15, 23, 24, 25, 14, 27, 28, 29, 30], [1, 2, 3, 4, 5, 6, 7, 14, 9, 10, 11, 12, 13, 22, 8, 16, 17, 18, 19, 20, 21, 15, 23, 24, 25, 26, 27, 28, 29, 30], [1, 2, 3, 4, 5, 6, 7, 14, 9, 10, 11, 12, 13, 15, 8, 16, 17, 18, 19, 20, 21, 22, 23, 24, 25, 26, 27, 28, 29, 30], [1, 2, 3, 4, 5, 6, 7, 15, 9, 10, 11, 12, 13, 14, 8, 16, 17, 18, 19, 20, 21, 22, 23, 24, 25, 26, 27, 28, 29, 30], [1, 2, 3, 4, 5, 6, 7, 8, 9, 10, 11, 12, 13, 14, 15, 16, 17, 18, 19, 20, 21, 22, 23, 24, 25, 26, 27, 28, 29, 30]], pos=[[20, 30, 23, 1, 2, 24, 17, 15, 5, 7, 3, 19, 9, 26, 22, 28, 16, 10, 25, 13, 29, 14, 11, 4, 18, 8, 12, 21, 6, 27], [20, 30, 23, 4, 2, 24, 17, 15, 5, 7, 3, 19, 9, 26, 22, 28, 16, 10, 25, 13, 29, 14, 11, 1, 18, 8, 12, 21, 6, 27], [1, 30, 23, 4, 2, 24, 17, 15, 5, 7, 3, 19, 9, 26, 22, 28, 16, 10, 25, 13, 29, 14, 11, 20, 18, 8, 12, 21, 6, 27], [1, 30, 23, 4, 5, 24, 17, 15, 2, 7, 3, 19, 9, 26, 22, 28, 16, 10, 25, 13, 29, 14, 11, 20, 18, 8, 12, 21, 6, 27], [1, 30, 23, 4, 5, 24, 17, 15, 9, 7, 3, 19, 2, 26, 22, 28, 16, 10, 25, 13, 29, 14, 11, 20, 18, 8, 12, 21, 6, 27], [1, 30, 23, 4, 5, 24, 17, 15, 9, 7, 3, 19, 13, 26, 22, 28, 16, 10, 25, 2, 29, 14, 11, 20, 18, 8, 12, 21, 6, 27], [1, 30, 23, 4, 5, 24, 17, 15, 9, 7, 3, 19, 13, 26, 22, 28, 16, 10, 25, 20, 29, 14, 11, 2, 18, 8, 12, 21, 6, 27], [1, 30, 23, 4, 5, 2, 17, 15, 9, 7, 3, 19, 13, 26, 22, 28, 16, 10, 25, 20, 29, 14, 11, 24, 18, 8, 12, 21, 6, 27], [1, 30, 23, 4, 5, 6, 17, 15, 9, 7, 3, 19, 13, 26, 22, 28, 16, 10, 25, 20, 29, 14, 11, 24, 18, 8, 12, 21, 2, 27], [1, 30, 23, 4, 5, 6, 17, 15, 9, 7, 3, 19, 13, 26, 22, 28, 16, 10, 25, 20, 2, 14, 11, 24, 18, 8, 12, 21, 29, 27], [1, 30, 23, 4, 5, 6, 17, 15, 9, 7, 3, 19, 13, 26, 22, 28, 16, 10, 25, 20, 21, 14, 11, 24, 18, 8, 12, 2, 29, 27], [1, 30, 23, 4, 5, 6, 17, 15, 9, 10, 3, 19, 13, 26, 22, 28, 16, 7, 25, 20, 21, 14, 11, 24, 18, 8, 12, 2, 29, 27], [1, 30, 23, 4, 5, 6, 17, 15, 9, 10, 3, 19, 13, 26, 22, 16, 28, 7, 25, 20, 21, 14, 11, 24, 18, 8, 12, 2, 29, 27], [1, 30, 23, 4, 5, 6, 17, 15, 9, 10, 3, 19, 13, 26, 22, 16, 2, 7, 25, 20, 21, 14, 11, 24, 18, 8, 12, 28, 29, 27], [1, 30, 23, 4, 5, 6, 2, 15, 9, 10, 3, 19, 13, 26, 22, 16, 17, 7, 25, 20, 21, 14, 11, 24, 18, 8, 12, 28, 29, 27], [1, 30, 23, 4, 5, 6, 7, 15, 9, 10, 3, 19, 13, 26, 22, 16, 17, 2, 25, 20, 21, 14, 11, 24, 18, 8, 12, 28, 29, 27], [1, 30, 23, 4, 5, 6, 7, 15, 9, 10, 3, 19, 13, 26, 22, 16, 17, 18, 25, 20, 21, 14, 11, 24, 2, 8, 12, 28, 29, 27], [1, 30, 23, 4, 5, 6, 7, 15, 9, 10, 3, 19, 13, 26, 22, 16, 17, 18, 2, 20, 21, 14, 11, 24, 25, 8, 12, 28, 29, 27], [1, 30, 23, 4, 5, 6, 7, 15, 9, 10, 3, 2, 13, 26, 22, 16, 17, 18, 19, 20, 21, 14, 11, 24, 25, 8, 12, 28, 29, 27], [1, 30, 23, 4, 5, 6, 7, 15, 9, 10, 3, 12, 13, 26, 22, 16, 17, 18, 19, 20, 21, 14, 11, 24, 25, 8, 2, 28, 29, 27], [1, 30, 23, 4, 5, 6, 7, 15, 9, 10, 3, 12, 13, 26, 22, 16, 17, 18, 19, 20, 21, 14, 11, 24, 25, 8, 27, 28, 29, 2], [1, 2, 23, 4, 5, 6, 7, 15, 9, 10, 3, 12, 13, 26, 22, 16, 17, 18, 19, 20, 21, 14, 11, 24, 25, 8, 27, 28, 29, 30], [1, 2, 23, 4, 5, 6, 7, 15, 9, 10, 11, 12, 13, 26, 22, 16, 17, 18, 19, 20, 21, 14, 3, 24, 25, 8, 27, 28, 29, 30], [1, 2, 3, 4, 5, 6, 7, 15, 9, 10, 11, 12, 13, 26, 22, 16, 17, 18, 19, 20, 21, 14, 23, 24, 25, 8, 27, 28, 29, 30], [1, 2, 3, 4, 5, 6, 7, 15, 9, 10, 11, 12, 13, 8, 22, 16, 17, 18, 19, 20, 21, 14, 23, 24, 25, 26, 27, 28, 29, 30], [1, 2, 3, 4, 5, 6, 7, 15, 9, 10, 11, 12, 13, 8, 14, 16, 17, 18, 19, 20, 21, 22, 23, 24, 25, 26, 27, 28, 29, 30], [1, 2, 3, 4, 5, 6, 7, 15, 9, 10, 11, 12, 13, 14, 8, 16, 17, 18, 19, 20, 21, 22, 23, 24, 25, 26, 27, 28, 29, 30], [1, 2, 3, 4, 5, 6, 7, 8, 9, 10, 11, 12, 13, 14, 15, 16, 17, 18, 19, 20, 21, 22, 23, 24, 25, 26, 27, 28, 29, 30]], idx1=[1, 1, 2, 2, 2, 2, 2, 2, 2, 2, 7, 16, 2, 2, 2, 2, 2, 2, 2, 2, 2, 3, 3, 8, 14, 8, 8], idx2=[4, 20, 5, 9, 13, 20, 24, 6, 29, 21, 10, 28, 28, 17, 7, 18, 25, 19, 12, 27, 30, 11, 23, 26, 22, 14, 15], _checker='')