============================================================
BENCHMARK ID: 29 | DIMENSIONE: 15 | STRATEGIA: default
============================================================

Input Vector: [11, 2, 1, 12, 6, 15, 4, 8, 5, 9, 13, 14, 3, 10, 7]

STATO: RISOLTO
K: 11
TEMPO: 0.3340s
----------------------------------------
PIANO:
Solution(v=[[11, 2, 1, 12, 6, 15, 4, 8, 5, 9, 13, 14, 3, 10, 7], [11, 2, 1, 12, 15, 6, 4, 8, 5, 9, 13, 14, 3, 10, 7], [11, 2, 1, 12, 15, 6, 4, 8, 5, 9, 3, 14, 13, 10, 7], [3, 2, 1, 12, 15, 6, 4, 8, 5, 9, 11, 14, 13, 10, 7], [1, 2, 3, 12, 15, 6, 4, 8, 5, 9, 11, 14, 13, 10, 7], [1, 2, 3, 14, 15, 6, 4, 8, 5, 9, 11, 12, 13, 10, 7], [1, 2, 3, 4, 15, 6, 14, 8, 5, 9, 11, 12, 13, 10, 7], [1, 2, 3, 4, 7, 6, 14, 8, 5, 9, 11, 12, 13, 10, 15], [1, 2, 3, 4, 14, 6, 7, 8, 5, 9, 11, 12, 13, 10, 15], [1, 2, 3, 4, 10, 6, 7, 8, 5, 9, 11, 12, 13, 14, 15], [1, 2, 3, 4, 5, 6, 7, 8, 10, 9, 11, 12, 13, 14, 15], [1, 2, 3, 4, 5, 6, 7, 8, 9, 10, 11, 12, 13, 14, 15]], pos=[[3, 2, 13, 7, 9, 5, 15, 8, 10, 14, 1, 4, 11, 12, 6], [3, 2, 13, 7, 9, 6, 15, 8, 10, 14, 1, 4, 11, 12, 5], [3, 2, 11, 7, 9, 6, 15, 8, 10, 14, 1, 4, 13, 12, 5], [3, 2, 1, 7, 9, 6, 15, 8, 10, 14, 11, 4, 13, 12, 5], [1, 2, 3, 7, 9, 6, 15, 8, 10, 14, 11, 4, 13, 12, 5], [1, 2, 3, 7, 9, 6, 15, 8, 10, 14, 11, 12, 13, 4, 5], [1, 2, 3, 4, 9, 6, 15, 8, 10, 14, 11, 12, 13, 7, 5], [1, 2, 3, 4, 9, 6, 5, 8, 10, 14, 11, 12, 13, 7, 15], [1, 2, 3, 4, 9, 6, 7, 8, 10, 14, 11, 12, 13, 5, 15], [1, 2, 3, 4, 9, 6, 7, 8, 10, 5, 11, 12, 13, 14, 15], [1, 2, 3, 4, 5, 6, 7, 8, 10, 9, 11, 12, 13, 14, 15], [1, 2, 3, 4, 5, 6, 7, 8, 9, 10, 11, 12, 13, 14, 15]], idx1=[5, 11, 1, 1, 4, 4, 5, 5, 5, 5, 9], idx2=[6, 13, 11, 3, 12, 7, 15, 7, 14, 9, 10], _checker='')