============================================================
BENCHMARK ID: 24 | DIMENSIONE: 15 | STRATEGIA: default
============================================================

Input Vector: [12, 2, 5, 1, 10, 11, 6, 4, 15, 14, 7, 3, 9, 8, 13]

STATO: RISOLTO
K: 11
TEMPO: 0.4530s
----------------------------------------
PIANO:
Solution(v=[[12, 2, 5, 1, 10, 11, 6, 4, 15, 14, 7, 3, 9, 8, 13], [3, 2, 5, 1, 10, 11, 6, 4, 15, 14, 7, 12, 9, 8, 13], [5, 2, 3, 1, 10, 11, 6, 4, 15, 14, 7, 12, 9, 8, 13], [10, 2, 3, 1, 5, 11, 6, 4, 15, 14, 7, 12, 9, 8, 13], [14, 2, 3, 1, 5, 11, 6, 4, 15, 10, 7, 12, 9, 8, 13], [8, 2, 3, 1, 5, 11, 6, 4, 15, 10, 7, 12, 9, 14, 13], [1, 2, 3, 8, 5, 11, 6, 4, 15, 10, 7, 12, 9, 14, 13], [1, 2, 3, 4, 5, 11, 6, 8, 15, 10, 7, 12, 9, 14, 13], [1, 2, 3, 4, 5, 6, 11, 8, 15, 10, 7, 12, 9, 14, 13], [1, 2, 3, 4, 5, 6, 7, 8, 15, 10, 11, 12, 9, 14, 13], [1, 2, 3, 4, 5, 6, 7, 8, 9, 10, 11, 12, 15, 14, 13], [1, 2, 3, 4, 5, 6, 7, 8, 9, 10, 11, 12, 13, 14, 15]], pos=[[4, 2, 12, 8, 3, 7, 11, 14, 13, 5, 6, 1, 15, 10, 9], [4, 2, 1, 8, 3, 7, 11, 14, 13, 5, 6, 12, 15, 10, 9], [4, 2, 3, 8, 1, 7, 11, 14, 13, 5, 6, 12, 15, 10, 9], [4, 2, 3, 8, 5, 7, 11, 14, 13, 1, 6, 12, 15, 10, 9], [4, 2, 3, 8, 5, 7, 11, 14, 13, 10, 6, 12, 15, 1, 9], [4, 2, 3, 8, 5, 7, 11, 1, 13, 10, 6, 12, 15, 14, 9], [1, 2, 3, 8, 5, 7, 11, 4, 13, 10, 6, 12, 15, 14, 9], [1, 2, 3, 4, 5, 7, 11, 8, 13, 10, 6, 12, 15, 14, 9], [1, 2, 3, 4, 5, 6, 11, 8, 13, 10, 7, 12, 15, 14, 9], [1, 2, 3, 4, 5, 6, 7, 8, 13, 10, 11, 12, 15, 14, 9], [1, 2, 3, 4, 5, 6, 7, 8, 9, 10, 11, 12, 15, 14, 13], [1, 2, 3, 4, 5, 6, 7, 8, 9, 10, 11, 12, 13, 14, 15]], idx1=[1, 1, 1, 1, 1, 1, 4, 6, 7, 9, 13], idx2=[12, 3, 5, 10, 14, 4, 8, 7, 11, 13, 15], _checker='')