============================================================
BENCHMARK ID: 26 | DIMENSIONE: 15 | STRATEGIA: default
============================================================

Input Vector: [10, 15, 1, 7, 11, 8, 4, 13, 5, 6, 3, 14, 9, 2, 12]

STATO: RISOLTO
K: 12
TEMPO: 0.2770s
----------------------------------------
PIANO:
Solution(v=[[10, 15, 1, 7, 11, 8, 4, 13, 5, 6, 3, 14, 9, 2, 12], [6, 15, 1, 7, 11, 8, 4, 13, 5, 10, 3, 14, 9, 2, 12], [8, 15, 1, 7, 11, 6, 4, 13, 5, 10, 3, 14, 9, 2, 12], [13, 15, 1, 7, 11, 6, 4, 8, 5, 10, 3, 14, 9, 2, 12], [9, 15, 1, 7, 11, 6, 4, 8, 5, 10, 3, 14, 13, 2, 12], [5, 15, 1, 7, 11, 6, 4, 8, 9, 10, 3, 14, 13, 2, 12], [11, 15, 1, 7, 5, 6, 4, 8, 9, 10, 3, 14, 13, 2, 12], [3, 15, 1, 7, 5, 6, 4, 8, 9, 10, 11, 14, 13, 2, 12], [1, 15, 3, 7, 5, 6, 4, 8, 9, 10, 11, 14, 13, 2, 12], [1, 12, 3, 7, 5, 6, 4, 8, 9, 10, 11, 14, 13, 2, 15], [1, 2, 3, 7, 5, 6, 4, 8, 9, 10, 11, 14, 13, 12, 15], [1, 2, 3, 4, 5, 6, 7, 8, 9, 10, 11, 14, 13, 12, 15], [1, 2, 3, 4, 5, 6, 7, 8, 9, 10, 11, 12, 13, 14, 15]], pos=[[3, 14, 11, 7, 9, 10, 4, 6, 13, 1, 5, 15, 8, 12, 2], [3, 14, 11, 7, 9, 1, 4, 6, 13, 10, 5, 15, 8, 12, 2], [3, 14, 11, 7, 9, 6, 4, 1, 13, 10, 5, 15, 8, 12, 2], [3, 14, 11, 7, 9, 6, 4, 8, 13, 10, 5, 15, 1, 12, 2], [3, 14, 11, 7, 9, 6, 4, 8, 1, 10, 5, 15, 13, 12, 2], [3, 14, 11, 7, 1, 6, 4, 8, 9, 10, 5, 15, 13, 12, 2], [3, 14, 11, 7, 5, 6, 4, 8, 9, 10, 1, 15, 13, 12, 2], [3, 14, 1, 7, 5, 6, 4, 8, 9, 10, 11, 15, 13, 12, 2], [1, 14, 3, 7, 5, 6, 4, 8, 9, 10, 11, 15, 13, 12, 2], [1, 14, 3, 7, 5, 6, 4, 8, 9, 10, 11, 2, 13, 12, 15], [1, 2, 3, 7, 5, 6, 4, 8, 9, 10, 11, 14, 13, 12, 15], [1, 2, 3, 4, 5, 6, 7, 8, 9, 10, 11, 14, 13, 12, 15], [1, 2, 3, 4, 5, 6, 7, 8, 9, 10, 11, 12, 13, 14, 15]], idx1=[1, 1, 1, 1, 1, 1, 1, 1, 2, 2, 4, 12], idx2=[10, 6, 8, 13, 9, 5, 11, 3, 15, 14, 7, 14], _checker='')