============================================================
BENCHMARK ID: 30 | DIMENSIONE: 15 | STRATEGIA: default
============================================================

Input Vector: [10, 11, 15, 4, 12, 3, 13, 2, 6, 8, 5, 1, 7, 14, 9]

STATO: RISOLTO
K: 10
TEMPO: 0.2260s
----------------------------------------
PIANO:
Solution(v=[[10, 11, 15, 4, 12, 3, 13, 2, 6, 8, 5, 1, 7, 14, 9], [10, 11, 15, 4, 1, 3, 13, 2, 6, 8, 5, 12, 7, 14, 9], [1, 11, 15, 4, 10, 3, 13, 2, 6, 8, 5, 12, 7, 14, 9], [1, 5, 15, 4, 10, 3, 13, 2, 6, 8, 11, 12, 7, 14, 9], [1, 10, 15, 4, 5, 3, 13, 2, 6, 8, 11, 12, 7, 14, 9], [1, 2, 15, 4, 5, 3, 13, 10, 6, 8, 11, 12, 7, 14, 9], [1, 2, 3, 4, 5, 15, 13, 10, 6, 8, 11, 12, 7, 14, 9], [1, 2, 3, 4, 5, 6, 13, 10, 15, 8, 11, 12, 7, 14, 9], [1, 2, 3, 4, 5, 6, 7, 10, 15, 8, 11, 12, 13, 14, 9], [1, 2, 3, 4, 5, 6, 7, 8, 15, 10, 11, 12, 13, 14, 9], [1, 2, 3, 4, 5, 6, 7, 8, 9, 10, 11, 12, 13, 14, 15]], pos=[[12, 8, 6, 4, 11, 9, 13, 10, 15, 1, 2, 5, 7, 14, 3], [5, 8, 6, 4, 11, 9, 13, 10, 15, 1, 2, 12, 7, 14, 3], [1, 8, 6, 4, 11, 9, 13, 10, 15, 5, 2, 12, 7, 14, 3], [1, 8, 6, 4, 2, 9, 13, 10, 15, 5, 11, 12, 7, 14, 3], [1, 8, 6, 4, 5, 9, 13, 10, 15, 2, 11, 12, 7, 14, 3], [1, 2, 6, 4, 5, 9, 13, 10, 15, 8, 11, 12, 7, 14, 3], [1, 2, 3, 4, 5, 9, 13, 10, 15, 8, 11, 12, 7, 14, 6], [1, 2, 3, 4, 5, 6, 13, 10, 15, 8, 11, 12, 7, 14, 9], [1, 2, 3, 4, 5, 6, 7, 10, 15, 8, 11, 12, 13, 14, 9], [1, 2, 3, 4, 5, 6, 7, 8, 15, 10, 11, 12, 13, 14, 9], [1, 2, 3, 4, 5, 6, 7, 8, 9, 10, 11, 12, 13, 14, 15]], idx1=[5, 1, 2, 2, 2, 3, 6, 7, 8, 9], idx2=[12, 5, 11, 5, 8, 6, 9, 13, 10, 15], _checker='')