============================================================
BENCHMARK ID: 27 | DIMENSIONE: 15 | STRATEGIA: default
============================================================

Input Vector: [14, 1, 8, 9, 4, 5, 15, 13, 12, 2, 3, 7, 6, 11, 10]

STATO: RISOLTO
K: 14
TEMPO: 0.3730s
----------------------------------------
PIANO:
Solution(v=[[14, 1, 8, 9, 4, 5, 15, 13, 12, 2, 3, 7, 6, 11, 10], [11, 1, 8, 9, 4, 5, 15, 13, 12, 2, 3, 7, 6, 14, 10], [1, 11, 8, 9, 4, 5, 15, 13, 12, 2, 3, 7, 6, 14, 10], [1, 3, 8, 9, 4, 5, 15, 13, 12, 2, 11, 7, 6, 14, 10], [1, 8, 3, 9, 4, 5, 15, 13, 12, 2, 11, 7, 6, 14, 10], [1, 13, 3, 9, 4, 5, 15, 8, 12, 2, 11, 7, 6, 14, 10], [1, 6, 3, 9, 4, 5, 15, 8, 12, 2, 11, 7, 13, 14, 10], [1, 5, 3, 9, 4, 6, 15, 8, 12, 2, 11, 7, 13, 14, 10], [1, 4, 3, 9, 5, 6, 15, 8, 12, 2, 11, 7, 13, 14, 10], [1, 9, 3, 4, 5, 6, 15, 8, 12, 2, 11, 7, 13, 14, 10], [1, 12, 3, 4, 5, 6, 15, 8, 9, 2, 11, 7, 13, 14, 10], [1, 7, 3, 4, 5, 6, 15, 8, 9, 2, 11, 12, 13, 14, 10], [1, 15, 3, 4, 5, 6, 7, 8, 9, 2, 11, 12, 13, 14, 10], [1, 10, 3, 4, 5, 6, 7, 8, 9, 2, 11, 12, 13, 14, 15], [1, 2, 3, 4, 5, 6, 7, 8, 9, 10, 11, 12, 13, 14, 15]], pos=[[2, 10, 11, 5, 6, 13, 12, 3, 4, 15, 14, 9, 8, 1, 7], [2, 10, 11, 5, 6, 13, 12, 3, 4, 15, 1, 9, 8, 14, 7], [1, 10, 11, 5, 6, 13, 12, 3, 4, 15, 2, 9, 8, 14, 7], [1, 10, 2, 5, 6, 13, 12, 3, 4, 15, 11, 9, 8, 14, 7], [1, 10, 3, 5, 6, 13, 12, 2, 4, 15, 11, 9, 8, 14, 7], [1, 10, 3, 5, 6, 13, 12, 8, 4, 15, 11, 9, 2, 14, 7], [1, 10, 3, 5, 6, 2, 12, 8, 4, 15, 11, 9, 13, 14, 7], [1, 10, 3, 5, 2, 6, 12, 8, 4, 15, 11, 9, 13, 14, 7], [1, 10, 3, 2, 5, 6, 12, 8, 4, 15, 11, 9, 13, 14, 7], [1, 10, 3, 4, 5, 6, 12, 8, 2, 15, 11, 9, 13, 14, 7], [1, 10, 3, 4, 5, 6, 12, 8, 9, 15, 11, 2, 13, 14, 7], [1, 10, 3, 4, 5, 6, 2, 8, 9, 15, 11, 12, 13, 14, 7], [1, 10, 3, 4, 5, 6, 7, 8, 9, 15, 11, 12, 13, 14, 2], [1, 10, 3, 4, 5, 6, 7, 8, 9, 2, 11, 12, 13, 14, 15], [1, 2, 3, 4, 5, 6, 7, 8, 9, 10, 11, 12, 13, 14, 15]], idx1=[1, 1, 2, 2, 2, 2, 2, 2, 2, 2, 2, 2, 2, 2], idx2=[14, 2, 11, 3, 8, 13, 6, 5, 4, 9, 12, 7, 15, 10], _checker='')