============================================================
BENCHMARK ID: 54 | DIMENSIONE: 30 | STRATEGIA: default
============================================================

Input Vector: [17, 14, 9, 2, 24, 20, 4, 27, 16, 1, 10, 6, 13, 8, 28, 15, 19, 29, 18, 23, 5, 7, 30, 12, 22, 21, 3, 25, 26, 11]

STATO: RISOLTO
K: 27
TEMPO: 14.0580s
----------------------------------------
PIANO:
Solution(v=[[17, 14, 9, 2, 24, 20, 4, 27, 16, 1, 10, 6, 13, 8, 28, 15, 19, 29, 18, 23, 5, 7, 30, 12, 22, 21, 3, 25, 26, 11], [19, 14, 9, 2, 24, 20, 4, 27, 16, 1, 10, 6, 13, 8, 28, 15, 17, 29, 18, 23, 5, 7, 30, 12, 22, 21, 3, 25, 26, 11], [19, 2, 9, 14, 24, 20, 4, 27, 16, 1, 10, 6, 13, 8, 28, 15, 17, 29, 18, 23, 5, 7, 30, 12, 22, 21, 3, 25, 26, 11], [19, 2, 9, 14, 24, 20, 4, 27, 16, 10, 1, 6, 13, 8, 28, 15, 17, 29, 18, 23, 5, 7, 30, 12, 22, 21, 3, 25, 26, 11], [1, 2, 9, 14, 24, 20, 4, 27, 16, 10, 19, 6, 13, 8, 28, 15, 17, 29, 18, 23, 5, 7, 30, 12, 22, 21, 3, 25, 26, 11], [1, 2, 3, 14, 24, 20, 4, 27, 16, 10, 19, 6, 13, 8, 28, 15, 17, 29, 18, 23, 5, 7, 30, 12, 22, 21, 9, 25, 26, 11], [1, 2, 3, 4, 24, 20, 14, 27, 16, 10, 19, 6, 13, 8, 28, 15, 17, 29, 18, 23, 5, 7, 30, 12, 22, 21, 9, 25, 26, 11], [1, 2, 3, 4, 24, 6, 14, 27, 16, 10, 19, 20, 13, 8, 28, 15, 17, 29, 18, 23, 5, 7, 30, 12, 22, 21, 9, 25, 26, 11], [1, 2, 3, 4, 24, 6, 7, 27, 16, 10, 19, 20, 13, 8, 28, 15, 17, 29, 18, 23, 5, 14, 30, 12, 22, 21, 9, 25, 26, 11], [1, 2, 3, 4, 24, 6, 7, 27, 16, 10, 19, 12, 13, 8, 28, 15, 17, 29, 18, 23, 5, 14, 30, 20, 22, 21, 9, 25, 26, 11], [1, 2, 3, 4, 20, 6, 7, 27, 16, 10, 19, 12, 13, 8, 28, 15, 17, 29, 18, 23, 5, 14, 30, 24, 22, 21, 9, 25, 26, 11], [1, 2, 3, 4, 23, 6, 7, 27, 16, 10, 19, 12, 13, 8, 28, 15, 17, 29, 18, 20, 5, 14, 30, 24, 22, 21, 9, 25, 26, 11], [1, 2, 3, 4, 30, 6, 7, 27, 16, 10, 19, 12, 13, 8, 28, 15, 17, 29, 18, 20, 5, 14, 23, 24, 22, 21, 9, 25, 26, 11], [1, 2, 3, 4, 11, 6, 7, 27, 16, 10, 19, 12, 13, 8, 28, 15, 17, 29, 18, 20, 5, 14, 23, 24, 22, 21, 9, 25, 26, 30], [1, 2, 3, 4, 19, 6, 7, 27, 16, 10, 11, 12, 13, 8, 28, 15, 17, 29, 18, 20, 5, 14, 23, 24, 22, 21, 9, 25, 26, 30], [1, 2, 3, 4, 18, 6, 7, 27, 16, 10, 11, 12, 13, 8, 28, 15, 17, 29, 19, 20, 5, 14, 23, 24, 22, 21, 9, 25, 26, 30], [1, 2, 3, 4, 29, 6, 7, 27, 16, 10, 11, 12, 13, 8, 28, 15, 17, 18, 19, 20, 5, 14, 23, 24, 22, 21, 9, 25, 26, 30], [1, 2, 3, 4, 5, 6, 7, 27, 16, 10, 11, 12, 13, 8, 28, 15, 17, 18, 19, 20, 29, 14, 23, 24, 22, 21, 9, 25, 26, 30], [1, 2, 3, 4, 5, 6, 7, 9, 16, 10, 11, 12, 13, 8, 28, 15, 17, 18, 19, 20, 29, 14, 23, 24, 22, 21, 27, 25, 26, 30], [1, 2, 3, 4, 5, 6, 7, 16, 9, 10, 11, 12, 13, 8, 28, 15, 17, 18, 19, 20, 29, 14, 23, 24, 22, 21, 27, 25, 26, 30], [1, 2, 3, 4, 5, 6, 7, 8, 9, 10, 11, 12, 13, 16, 28, 15, 17, 18, 19, 20, 29, 14, 23, 24, 22, 21, 27, 25, 26, 30], [1, 2, 3, 4, 5, 6, 7, 8, 9, 10, 11, 12, 13, 15, 28, 16, 17, 18, 19, 20, 29, 14, 23, 24, 22, 21, 27, 25, 26, 30], [1, 2, 3, 4, 5, 6, 7, 8, 9, 10, 11, 12, 13, 15, 25, 16, 17, 18, 19, 20, 29, 14, 23, 24, 22, 21, 27, 28, 26, 30], [1, 2, 3, 4, 5, 6, 7, 8, 9, 10, 11, 12, 13, 25, 15, 16, 17, 18, 19, 20, 29, 14, 23, 24, 22, 21, 27, 28, 26, 30], [1, 2, 3, 4, 5, 6, 7, 8, 9, 10, 11, 12, 13, 22, 15, 16, 17, 18, 19, 20, 29, 14, 23, 24, 25, 21, 27, 28, 26, 30], [1, 2, 3, 4, 5, 6, 7, 8, 9, 10, 11, 12, 13, 14, 15, 16, 17, 18, 19, 20, 29, 22, 23, 24, 25, 21, 27, 28, 26, 30], [1, 2, 3, 4, 5, 6, 7, 8, 9, 10, 11, 12, 13, 14, 15, 16, 17, 18, 19, 20, 21, 22, 23, 24, 25, 29, 27, 28, 26, 30], [1, 2, 3, 4, 5, 6, 7, 8, 9, 10, 11, 12, 13, 14, 15, 16, 17, 18, 19, 20, 21, 22, 23, 24, 25, 26, 27, 28, 29, 30]], pos=[[10, 4, 27, 7, 21, 12, 22, 14, 3, 11, 30, 24, 13, 2, 16, 9, 1, 19, 17, 6, 26, 25, 20, 5, 28, 29, 8, 15, 18, 23], [10, 4, 27, 7, 21, 12, 22, 14, 3, 11, 30, 24, 13, 2, 16, 9, 17, 19, 1, 6, 26, 25, 20, 5, 28, 29, 8, 15, 18, 23], [10, 2, 27, 7, 21, 12, 22, 14, 3, 11, 30, 24, 13, 4, 16, 9, 17, 19, 1, 6, 26, 25, 20, 5, 28, 29, 8, 15, 18, 23], [11, 2, 27, 7, 21, 12, 22, 14, 3, 10, 30, 24, 13, 4, 16, 9, 17, 19, 1, 6, 26, 25, 20, 5, 28, 29, 8, 15, 18, 23], [1, 2, 27, 7, 21, 12, 22, 14, 3, 10, 30, 24, 13, 4, 16, 9, 17, 19, 11, 6, 26, 25, 20, 5, 28, 29, 8, 15, 18, 23], [1, 2, 3, 7, 21, 12, 22, 14, 27, 10, 30, 24, 13, 4, 16, 9, 17, 19, 11, 6, 26, 25, 20, 5, 28, 29, 8, 15, 18, 23], [1, 2, 3, 4, 21, 12, 22, 14, 27, 10, 30, 24, 13, 7, 16, 9, 17, 19, 11, 6, 26, 25, 20, 5, 28, 29, 8, 15, 18, 23], [1, 2, 3, 4, 21, 6, 22, 14, 27, 10, 30, 24, 13, 7, 16, 9, 17, 19, 11, 12, 26, 25, 20, 5, 28, 29, 8, 15, 18, 23], [1, 2, 3, 4, 21, 6, 7, 14, 27, 10, 30, 24, 13, 22, 16, 9, 17, 19, 11, 12, 26, 25, 20, 5, 28, 29, 8, 15, 18, 23], [1, 2, 3, 4, 21, 6, 7, 14, 27, 10, 30, 12, 13, 22, 16, 9, 17, 19, 11, 24, 26, 25, 20, 5, 28, 29, 8, 15, 18, 23], [1, 2, 3, 4, 21, 6, 7, 14, 27, 10, 30, 12, 13, 22, 16, 9, 17, 19, 11, 5, 26, 25, 20, 24, 28, 29, 8, 15, 18, 23], [1, 2, 3, 4, 21, 6, 7, 14, 27, 10, 30, 12, 13, 22, 16, 9, 17, 19, 11, 20, 26, 25, 5, 24, 28, 29, 8, 15, 18, 23], [1, 2, 3, 4, 21, 6, 7, 14, 27, 10, 30, 12, 13, 22, 16, 9, 17, 19, 11, 20, 26, 25, 23, 24, 28, 29, 8, 15, 18, 5], [1, 2, 3, 4, 21, 6, 7, 14, 27, 10, 5, 12, 13, 22, 16, 9, 17, 19, 11, 20, 26, 25, 23, 24, 28, 29, 8, 15, 18, 30], [1, 2, 3, 4, 21, 6, 7, 14, 27, 10, 11, 12, 13, 22, 16, 9, 17, 19, 5, 20, 26, 25, 23, 24, 28, 29, 8, 15, 18, 30], [1, 2, 3, 4, 21, 6, 7, 14, 27, 10, 11, 12, 13, 22, 16, 9, 17, 5, 19, 20, 26, 25, 23, 24, 28, 29, 8, 15, 18, 30], [1, 2, 3, 4, 21, 6, 7, 14, 27, 10, 11, 12, 13, 22, 16, 9, 17, 18, 19, 20, 26, 25, 23, 24, 28, 29, 8, 15, 5, 30], [1, 2, 3, 4, 5, 6, 7, 14, 27, 10, 11, 12, 13, 22, 16, 9, 17, 18, 19, 20, 26, 25, 23, 24, 28, 29, 8, 15, 21, 30], [1, 2, 3, 4, 5, 6, 7, 14, 8, 10, 11, 12, 13, 22, 16, 9, 17, 18, 19, 20, 26, 25, 23, 24, 28, 29, 27, 15, 21, 30], [1, 2, 3, 4, 5, 6, 7, 14, 9, 10, 11, 12, 13, 22, 16, 8, 17, 18, 19, 20, 26, 25, 23, 24, 28, 29, 27, 15, 21, 30], [1, 2, 3, 4, 5, 6, 7, 8, 9, 10, 11, 12, 13, 22, 16, 14, 17, 18, 19, 20, 26, 25, 23, 24, 28, 29, 27, 15, 21, 30], [1, 2, 3, 4, 5, 6, 7, 8, 9, 10, 11, 12, 13, 22, 14, 16, 17, 18, 19, 20, 26, 25, 23, 24, 28, 29, 27, 15, 21, 30], [1, 2, 3, 4, 5, 6, 7, 8, 9, 10, 11, 12, 13, 22, 14, 16, 17, 18, 19, 20, 26, 25, 23, 24, 15, 29, 27, 28, 21, 30], [1, 2, 3, 4, 5, 6, 7, 8, 9, 10, 11, 12, 13, 22, 15, 16, 17, 18, 19, 20, 26, 25, 23, 24, 14, 29, 27, 28, 21, 30], [1, 2, 3, 4, 5, 6, 7, 8, 9, 10, 11, 12, 13, 22, 15, 16, 17, 18, 19, 20, 26, 14, 23, 24, 25, 29, 27, 28, 21, 30], [1, 2, 3, 4, 5, 6, 7, 8, 9, 10, 11, 12, 13, 14, 15, 16, 17, 18, 19, 20, 26, 22, 23, 24, 25, 29, 27, 28, 21, 30], [1, 2, 3, 4, 5, 6, 7, 8, 9, 10, 11, 12, 13, 14, 15, 16, 17, 18, 19, 20, 21, 22, 23, 24, 25, 29, 27, 28, 26, 30], [1, 2, 3, 4, 5, 6, 7, 8, 9, 10, 11, 12, 13, 14, 15, 16, 17, 18, 19, 20, 21, 22, 23, 24, 25, 26, 27, 28, 29, 30]], idx1=[1, 2, 10, 1, 3, 4, 6, 7, 12, 5, 5, 5, 5, 5, 5, 5, 5, 8, 8, 8, 14, 15, 14, 14, 14, 21, 26], idx2=[17, 4, 11, 11, 27, 7, 12, 22, 24, 24, 20, 23, 30, 11, 19, 18, 21, 27, 9, 14, 16, 28, 15, 25, 22, 26, 29], _checker='')