============================================================
BENCHMARK ID: 19 | DIMENSIONE: 10 | STRATEGIA: mostconstrained
============================================================

Input Vector: [10, 3, 4, 7, 2, 5, 6, 1, 8, 9]

STATO: RISOLTO
K: 8
TEMPO: 3.0130s
----------------------------------------
PIANO:
Solution(v=[[10, 3, 4, 7, 2, 5, 6, 1, 8, 9], [10, 3, 4, 7, 2, 5, 6, 8, 1, 9], [10, 3, 4, 7, 2, 5, 6, 8, 9, 1], [1, 3, 4, 7, 2, 5, 6, 8, 9, 10], [1, 3, 4, 7, 2, 6, 5, 8, 9, 10], [1, 3, 4, 5, 2, 6, 7, 8, 9, 10], [1, 3, 5, 4, 2, 6, 7, 8, 9, 10], [1, 5, 3, 4, 2, 6, 7, 8, 9, 10], [1, 2, 3, 4, 5, 6, 7, 8, 9, 10]], pos=[[8, 5, 2, 3, 6, 7, 4, 9, 10, 1], [9, 5, 2, 3, 6, 7, 4, 8, 10, 1], [10, 5, 2, 3, 6, 7, 4, 8, 9, 1], [1, 5, 2, 3, 6, 7, 4, 8, 9, 10], [1, 5, 2, 3, 7, 6, 4, 8, 9, 10], [1, 5, 2, 3, 4, 6, 7, 8, 9, 10], [1, 5, 2, 4, 3, 6, 7, 8, 9, 10], [1, 5, 3, 4, 2, 6, 7, 8, 9, 10], [1, 2, 3, 4, 5, 6, 7, 8, 9, 10]], idx1=[8, 9, 1, 6, 4, 3, 2, 2], idx2=[9, 10, 10, 7, 7, 4, 3, 5], _checker='')