============================================================
BENCHMARK ID: 25 | DIMENSIONE: 15 | STRATEGIA: mostconstrained
============================================================

Input Vector: [10, 4, 15, 7, 6, 13, 9, 5, 14, 3, 1, 11, 12, 8, 2]

STATO: RISOLTO
K: 14
TEMPO: 163.7290s
----------------------------------------
PIANO:
Solution(v=[[10, 4, 15, 7, 6, 13, 9, 5, 14, 3, 1, 11, 12, 8, 2], [1, 4, 15, 7, 6, 13, 9, 5, 14, 3, 10, 11, 12, 8, 2], [1, 4, 15, 7, 6, 13, 9, 5, 14, 10, 3, 11, 12, 8, 2], [1, 4, 15, 7, 6, 13, 9, 5, 14, 10, 11, 3, 12, 8, 2], [1, 4, 15, 7, 6, 13, 9, 5, 14, 10, 11, 12, 3, 8, 2], [1, 4, 15, 7, 6, 3, 9, 5, 14, 10, 11, 12, 13, 8, 2], [1, 4, 15, 7, 6, 3, 9, 5, 8, 10, 11, 12, 13, 14, 2], [1, 4, 15, 7, 6, 3, 8, 5, 9, 10, 11, 12, 13, 14, 2], [1, 4, 15, 7, 6, 3, 5, 8, 9, 10, 11, 12, 13, 14, 2], [1, 4, 15, 7, 5, 3, 6, 8, 9, 10, 11, 12, 13, 14, 2], [1, 4, 15, 7, 5, 6, 3, 8, 9, 10, 11, 12, 13, 14, 2], [1, 4, 15, 3, 5, 6, 7, 8, 9, 10, 11, 12, 13, 14, 2], [1, 4, 3, 15, 5, 6, 7, 8, 9, 10, 11, 12, 13, 14, 2], [1, 15, 3, 4, 5, 6, 7, 8, 9, 10, 11, 12, 13, 14, 2], [1, 2, 3, 4, 5, 6, 7, 8, 9, 10, 11, 12, 13, 14, 15]], pos=[[11, 15, 10, 2, 8, 5, 4, 14, 7, 1, 12, 13, 6, 9, 3], [1, 15, 10, 2, 8, 5, 4, 14, 7, 11, 12, 13, 6, 9, 3], [1, 15, 11, 2, 8, 5, 4, 14, 7, 10, 12, 13, 6, 9, 3], [1, 15, 12, 2, 8, 5, 4, 14, 7, 10, 11, 13, 6, 9, 3], [1, 15, 13, 2, 8, 5, 4, 14, 7, 10, 11, 12, 6, 9, 3], [1, 15, 6, 2, 8, 5, 4, 14, 7, 10, 11, 12, 13, 9, 3], [1, 15, 6, 2, 8, 5, 4, 9, 7, 10, 11, 12, 13, 14, 3], [1, 15, 6, 2, 8, 5, 4, 7, 9, 10, 11, 12, 13, 14, 3], [1, 15, 6, 2, 7, 5, 4, 8, 9, 10, 11, 12, 13, 14, 3], [1, 15, 6, 2, 5, 7, 4, 8, 9, 10, 11, 12, 13, 14, 3], [1, 15, 7, 2, 5, 6, 4, 8, 9, 10, 11, 12, 13, 14, 3], [1, 15, 4, 2, 5, 6, 7, 8, 9, 10, 11, 12, 13, 14, 3], [1, 15, 3, 2, 5, 6, 7, 8, 9, 10, 11, 12, 13, 14, 4], [1, 15, 3, 4, 5, 6, 7, 8, 9, 10, 11, 12, 13, 14, 2], [1, 2, 3, 4, 5, 6, 7, 8, 9, 10, 11, 12, 13, 14, 15]], idx1=[1, 10, 11, 12, 6, 9, 7, 7, 5, 6, 4, 3, 2, 2], idx2=[11, 11, 12, 13, 13, 14, 9, 8, 7, 7, 7, 4, 4, 15], _checker='')