============================================================
BENCHMARK ID: 27 | DIMENSIONE: 15 | STRATEGIA: mostconstrained
============================================================

Input Vector: [14, 1, 8, 9, 4, 5, 15, 13, 12, 2, 3, 7, 6, 11, 10]

STATO: RISOLTO
K: 14
TEMPO: 0.3990s
----------------------------------------
PIANO:
Solution(v=[[14, 1, 8, 9, 4, 5, 15, 13, 12, 2, 3, 7, 6, 11, 10], [14, 1, 8, 9, 4, 5, 10, 13, 12, 2, 3, 7, 6, 11, 15], [14, 1, 8, 9, 4, 5, 2, 13, 12, 10, 3, 7, 6, 11, 15], [14, 1, 8, 9, 4, 5, 7, 13, 12, 10, 3, 2, 6, 11, 15], [14, 2, 8, 9, 4, 5, 7, 13, 12, 10, 3, 1, 6, 11, 15], [14, 2, 8, 9, 5, 4, 7, 13, 12, 10, 3, 1, 6, 11, 15], [14, 2, 8, 4, 5, 9, 7, 13, 12, 10, 3, 1, 6, 11, 15], [14, 2, 8, 4, 5, 6, 7, 13, 12, 10, 3, 1, 9, 11, 15], [14, 2, 8, 4, 5, 6, 7, 13, 1, 10, 3, 12, 9, 11, 15], [1, 2, 8, 4, 5, 6, 7, 13, 14, 10, 3, 12, 9, 11, 15], [1, 2, 8, 4, 5, 6, 7, 13, 11, 10, 3, 12, 9, 14, 15], [1, 2, 8, 4, 5, 6, 7, 13, 3, 10, 11, 12, 9, 14, 15], [1, 2, 3, 4, 5, 6, 7, 13, 8, 10, 11, 12, 9, 14, 15], [1, 2, 3, 4, 5, 6, 7, 13, 9, 10, 11, 12, 8, 14, 15], [1, 2, 3, 4, 5, 6, 7, 8, 9, 10, 11, 12, 13, 14, 15]], pos=[[2, 10, 11, 5, 6, 13, 12, 3, 4, 15, 14, 9, 8, 1, 7], [2, 10, 11, 5, 6, 13, 12, 3, 4, 7, 14, 9, 8, 1, 15], [2, 7, 11, 5, 6, 13, 12, 3, 4, 10, 14, 9, 8, 1, 15], [2, 12, 11, 5, 6, 13, 7, 3, 4, 10, 14, 9, 8, 1, 15], [12, 2, 11, 5, 6, 13, 7, 3, 4, 10, 14, 9, 8, 1, 15], [12, 2, 11, 6, 5, 13, 7, 3, 4, 10, 14, 9, 8, 1, 15], [12, 2, 11, 4, 5, 13, 7, 3, 6, 10, 14, 9, 8, 1, 15], [12, 2, 11, 4, 5, 6, 7, 3, 13, 10, 14, 9, 8, 1, 15], [9, 2, 11, 4, 5, 6, 7, 3, 13, 10, 14, 12, 8, 1, 15], [1, 2, 11, 4, 5, 6, 7, 3, 13, 10, 14, 12, 8, 9, 15], [1, 2, 11, 4, 5, 6, 7, 3, 13, 10, 9, 12, 8, 14, 15], [1, 2, 9, 4, 5, 6, 7, 3, 13, 10, 11, 12, 8, 14, 15], [1, 2, 3, 4, 5, 6, 7, 9, 13, 10, 11, 12, 8, 14, 15], [1, 2, 3, 4, 5, 6, 7, 13, 9, 10, 11, 12, 8, 14, 15], [1, 2, 3, 4, 5, 6, 7, 8, 9, 10, 11, 12, 13, 14, 15]], idx1=[7, 7, 7, 2, 5, 4, 6, 9, 1, 9, 9, 3, 9, 8], idx2=[15, 10, 12, 12, 6, 6, 13, 12, 9, 14, 11, 9, 13, 13], _checker='')