============================================================
BENCHMARK ID: 16 | DIMENSIONE: 10 | STRATEGIA: mostconstrained
============================================================

Input Vector: [5, 1, 3, 2, 9, 6, 4, 8, 7, 10]

STATO: RISOLTO
K: 5
TEMPO: 0.1920s
----------------------------------------
PIANO:
Solution(v=[[5, 1, 3, 2, 9, 6, 4, 8, 7, 10], [1, 5, 3, 2, 9, 6, 4, 8, 7, 10], [1, 9, 3, 2, 5, 6, 4, 8, 7, 10], [1, 9, 3, 2, 5, 6, 7, 8, 4, 10], [1, 9, 3, 4, 5, 6, 7, 8, 2, 10], [1, 2, 3, 4, 5, 6, 7, 8, 9, 10]], pos=[[2, 4, 3, 7, 1, 6, 9, 8, 5, 10], [1, 4, 3, 7, 2, 6, 9, 8, 5, 10], [1, 4, 3, 7, 5, 6, 9, 8, 2, 10], [1, 4, 3, 9, 5, 6, 7, 8, 2, 10], [1, 9, 3, 4, 5, 6, 7, 8, 2, 10], [1, 2, 3, 4, 5, 6, 7, 8, 9, 10]], idx1=[1, 2, 7, 4, 2], idx2=[2, 5, 9, 9, 9], _checker='')