============================================================
BENCHMARK ID: 29 | DIMENSIONE: 15 | STRATEGIA: mostconstrained
============================================================

Input Vector: [11, 2, 1, 12, 6, 15, 4, 8, 5, 9, 13, 14, 3, 10, 7]

STATO: RISOLTO
K: 11
TEMPO: 69.6660s
----------------------------------------
PIANO:
Solution(v=[[11, 2, 1, 12, 6, 15, 4, 8, 5, 9, 13, 14, 3, 10, 7], [11, 2, 1, 12, 6, 7, 4, 8, 5, 9, 13, 14, 3, 10, 15], [11, 2, 1, 12, 6, 4, 7, 8, 5, 9, 13, 14, 3, 10, 15], [11, 2, 1, 4, 6, 12, 7, 8, 5, 9, 13, 14, 3, 10, 15], [11, 2, 1, 4, 12, 6, 7, 8, 5, 9, 13, 14, 3, 10, 15], [11, 2, 1, 4, 12, 6, 7, 8, 9, 5, 13, 14, 3, 10, 15], [11, 2, 1, 4, 12, 6, 7, 8, 9, 10, 13, 14, 3, 5, 15], [11, 2, 1, 4, 5, 6, 7, 8, 9, 10, 13, 14, 3, 12, 15], [11, 2, 1, 4, 5, 6, 7, 8, 9, 10, 3, 14, 13, 12, 15], [3, 2, 1, 4, 5, 6, 7, 8, 9, 10, 11, 14, 13, 12, 15], [1, 2, 3, 4, 5, 6, 7, 8, 9, 10, 11, 14, 13, 12, 15], [1, 2, 3, 4, 5, 6, 7, 8, 9, 10, 11, 12, 13, 14, 15]], pos=[[3, 2, 13, 7, 9, 5, 15, 8, 10, 14, 1, 4, 11, 12, 6], [3, 2, 13, 7, 9, 5, 6, 8, 10, 14, 1, 4, 11, 12, 15], [3, 2, 13, 6, 9, 5, 7, 8, 10, 14, 1, 4, 11, 12, 15], [3, 2, 13, 4, 9, 5, 7, 8, 10, 14, 1, 6, 11, 12, 15], [3, 2, 13, 4, 9, 6, 7, 8, 10, 14, 1, 5, 11, 12, 15], [3, 2, 13, 4, 10, 6, 7, 8, 9, 14, 1, 5, 11, 12, 15], [3, 2, 13, 4, 14, 6, 7, 8, 9, 10, 1, 5, 11, 12, 15], [3, 2, 13, 4, 5, 6, 7, 8, 9, 10, 1, 14, 11, 12, 15], [3, 2, 11, 4, 5, 6, 7, 8, 9, 10, 1, 14, 13, 12, 15], [3, 2, 1, 4, 5, 6, 7, 8, 9, 10, 11, 14, 13, 12, 15], [1, 2, 3, 4, 5, 6, 7, 8, 9, 10, 11, 14, 13, 12, 15], [1, 2, 3, 4, 5, 6, 7, 8, 9, 10, 11, 12, 13, 14, 15]], idx1=[6, 6, 4, 5, 9, 10, 5, 11, 1, 1, 12], idx2=[15, 7, 6, 6, 10, 14, 14, 13, 11, 3, 14], _checker='')