============================================================
BENCHMARK ID: 22 | DIMENSIONE: 15 | STRATEGIA: mostconstrained
============================================================

Input Vector: [11, 8, 15, 10, 5, 14, 4, 7, 3, 1, 9, 13, 6, 12, 2]

STATO: RISOLTO
K: 12
TEMPO: 270.7060s
----------------------------------------
PIANO:
Solution(v=[[11, 8, 15, 10, 5, 14, 4, 7, 3, 1, 9, 13, 6, 12, 2], [1, 8, 15, 10, 5, 14, 4, 7, 3, 11, 9, 13, 6, 12, 2], [1, 8, 15, 10, 5, 14, 4, 7, 3, 9, 11, 13, 6, 12, 2], [1, 8, 15, 10, 5, 14, 4, 7, 9, 3, 11, 13, 6, 12, 2], [1, 8, 15, 3, 5, 14, 4, 7, 9, 10, 11, 13, 6, 12, 2], [1, 8, 3, 15, 5, 14, 4, 7, 9, 10, 11, 13, 6, 12, 2], [1, 8, 3, 15, 5, 14, 4, 7, 9, 10, 11, 12, 6, 13, 2], [1, 8, 3, 15, 5, 13, 4, 7, 9, 10, 11, 12, 6, 14, 2], [1, 8, 3, 15, 5, 13, 7, 4, 9, 10, 11, 12, 6, 14, 2], [1, 8, 3, 4, 5, 13, 7, 15, 9, 10, 11, 12, 6, 14, 2], [1, 8, 3, 4, 5, 13, 7, 2, 9, 10, 11, 12, 6, 14, 15], [1, 2, 3, 4, 5, 13, 7, 8, 9, 10, 11, 12, 6, 14, 15], [1, 2, 3, 4, 5, 6, 7, 8, 9, 10, 11, 12, 13, 14, 15]], pos=[[10, 15, 9, 7, 5, 13, 8, 2, 11, 4, 1, 14, 12, 6, 3], [1, 15, 9, 7, 5, 13, 8, 2, 11, 4, 10, 14, 12, 6, 3], [1, 15, 9, 7, 5, 13, 8, 2, 10, 4, 11, 14, 12, 6, 3], [1, 15, 10, 7, 5, 13, 8, 2, 9, 4, 11, 14, 12, 6, 3], [1, 15, 4, 7, 5, 13, 8, 2, 9, 10, 11, 14, 12, 6, 3], [1, 15, 3, 7, 5, 13, 8, 2, 9, 10, 11, 14, 12, 6, 4], [1, 15, 3, 7, 5, 13, 8, 2, 9, 10, 11, 12, 14, 6, 4], [1, 15, 3, 7, 5, 13, 8, 2, 9, 10, 11, 12, 6, 14, 4], [1, 15, 3, 8, 5, 13, 7, 2, 9, 10, 11, 12, 6, 14, 4], [1, 15, 3, 4, 5, 13, 7, 2, 9, 10, 11, 12, 6, 14, 8], [1, 8, 3, 4, 5, 13, 7, 2, 9, 10, 11, 12, 6, 14, 15], [1, 2, 3, 4, 5, 13, 7, 8, 9, 10, 11, 12, 6, 14, 15], [1, 2, 3, 4, 5, 6, 7, 8, 9, 10, 11, 12, 13, 14, 15]], idx1=[1, 10, 9, 4, 3, 12, 6, 7, 4, 8, 2, 6], idx2=[10, 11, 10, 10, 4, 14, 14, 8, 8, 15, 8, 13], _checker='')