============================================================
BENCHMARK ID: 11 | DIMENSIONE: 10 | STRATEGIA: mostconstrained
============================================================

Input Vector: [10, 9, 5, 2, 4, 1, 7, 6, 8, 3]

STATO: RISOLTO
K: 8
TEMPO: 11.1020s
----------------------------------------
PIANO:
Solution(v=[[10, 9, 5, 2, 4, 1, 7, 6, 8, 3], [1, 9, 5, 2, 4, 10, 7, 6, 8, 3], [1, 9, 5, 2, 4, 6, 7, 10, 8, 3], [1, 9, 5, 2, 4, 6, 7, 8, 10, 3], [1, 9, 5, 2, 4, 6, 7, 8, 3, 10], [1, 3, 5, 2, 4, 6, 7, 8, 9, 10], [1, 3, 5, 4, 2, 6, 7, 8, 9, 10], [1, 3, 2, 4, 5, 6, 7, 8, 9, 10], [1, 2, 3, 4, 5, 6, 7, 8, 9, 10]], pos=[[6, 4, 10, 5, 3, 8, 7, 9, 2, 1], [1, 4, 10, 5, 3, 8, 7, 9, 2, 6], [1, 4, 10, 5, 3, 6, 7, 9, 2, 8], [1, 4, 10, 5, 3, 6, 7, 8, 2, 9], [1, 4, 9, 5, 3, 6, 7, 8, 2, 10], [1, 4, 2, 5, 3, 6, 7, 8, 9, 10], [1, 5, 2, 4, 3, 6, 7, 8, 9, 10], [1, 3, 2, 4, 5, 6, 7, 8, 9, 10], [1, 2, 3, 4, 5, 6, 7, 8, 9, 10]], idx1=[1, 6, 8, 9, 2, 4, 3, 2], idx2=[6, 8, 9, 10, 9, 5, 5, 3], _checker='')