============================================================
BENCHMARK ID: 8 | DIMENSIONE: 5 | STRATEGIA: mostconstrained
============================================================

Input Vector: [3, 4, 5, 1, 2]

STATO: RISOLTO
K: 4
TEMPO: 0.3270s
----------------------------------------
PIANO:
Solution(v=[[3, 4, 5, 1, 2], [3, 2, 5, 1, 4], [3, 2, 5, 4, 1], [1, 2, 5, 4, 3], [1, 2, 3, 4, 5]], pos=[[4, 5, 1, 2, 3], [4, 2, 1, 5, 3], [5, 2, 1, 4, 3], [1, 2, 5, 4, 3], [1, 2, 3, 4, 5]], idx1=[2, 4, 1, 3], idx2=[5, 5, 5, 5], _checker='')