============================================================
BENCHMARK ID: 18 | DIMENSIONE: 10 | STRATEGIA: mostconstrained
============================================================

Input Vector: [3, 9, 10, 6, 4, 7, 1, 2, 5, 8]

STATO: RISOLTO
K: 9
TEMPO: 3.2470s
----------------------------------------
PIANO:
Solution(v=[[3, 9, 10, 6, 4, 7, 1, 2, 5, 8], [3, 9, 8, 6, 4, 7, 1, 2, 5, 10], [3, 9, 2, 6, 4, 7, 1, 8, 5, 10], [3, 2, 9, 6, 4, 7, 1, 8, 5, 10], [3, 2, 5, 6, 4, 7, 1, 8, 9, 10], [3, 2, 4, 6, 5, 7, 1, 8, 9, 10], [3, 2, 4, 7, 5, 6, 1, 8, 9, 10], [3, 2, 7, 4, 5, 6, 1, 8, 9, 10], [7, 2, 3, 4, 5, 6, 1, 8, 9, 10], [1, 2, 3, 4, 5, 6, 7, 8, 9, 10]], pos=[[7, 8, 1, 5, 9, 4, 6, 10, 2, 3], [7, 8, 1, 5, 9, 4, 6, 3, 2, 10], [7, 3, 1, 5, 9, 4, 6, 8, 2, 10], [7, 2, 1, 5, 9, 4, 6, 8, 3, 10], [7, 2, 1, 5, 3, 4, 6, 8, 9, 10], [7, 2, 1, 3, 5, 4, 6, 8, 9, 10], [7, 2, 1, 3, 5, 6, 4, 8, 9, 10], [7, 2, 1, 4, 5, 6, 3, 8, 9, 10], [7, 2, 3, 4, 5, 6, 1, 8, 9, 10], [1, 2, 3, 4, 5, 6, 7, 8, 9, 10]], idx1=[3, 3, 2, 3, 3, 4, 3, 1, 1], idx2=[10, 8, 3, 9, 5, 6, 4, 3, 7], _checker='')