============================================================
BENCHMARK ID: 3 | DIMENSIONE: 5 | STRATEGIA: mostconstrained
============================================================

Input Vector: [2, 4, 1, 5, 3]

STATO: RISOLTO
K: 4
TEMPO: 0.3510s
----------------------------------------
PIANO:
Solution(v=[[2, 4, 1, 5, 3], [1, 4, 2, 5, 3], [1, 4, 2, 3, 5], [1, 3, 2, 4, 5], [1, 2, 3, 4, 5]], pos=[[3, 1, 5, 2, 4], [1, 3, 5, 2, 4], [1, 3, 4, 2, 5], [1, 3, 2, 4, 5], [1, 2, 3, 4, 5]], idx1=[1, 4, 2, 2], idx2=[3, 5, 4, 3], _checker='')