============================================================
BENCHMARK ID: 20 | DIMENSIONE: 10 | STRATEGIA: mostconstrained
============================================================

Input Vector: [1, 6, 7, 9, 8, 4, 10, 3, 5, 2]

STATO: RISOLTO
K: 8
TEMPO: 5.7260s
----------------------------------------
PIANO:
Solution(v=[[1, 6, 7, 9, 8, 4, 10, 3, 5, 2], [1, 4, 7, 9, 8, 6, 10, 3, 5, 2], [1, 4, 3, 9, 8, 6, 10, 7, 5, 2], [1, 4, 3, 9, 8, 6, 7, 10, 5, 2], [1, 4, 3, 9, 10, 6, 7, 8, 5, 2], [1, 4, 3, 9, 5, 6, 7, 8, 10, 2], [1, 4, 3, 9, 5, 6, 7, 8, 2, 10], [1, 2, 3, 9, 5, 6, 7, 8, 4, 10], [1, 2, 3, 4, 5, 6, 7, 8, 9, 10]], pos=[[1, 10, 8, 6, 9, 2, 3, 5, 4, 7], [1, 10, 8, 2, 9, 6, 3, 5, 4, 7], [1, 10, 3, 2, 9, 6, 8, 5, 4, 7], [1, 10, 3, 2, 9, 6, 7, 5, 4, 8], [1, 10, 3, 2, 9, 6, 7, 8, 4, 5], [1, 10, 3, 2, 5, 6, 7, 8, 4, 9], [1, 9, 3, 2, 5, 6, 7, 8, 4, 10], [1, 2, 3, 9, 5, 6, 7, 8, 4, 10], [1, 2, 3, 4, 5, 6, 7, 8, 9, 10]], idx1=[2, 3, 7, 5, 5, 9, 2, 4], idx2=[6, 8, 8, 8, 9, 10, 9, 9], _checker='')