============================================================
BENCHMARK ID: 28 | DIMENSIONE: 15 | STRATEGIA: mostconstrained
============================================================

Input Vector: [3, 7, 13, 11, 6, 10, 12, 15, 9, 8, 4, 14, 1, 2, 5]

STATO: RISOLTO
K: 10
TEMPO: 214.8060s
----------------------------------------
PIANO:
Solution(v=[[3, 7, 13, 11, 6, 10, 12, 15, 9, 8, 4, 14, 1, 2, 5], [3, 7, 13, 11, 6, 10, 12, 5, 9, 8, 4, 14, 1, 2, 15], [3, 7, 13, 11, 5, 10, 12, 6, 9, 8, 4, 14, 1, 2, 15], [3, 7, 13, 11, 5, 10, 12, 8, 9, 6, 4, 14, 1, 2, 15], [3, 7, 13, 11, 5, 6, 12, 8, 9, 10, 4, 14, 1, 2, 15], [3, 7, 13, 11, 5, 6, 14, 8, 9, 10, 4, 12, 1, 2, 15], [3, 14, 13, 11, 5, 6, 7, 8, 9, 10, 4, 12, 1, 2, 15], [3, 2, 13, 11, 5, 6, 7, 8, 9, 10, 4, 12, 1, 14, 15], [3, 2, 1, 11, 5, 6, 7, 8, 9, 10, 4, 12, 13, 14, 15], [1, 2, 3, 11, 5, 6, 7, 8, 9, 10, 4, 12, 13, 14, 15], [1, 2, 3, 4, 5, 6, 7, 8, 9, 10, 11, 12, 13, 14, 15]], pos=[[13, 14, 1, 11, 15, 5, 2, 10, 9, 6, 4, 7, 3, 12, 8], [13, 14, 1, 11, 8, 5, 2, 10, 9, 6, 4, 7, 3, 12, 15], [13, 14, 1, 11, 5, 8, 2, 10, 9, 6, 4, 7, 3, 12, 15], [13, 14, 1, 11, 5, 10, 2, 8, 9, 6, 4, 7, 3, 12, 15], [13, 14, 1, 11, 5, 6, 2, 8, 9, 10, 4, 7, 3, 12, 15], [13, 14, 1, 11, 5, 6, 2, 8, 9, 10, 4, 12, 3, 7, 15], [13, 14, 1, 11, 5, 6, 7, 8, 9, 10, 4, 12, 3, 2, 15], [13, 2, 1, 11, 5, 6, 7, 8, 9, 10, 4, 12, 3, 14, 15], [3, 2, 1, 11, 5, 6, 7, 8, 9, 10, 4, 12, 13, 14, 15], [1, 2, 3, 11, 5, 6, 7, 8, 9, 10, 4, 12, 13, 14, 15], [1, 2, 3, 4, 5, 6, 7, 8, 9, 10, 11, 12, 13, 14, 15]], idx1=[8, 5, 8, 6, 7, 2, 2, 3, 1, 4], idx2=[15, 8, 10, 10, 12, 7, 14, 13, 3, 11], _checker='')