============================================================
BENCHMARK ID: 50 | DIMENSIONE: 25 | STRATEGIA: domwdeg_split
============================================================

Input Vector: [14, 20, 15, 8, 10, 2, 16, 24, 19, 18, 21, 17, 9, 11, 3, 5, 23, 1, 6, 7, 22, 4, 25, 13, 12]

STATO: RISOLTO
K: 22
TEMPO: 86.8140s
----------------------------------------
PIANO:
Solution(v=[[14, 20, 15, 8, 10, 2, 16, 24, 19, 18, 21, 17, 9, 11, 3, 5, 23, 1, 6, 7, 22, 4, 25, 13, 12], [11, 20, 15, 8, 10, 2, 16, 24, 19, 18, 21, 17, 9, 14, 3, 5, 23, 1, 6, 7, 22, 4, 25, 13, 12], [11, 2, 15, 8, 10, 20, 16, 24, 19, 18, 21, 17, 9, 14, 3, 5, 23, 1, 6, 7, 22, 4, 25, 13, 12], [11, 2, 15, 8, 10, 20, 5, 24, 19, 18, 21, 17, 9, 14, 3, 16, 23, 1, 6, 7, 22, 4, 25, 13, 12], [11, 2, 15, 8, 5, 20, 10, 24, 19, 18, 21, 17, 9, 14, 3, 16, 23, 1, 6, 7, 22, 4, 25, 13, 12], [11, 2, 15, 8, 5, 20, 10, 24, 19, 18, 22, 17, 9, 14, 3, 16, 23, 1, 6, 7, 21, 4, 25, 13, 12], [22, 2, 15, 8, 5, 20, 10, 24, 19, 18, 11, 17, 9, 14, 3, 16, 23, 1, 6, 7, 21, 4, 25, 13, 12], [4, 2, 15, 8, 5, 20, 10, 24, 19, 18, 11, 17, 9, 14, 3, 16, 23, 1, 6, 7, 21, 22, 25, 13, 12], [4, 2, 15, 24, 5, 20, 10, 8, 19, 18, 11, 17, 9, 14, 3, 16, 23, 1, 6, 7, 21, 22, 25, 13, 12], [24, 2, 15, 4, 5, 20, 10, 8, 19, 18, 11, 17, 9, 14, 3, 16, 23, 1, 6, 7, 21, 22, 25, 13, 12], [24, 2, 15, 4, 5, 20, 18, 8, 19, 10, 11, 17, 9, 14, 3, 16, 23, 1, 6, 7, 21, 22, 25, 13, 12], [24, 2, 15, 4, 5, 20, 18, 8, 9, 10, 11, 17, 19, 14, 3, 16, 23, 1, 6, 7, 21, 22, 25, 13, 12], [24, 2, 15, 4, 5, 20, 18, 8, 9, 10, 11, 17, 13, 14, 3, 16, 23, 1, 6, 7, 21, 22, 25, 19, 12], [19, 2, 15, 4, 5, 20, 18, 8, 9, 10, 11, 17, 13, 14, 3, 16, 23, 1, 6, 7, 21, 22, 25, 24, 12], [19, 2, 3, 4, 5, 20, 18, 8, 9, 10, 11, 17, 13, 14, 15, 16, 23, 1, 6, 7, 21, 22, 25, 24, 12], [19, 2, 3, 4, 5, 7, 18, 8, 9, 10, 11, 17, 13, 14, 15, 16, 23, 1, 6, 20, 21, 22, 25, 24, 12], [19, 2, 3, 4, 5, 18, 7, 8, 9, 10, 11, 17, 13, 14, 15, 16, 23, 1, 6, 20, 21, 22, 25, 24, 12], [19, 2, 3, 4, 5, 1, 7, 8, 9, 10, 11, 17, 13, 14, 15, 16, 23, 18, 6, 20, 21, 22, 25, 24, 12], [1, 2, 3, 4, 5, 19, 7, 8, 9, 10, 11, 17, 13, 14, 15, 16, 23, 18, 6, 20, 21, 22, 25, 24, 12], [1, 2, 3, 4, 5, 6, 7, 8, 9, 10, 11, 17, 13, 14, 15, 16, 23, 18, 19, 20, 21, 22, 25, 24, 12], [1, 2, 3, 4, 5, 6, 7, 8, 9, 10, 11, 23, 13, 14, 15, 16, 17, 18, 19, 20, 21, 22, 25, 24, 12], [1, 2, 3, 4, 5, 6, 7, 8, 9, 10, 11, 25, 13, 14, 15, 16, 17, 18, 19, 20, 21, 22, 23, 24, 12], [1, 2, 3, 4, 5, 6, 7, 8, 9, 10, 11, 12, 13, 14, 15, 16, 17, 18, 19, 20, 21, 22, 23, 24, 25]], pos=[[18, 6, 15, 22, 16, 19, 20, 4, 13, 5, 14, 25, 24, 1, 3, 7, 12, 10, 9, 2, 11, 21, 17, 8, 23], [18, 6, 15, 22, 16, 19, 20, 4, 13, 5, 1, 25, 24, 14, 3, 7, 12, 10, 9, 2, 11, 21, 17, 8, 23], [18, 2, 15, 22, 16, 19, 20, 4, 13, 5, 1, 25, 24, 14, 3, 7, 12, 10, 9, 6, 11, 21, 17, 8, 23], [18, 2, 15, 22, 7, 19, 20, 4, 13, 5, 1, 25, 24, 14, 3, 16, 12, 10, 9, 6, 11, 21, 17, 8, 23], [18, 2, 15, 22, 5, 19, 20, 4, 13, 7, 1, 25, 24, 14, 3, 16, 12, 10, 9, 6, 11, 21, 17, 8, 23], [18, 2, 15, 22, 5, 19, 20, 4, 13, 7, 1, 25, 24, 14, 3, 16, 12, 10, 9, 6, 21, 11, 17, 8, 23], [18, 2, 15, 22, 5, 19, 20, 4, 13, 7, 11, 25, 24, 14, 3, 16, 12, 10, 9, 6, 21, 1, 17, 8, 23], [18, 2, 15, 1, 5, 19, 20, 4, 13, 7, 11, 25, 24, 14, 3, 16, 12, 10, 9, 6, 21, 22, 17, 8, 23], [18, 2, 15, 1, 5, 19, 20, 8, 13, 7, 11, 25, 24, 14, 3, 16, 12, 10, 9, 6, 21, 22, 17, 4, 23], [18, 2, 15, 4, 5, 19, 20, 8, 13, 7, 11, 25, 24, 14, 3, 16, 12, 10, 9, 6, 21, 22, 17, 1, 23], [18, 2, 15, 4, 5, 19, 20, 8, 13, 10, 11, 25, 24, 14, 3, 16, 12, 7, 9, 6, 21, 22, 17, 1, 23], [18, 2, 15, 4, 5, 19, 20, 8, 9, 10, 11, 25, 24, 14, 3, 16, 12, 7, 13, 6, 21, 22, 17, 1, 23], [18, 2, 15, 4, 5, 19, 20, 8, 9, 10, 11, 25, 13, 14, 3, 16, 12, 7, 24, 6, 21, 22, 17, 1, 23], [18, 2, 15, 4, 5, 19, 20, 8, 9, 10, 11, 25, 13, 14, 3, 16, 12, 7, 1, 6, 21, 22, 17, 24, 23], [18, 2, 3, 4, 5, 19, 20, 8, 9, 10, 11, 25, 13, 14, 15, 16, 12, 7, 1, 6, 21, 22, 17, 24, 23], [18, 2, 3, 4, 5, 19, 6, 8, 9, 10, 11, 25, 13, 14, 15, 16, 12, 7, 1, 20, 21, 22, 17, 24, 23], [18, 2, 3, 4, 5, 19, 7, 8, 9, 10, 11, 25, 13, 14, 15, 16, 12, 6, 1, 20, 21, 22, 17, 24, 23], [6, 2, 3, 4, 5, 19, 7, 8, 9, 10, 11, 25, 13, 14, 15, 16, 12, 18, 1, 20, 21, 22, 17, 24, 23], [1, 2, 3, 4, 5, 19, 7, 8, 9, 10, 11, 25, 13, 14, 15, 16, 12, 18, 6, 20, 21, 22, 17, 24, 23], [1, 2, 3, 4, 5, 6, 7, 8, 9, 10, 11, 25, 13, 14, 15, 16, 12, 18, 19, 20, 21, 22, 17, 24, 23], [1, 2, 3, 4, 5, 6, 7, 8, 9, 10, 11, 25, 13, 14, 15, 16, 17, 18, 19, 20, 21, 22, 12, 24, 23], [1, 2, 3, 4, 5, 6, 7, 8, 9, 10, 11, 25, 13, 14, 15, 16, 17, 18, 19, 20, 21, 22, 23, 24, 12], [1, 2, 3, 4, 5, 6, 7, 8, 9, 10, 11, 12, 13, 14, 15, 16, 17, 18, 19, 20, 21, 22, 23, 24, 25]], idx1=[1, 2, 7, 5, 11, 1, 1, 4, 1, 7, 9, 13, 1, 3, 6, 6, 6, 1, 6, 12, 12, 12], idx2=[14, 6, 16, 7, 21, 11, 22, 8, 4, 10, 13, 24, 24, 15, 20, 7, 18, 6, 19, 17, 23, 25], _checker='')