============================================================
BENCHMARK ID: 39 | DIMENSIONE: 20 | STRATEGIA: domwdeg_split
============================================================

Input Vector: [12, 17, 2, 9, 16, 13, 14, 11, 8, 18, 15, 4, 1, 5, 7, 3, 6, 10, 20, 19]

STATO: RISOLTO
K: 17
TEMPO: 1.8380s
----------------------------------------
PIANO:
Solution(v=[[12, 17, 2, 9, 16, 13, 14, 11, 8, 18, 15, 4, 1, 5, 7, 3, 6, 10, 20, 19], [12, 17, 2, 8, 16, 13, 14, 11, 9, 18, 15, 4, 1, 5, 7, 3, 6, 10, 20, 19], [12, 17, 2, 8, 16, 6, 14, 11, 9, 18, 15, 4, 1, 5, 7, 3, 13, 10, 20, 19], [12, 17, 2, 8, 16, 6, 14, 15, 9, 18, 11, 4, 1, 5, 7, 3, 13, 10, 20, 19], [12, 17, 2, 8, 16, 6, 14, 15, 9, 18, 11, 4, 13, 5, 7, 3, 1, 10, 20, 19], [12, 1, 2, 8, 16, 6, 14, 15, 9, 18, 11, 4, 13, 5, 7, 3, 17, 10, 20, 19], [1, 12, 2, 8, 16, 6, 14, 15, 9, 18, 11, 4, 13, 5, 7, 3, 17, 10, 20, 19], [1, 4, 2, 8, 16, 6, 14, 15, 9, 18, 11, 12, 13, 5, 7, 3, 17, 10, 20, 19], [1, 8, 2, 4, 16, 6, 14, 15, 9, 18, 11, 12, 13, 5, 7, 3, 17, 10, 20, 19], [1, 15, 2, 4, 16, 6, 14, 8, 9, 18, 11, 12, 13, 5, 7, 3, 17, 10, 20, 19], [1, 2, 15, 4, 16, 6, 14, 8, 9, 18, 11, 12, 13, 5, 7, 3, 17, 10, 20, 19], [1, 2, 7, 4, 16, 6, 14, 8, 9, 18, 11, 12, 13, 5, 15, 3, 17, 10, 20, 19], [1, 2, 7, 4, 3, 6, 14, 8, 9, 18, 11, 12, 13, 5, 15, 16, 17, 10, 20, 19], [1, 2, 7, 4, 3, 6, 5, 8, 9, 18, 11, 12, 13, 14, 15, 16, 17, 10, 20, 19], [1, 2, 5, 4, 3, 6, 7, 8, 9, 18, 11, 12, 13, 14, 15, 16, 17, 10, 20, 19], [1, 2, 3, 4, 5, 6, 7, 8, 9, 18, 11, 12, 13, 14, 15, 16, 17, 10, 20, 19], [1, 2, 3, 4, 5, 6, 7, 8, 9, 10, 11, 12, 13, 14, 15, 16, 17, 18, 20, 19], [1, 2, 3, 4, 5, 6, 7, 8, 9, 10, 11, 12, 13, 14, 15, 16, 17, 18, 19, 20]], pos=[[13, 3, 16, 12, 14, 17, 15, 9, 4, 18, 8, 1, 6, 7, 11, 5, 2, 10, 20, 19], [13, 3, 16, 12, 14, 17, 15, 4, 9, 18, 8, 1, 6, 7, 11, 5, 2, 10, 20, 19], [13, 3, 16, 12, 14, 6, 15, 4, 9, 18, 8, 1, 17, 7, 11, 5, 2, 10, 20, 19], [13, 3, 16, 12, 14, 6, 15, 4, 9, 18, 11, 1, 17, 7, 8, 5, 2, 10, 20, 19], [17, 3, 16, 12, 14, 6, 15, 4, 9, 18, 11, 1, 13, 7, 8, 5, 2, 10, 20, 19], [2, 3, 16, 12, 14, 6, 15, 4, 9, 18, 11, 1, 13, 7, 8, 5, 17, 10, 20, 19], [1, 3, 16, 12, 14, 6, 15, 4, 9, 18, 11, 2, 13, 7, 8, 5, 17, 10, 20, 19], [1, 3, 16, 2, 14, 6, 15, 4, 9, 18, 11, 12, 13, 7, 8, 5, 17, 10, 20, 19], [1, 3, 16, 4, 14, 6, 15, 2, 9, 18, 11, 12, 13, 7, 8, 5, 17, 10, 20, 19], [1, 3, 16, 4, 14, 6, 15, 8, 9, 18, 11, 12, 13, 7, 2, 5, 17, 10, 20, 19], [1, 2, 16, 4, 14, 6, 15, 8, 9, 18, 11, 12, 13, 7, 3, 5, 17, 10, 20, 19], [1, 2, 16, 4, 14, 6, 3, 8, 9, 18, 11, 12, 13, 7, 15, 5, 17, 10, 20, 19], [1, 2, 5, 4, 14, 6, 3, 8, 9, 18, 11, 12, 13, 7, 15, 16, 17, 10, 20, 19], [1, 2, 5, 4, 7, 6, 3, 8, 9, 18, 11, 12, 13, 14, 15, 16, 17, 10, 20, 19], [1, 2, 5, 4, 3, 6, 7, 8, 9, 18, 11, 12, 13, 14, 15, 16, 17, 10, 20, 19], [1, 2, 3, 4, 5, 6, 7, 8, 9, 18, 11, 12, 13, 14, 15, 16, 17, 10, 20, 19], [1, 2, 3, 4, 5, 6, 7, 8, 9, 10, 11, 12, 13, 14, 15, 16, 17, 18, 20, 19], [1, 2, 3, 4, 5, 6, 7, 8, 9, 10, 11, 12, 13, 14, 15, 16, 17, 18, 19, 20]], idx1=[4, 6, 8, 13, 2, 1, 2, 2, 2, 2, 3, 5, 7, 3, 3, 10, 19], idx2=[9, 17, 11, 17, 17, 2, 12, 4, 8, 3, 15, 16, 14, 7, 5, 18, 20], _checker='')