============================================================
BENCHMARK ID: 28 | DIMENSIONE: 15 | STRATEGIA: domwdeg_split
============================================================

Input Vector: [3, 7, 13, 11, 6, 10, 12, 15, 9, 8, 4, 14, 1, 2, 5]

STATO: RISOLTO
K: 10
TEMPO: 2.6410s
----------------------------------------
PIANO:
Solution(v=[[3, 7, 13, 11, 6, 10, 12, 15, 9, 8, 4, 14, 1, 2, 5], [3, 7, 13, 11, 6, 10, 14, 15, 9, 8, 4, 12, 1, 2, 5], [3, 14, 13, 11, 6, 10, 7, 15, 9, 8, 4, 12, 1, 2, 5], [3, 14, 1, 11, 6, 10, 7, 15, 9, 8, 4, 12, 13, 2, 5], [1, 14, 3, 11, 6, 10, 7, 15, 9, 8, 4, 12, 13, 2, 5], [1, 2, 3, 11, 6, 10, 7, 15, 9, 8, 4, 12, 13, 14, 5], [1, 2, 3, 4, 6, 10, 7, 15, 9, 8, 11, 12, 13, 14, 5], [1, 2, 3, 4, 6, 8, 7, 15, 9, 10, 11, 12, 13, 14, 5], [1, 2, 3, 4, 8, 6, 7, 15, 9, 10, 11, 12, 13, 14, 5], [1, 2, 3, 4, 15, 6, 7, 8, 9, 10, 11, 12, 13, 14, 5], [1, 2, 3, 4, 5, 6, 7, 8, 9, 10, 11, 12, 13, 14, 15]], pos=[[13, 14, 1, 11, 15, 5, 2, 10, 9, 6, 4, 7, 3, 12, 8], [13, 14, 1, 11, 15, 5, 2, 10, 9, 6, 4, 12, 3, 7, 8], [13, 14, 1, 11, 15, 5, 7, 10, 9, 6, 4, 12, 3, 2, 8], [3, 14, 1, 11, 15, 5, 7, 10, 9, 6, 4, 12, 13, 2, 8], [1, 14, 3, 11, 15, 5, 7, 10, 9, 6, 4, 12, 13, 2, 8], [1, 2, 3, 11, 15, 5, 7, 10, 9, 6, 4, 12, 13, 14, 8], [1, 2, 3, 4, 15, 5, 7, 10, 9, 6, 11, 12, 13, 14, 8], [1, 2, 3, 4, 15, 5, 7, 6, 9, 10, 11, 12, 13, 14, 8], [1, 2, 3, 4, 15, 6, 7, 5, 9, 10, 11, 12, 13, 14, 8], [1, 2, 3, 4, 15, 6, 7, 8, 9, 10, 11, 12, 13, 14, 5], [1, 2, 3, 4, 5, 6, 7, 8, 9, 10, 11, 12, 13, 14, 15]], idx1=[7, 2, 3, 1, 2, 4, 6, 5, 5, 5], idx2=[12, 7, 13, 3, 14, 11, 10, 6, 8, 15], _checker='')