============================================================
BENCHMARK ID: 53 | DIMENSIONE: 30 | STRATEGIA: domwdeg_split
============================================================

Input Vector: [2, 17, 23, 5, 19, 29, 6, 14, 4, 15, 28, 9, 25, 27, 26, 10, 18, 13, 16, 30, 7, 24, 3, 1, 21, 12, 11, 22, 8, 20]

STATO: RISOLTO
K: 26
TEMPO: 202.1290s
----------------------------------------
PIANO:
Solution(v=[[2, 17, 23, 5, 19, 29, 6, 14, 4, 15, 28, 9, 25, 27, 26, 10, 18, 13, 16, 30, 7, 24, 3, 1, 21, 12, 11, 22, 8, 20], [17, 2, 23, 5, 19, 29, 6, 14, 4, 15, 28, 9, 25, 27, 26, 10, 18, 13, 16, 30, 7, 24, 3, 1, 21, 12, 11, 22, 8, 20], [18, 2, 23, 5, 19, 29, 6, 14, 4, 15, 28, 9, 25, 27, 26, 10, 17, 13, 16, 30, 7, 24, 3, 1, 21, 12, 11, 22, 8, 20], [13, 2, 23, 5, 19, 29, 6, 14, 4, 15, 28, 9, 25, 27, 26, 10, 17, 18, 16, 30, 7, 24, 3, 1, 21, 12, 11, 22, 8, 20], [25, 2, 23, 5, 19, 29, 6, 14, 4, 15, 28, 9, 13, 27, 26, 10, 17, 18, 16, 30, 7, 24, 3, 1, 21, 12, 11, 22, 8, 20], [21, 2, 23, 5, 19, 29, 6, 14, 4, 15, 28, 9, 13, 27, 26, 10, 17, 18, 16, 30, 7, 24, 3, 1, 25, 12, 11, 22, 8, 20], [7, 2, 23, 5, 19, 29, 6, 14, 4, 15, 28, 9, 13, 27, 26, 10, 17, 18, 16, 30, 21, 24, 3, 1, 25, 12, 11, 22, 8, 20], [6, 2, 23, 5, 19, 29, 7, 14, 4, 15, 28, 9, 13, 27, 26, 10, 17, 18, 16, 30, 21, 24, 3, 1, 25, 12, 11, 22, 8, 20], [6, 2, 23, 5, 19, 8, 7, 14, 4, 15, 28, 9, 13, 27, 26, 10, 17, 18, 16, 30, 21, 24, 3, 1, 25, 12, 11, 22, 29, 20], [8, 2, 23, 5, 19, 6, 7, 14, 4, 15, 28, 9, 13, 27, 26, 10, 17, 18, 16, 30, 21, 24, 3, 1, 25, 12, 11, 22, 29, 20], [8, 2, 3, 5, 19, 6, 7, 14, 4, 15, 28, 9, 13, 27, 26, 10, 17, 18, 16, 30, 21, 24, 23, 1, 25, 12, 11, 22, 29, 20], [8, 2, 3, 5, 19, 6, 7, 27, 4, 15, 28, 9, 13, 14, 26, 10, 17, 18, 16, 30, 21, 24, 23, 1, 25, 12, 11, 22, 29, 20], [27, 2, 3, 5, 19, 6, 7, 8, 4, 15, 28, 9, 13, 14, 26, 10, 17, 18, 16, 30, 21, 24, 23, 1, 25, 12, 11, 22, 29, 20], [1, 2, 3, 5, 19, 6, 7, 8, 4, 15, 28, 9, 13, 14, 26, 10, 17, 18, 16, 30, 21, 24, 23, 27, 25, 12, 11, 22, 29, 20], [1, 2, 3, 19, 5, 6, 7, 8, 4, 15, 28, 9, 13, 14, 26, 10, 17, 18, 16, 30, 21, 24, 23, 27, 25, 12, 11, 22, 29, 20], [1, 2, 3, 19, 5, 6, 7, 8, 4, 26, 28, 9, 13, 14, 15, 10, 17, 18, 16, 30, 21, 24, 23, 27, 25, 12, 11, 22, 29, 20], [1, 2, 3, 19, 5, 6, 7, 8, 4, 26, 28, 9, 13, 14, 15, 16, 17, 18, 10, 30, 21, 24, 23, 27, 25, 12, 11, 22, 29, 20], [1, 2, 3, 10, 5, 6, 7, 8, 4, 26, 28, 9, 13, 14, 15, 16, 17, 18, 19, 30, 21, 24, 23, 27, 25, 12, 11, 22, 29, 20], [1, 2, 3, 26, 5, 6, 7, 8, 4, 10, 28, 9, 13, 14, 15, 16, 17, 18, 19, 30, 21, 24, 23, 27, 25, 12, 11, 22, 29, 20], [1, 2, 3, 4, 5, 6, 7, 8, 26, 10, 28, 9, 13, 14, 15, 16, 17, 18, 19, 30, 21, 24, 23, 27, 25, 12, 11, 22, 29, 20], [1, 2, 3, 4, 5, 6, 7, 8, 9, 10, 28, 26, 13, 14, 15, 16, 17, 18, 19, 30, 21, 24, 23, 27, 25, 12, 11, 22, 29, 20], [1, 2, 3, 4, 5, 6, 7, 8, 9, 10, 11, 26, 13, 14, 15, 16, 17, 18, 19, 30, 21, 24, 23, 27, 25, 12, 28, 22, 29, 20], [1, 2, 3, 4, 5, 6, 7, 8, 9, 10, 11, 12, 13, 14, 15, 16, 17, 18, 19, 30, 21, 24, 23, 27, 25, 26, 28, 22, 29, 20], [1, 2, 3, 4, 5, 6, 7, 8, 9, 10, 11, 12, 13, 14, 15, 16, 17, 18, 19, 20, 21, 24, 23, 27, 25, 26, 28, 22, 29, 30], [1, 2, 3, 4, 5, 6, 7, 8, 9, 10, 11, 12, 13, 14, 15, 16, 17, 18, 19, 20, 21, 27, 23, 24, 25, 26, 28, 22, 29, 30], [1, 2, 3, 4, 5, 6, 7, 8, 9, 10, 11, 12, 13, 14, 15, 16, 17, 18, 19, 20, 21, 28, 23, 24, 25, 26, 27, 22, 29, 30], [1, 2, 3, 4, 5, 6, 7, 8, 9, 10, 11, 12, 13, 14, 15, 16, 17, 18, 19, 20, 21, 22, 23, 24, 25, 26, 27, 28, 29, 30]], pos=[[24, 1, 23, 9, 4, 7, 21, 29, 12, 16, 27, 26, 18, 8, 10, 19, 2, 17, 5, 30, 25, 28, 3, 22, 13, 15, 14, 11, 6, 20], [24, 2, 23, 9, 4, 7, 21, 29, 12, 16, 27, 26, 18, 8, 10, 19, 1, 17, 5, 30, 25, 28, 3, 22, 13, 15, 14, 11, 6, 20], [24, 2, 23, 9, 4, 7, 21, 29, 12, 16, 27, 26, 18, 8, 10, 19, 17, 1, 5, 30, 25, 28, 3, 22, 13, 15, 14, 11, 6, 20], [24, 2, 23, 9, 4, 7, 21, 29, 12, 16, 27, 26, 1, 8, 10, 19, 17, 18, 5, 30, 25, 28, 3, 22, 13, 15, 14, 11, 6, 20], [24, 2, 23, 9, 4, 7, 21, 29, 12, 16, 27, 26, 13, 8, 10, 19, 17, 18, 5, 30, 25, 28, 3, 22, 1, 15, 14, 11, 6, 20], [24, 2, 23, 9, 4, 7, 21, 29, 12, 16, 27, 26, 13, 8, 10, 19, 17, 18, 5, 30, 1, 28, 3, 22, 25, 15, 14, 11, 6, 20], [24, 2, 23, 9, 4, 7, 1, 29, 12, 16, 27, 26, 13, 8, 10, 19, 17, 18, 5, 30, 21, 28, 3, 22, 25, 15, 14, 11, 6, 20], [24, 2, 23, 9, 4, 1, 7, 29, 12, 16, 27, 26, 13, 8, 10, 19, 17, 18, 5, 30, 21, 28, 3, 22, 25, 15, 14, 11, 6, 20], [24, 2, 23, 9, 4, 1, 7, 6, 12, 16, 27, 26, 13, 8, 10, 19, 17, 18, 5, 30, 21, 28, 3, 22, 25, 15, 14, 11, 29, 20], [24, 2, 23, 9, 4, 6, 7, 1, 12, 16, 27, 26, 13, 8, 10, 19, 17, 18, 5, 30, 21, 28, 3, 22, 25, 15, 14, 11, 29, 20], [24, 2, 3, 9, 4, 6, 7, 1, 12, 16, 27, 26, 13, 8, 10, 19, 17, 18, 5, 30, 21, 28, 23, 22, 25, 15, 14, 11, 29, 20], [24, 2, 3, 9, 4, 6, 7, 1, 12, 16, 27, 26, 13, 14, 10, 19, 17, 18, 5, 30, 21, 28, 23, 22, 25, 15, 8, 11, 29, 20], [24, 2, 3, 9, 4, 6, 7, 8, 12, 16, 27, 26, 13, 14, 10, 19, 17, 18, 5, 30, 21, 28, 23, 22, 25, 15, 1, 11, 29, 20], [1, 2, 3, 9, 4, 6, 7, 8, 12, 16, 27, 26, 13, 14, 10, 19, 17, 18, 5, 30, 21, 28, 23, 22, 25, 15, 24, 11, 29, 20], [1, 2, 3, 9, 5, 6, 7, 8, 12, 16, 27, 26, 13, 14, 10, 19, 17, 18, 4, 30, 21, 28, 23, 22, 25, 15, 24, 11, 29, 20], [1, 2, 3, 9, 5, 6, 7, 8, 12, 16, 27, 26, 13, 14, 15, 19, 17, 18, 4, 30, 21, 28, 23, 22, 25, 10, 24, 11, 29, 20], [1, 2, 3, 9, 5, 6, 7, 8, 12, 19, 27, 26, 13, 14, 15, 16, 17, 18, 4, 30, 21, 28, 23, 22, 25, 10, 24, 11, 29, 20], [1, 2, 3, 9, 5, 6, 7, 8, 12, 4, 27, 26, 13, 14, 15, 16, 17, 18, 19, 30, 21, 28, 23, 22, 25, 10, 24, 11, 29, 20], [1, 2, 3, 9, 5, 6, 7, 8, 12, 10, 27, 26, 13, 14, 15, 16, 17, 18, 19, 30, 21, 28, 23, 22, 25, 4, 24, 11, 29, 20], [1, 2, 3, 4, 5, 6, 7, 8, 12, 10, 27, 26, 13, 14, 15, 16, 17, 18, 19, 30, 21, 28, 23, 22, 25, 9, 24, 11, 29, 20], [1, 2, 3, 4, 5, 6, 7, 8, 9, 10, 27, 26, 13, 14, 15, 16, 17, 18, 19, 30, 21, 28, 23, 22, 25, 12, 24, 11, 29, 20], [1, 2, 3, 4, 5, 6, 7, 8, 9, 10, 11, 26, 13, 14, 15, 16, 17, 18, 19, 30, 21, 28, 23, 22, 25, 12, 24, 27, 29, 20], [1, 2, 3, 4, 5, 6, 7, 8, 9, 10, 11, 12, 13, 14, 15, 16, 17, 18, 19, 30, 21, 28, 23, 22, 25, 26, 24, 27, 29, 20], [1, 2, 3, 4, 5, 6, 7, 8, 9, 10, 11, 12, 13, 14, 15, 16, 17, 18, 19, 20, 21, 28, 23, 22, 25, 26, 24, 27, 29, 30], [1, 2, 3, 4, 5, 6, 7, 8, 9, 10, 11, 12, 13, 14, 15, 16, 17, 18, 19, 20, 21, 28, 23, 24, 25, 26, 22, 27, 29, 30], [1, 2, 3, 4, 5, 6, 7, 8, 9, 10, 11, 12, 13, 14, 15, 16, 17, 18, 19, 20, 21, 28, 23, 24, 25, 26, 27, 22, 29, 30], [1, 2, 3, 4, 5, 6, 7, 8, 9, 10, 11, 12, 13, 14, 15, 16, 17, 18, 19, 20, 21, 22, 23, 24, 25, 26, 27, 28, 29, 30]], idx1=[1, 1, 1, 1, 1, 1, 1, 6, 1, 3, 8, 1, 1, 4, 10, 16, 4, 4, 4, 9, 11, 12, 20, 22, 22, 22], idx2=[2, 17, 18, 13, 25, 21, 7, 29, 6, 23, 14, 8, 24, 5, 15, 19, 19, 10, 9, 12, 27, 26, 30, 24, 27, 28], _checker='')