============================================================
BENCHMARK ID: 56 | DIMENSIONE: 30 | STRATEGIA: domwdeg_split
============================================================

Input Vector: [23, 11, 6, 5, 28, 8, 1, 19, 2, 25, 9, 26, 12, 30, 22, 4, 13, 10, 21, 7, 15, 24, 27, 17, 20, 16, 29, 14, 18, 3]

STATO: RISOLTO
K: 27
TEMPO: 127.8800s
----------------------------------------
PIANO:
Solution(v=[[23, 11, 6, 5, 28, 8, 1, 19, 2, 25, 9, 26, 12, 30, 22, 4, 13, 10, 21, 7, 15, 24, 27, 17, 20, 16, 29, 14, 18, 3], [27, 11, 6, 5, 28, 8, 1, 19, 2, 25, 9, 26, 12, 30, 22, 4, 13, 10, 21, 7, 15, 24, 23, 17, 20, 16, 29, 14, 18, 3], [1, 11, 6, 5, 28, 8, 27, 19, 2, 25, 9, 26, 12, 30, 22, 4, 13, 10, 21, 7, 15, 24, 23, 17, 20, 16, 29, 14, 18, 3], [1, 11, 6, 28, 5, 8, 27, 19, 2, 25, 9, 26, 12, 30, 22, 4, 13, 10, 21, 7, 15, 24, 23, 17, 20, 16, 29, 14, 18, 3], [1, 11, 6, 28, 5, 19, 27, 8, 2, 25, 9, 26, 12, 30, 22, 4, 13, 10, 21, 7, 15, 24, 23, 17, 20, 16, 29, 14, 18, 3], [1, 11, 19, 28, 5, 6, 27, 8, 2, 25, 9, 26, 12, 30, 22, 4, 13, 10, 21, 7, 15, 24, 23, 17, 20, 16, 29, 14, 18, 3], [1, 11, 19, 28, 5, 6, 27, 8, 9, 25, 2, 26, 12, 30, 22, 4, 13, 10, 21, 7, 15, 24, 23, 17, 20, 16, 29, 14, 18, 3], [1, 2, 19, 28, 5, 6, 27, 8, 9, 25, 11, 26, 12, 30, 22, 4, 13, 10, 21, 7, 15, 24, 23, 17, 20, 16, 29, 14, 18, 3], [1, 2, 19, 4, 5, 6, 27, 8, 9, 25, 11, 26, 12, 30, 22, 28, 13, 10, 21, 7, 15, 24, 23, 17, 20, 16, 29, 14, 18, 3], [1, 2, 19, 4, 5, 6, 27, 8, 9, 20, 11, 26, 12, 30, 22, 28, 13, 10, 21, 7, 15, 24, 23, 17, 25, 16, 29, 14, 18, 3], [1, 2, 19, 4, 5, 6, 27, 8, 9, 7, 11, 26, 12, 30, 22, 28, 13, 10, 21, 20, 15, 24, 23, 17, 25, 16, 29, 14, 18, 3], [1, 2, 19, 4, 5, 6, 7, 8, 9, 27, 11, 26, 12, 30, 22, 28, 13, 10, 21, 20, 15, 24, 23, 17, 25, 16, 29, 14, 18, 3], [1, 2, 19, 4, 5, 6, 7, 8, 9, 27, 11, 26, 12, 30, 22, 28, 13, 10, 15, 20, 21, 24, 23, 17, 25, 16, 29, 14, 18, 3], [1, 2, 15, 4, 5, 6, 7, 8, 9, 27, 11, 26, 12, 30, 22, 28, 13, 10, 19, 20, 21, 24, 23, 17, 25, 16, 29, 14, 18, 3], [1, 2, 22, 4, 5, 6, 7, 8, 9, 27, 11, 26, 12, 30, 15, 28, 13, 10, 19, 20, 21, 24, 23, 17, 25, 16, 29, 14, 18, 3], [1, 2, 22, 4, 5, 6, 7, 8, 9, 27, 11, 12, 26, 30, 15, 28, 13, 10, 19, 20, 21, 24, 23, 17, 25, 16, 29, 14, 18, 3], [1, 2, 22, 4, 5, 6, 7, 8, 9, 27, 11, 12, 13, 30, 15, 28, 26, 10, 19, 20, 21, 24, 23, 17, 25, 16, 29, 14, 18, 3], [1, 2, 22, 4, 5, 6, 7, 8, 9, 27, 11, 12, 13, 30, 15, 28, 26, 10, 19, 20, 21, 17, 23, 24, 25, 16, 29, 14, 18, 3], [1, 2, 17, 4, 5, 6, 7, 8, 9, 27, 11, 12, 13, 30, 15, 28, 26, 10, 19, 20, 21, 22, 23, 24, 25, 16, 29, 14, 18, 3], [1, 2, 17, 4, 5, 6, 7, 8, 9, 27, 11, 12, 13, 3, 15, 28, 26, 10, 19, 20, 21, 22, 23, 24, 25, 16, 29, 14, 18, 30], [1, 2, 3, 4, 5, 6, 7, 8, 9, 27, 11, 12, 13, 17, 15, 28, 26, 10, 19, 20, 21, 22, 23, 24, 25, 16, 29, 14, 18, 30], [1, 2, 3, 4, 5, 6, 7, 8, 9, 27, 11, 12, 13, 26, 15, 28, 17, 10, 19, 20, 21, 22, 23, 24, 25, 16, 29, 14, 18, 30], [1, 2, 3, 4, 5, 6, 7, 8, 9, 27, 11, 12, 13, 16, 15, 28, 17, 10, 19, 20, 21, 22, 23, 24, 25, 26, 29, 14, 18, 30], [1, 2, 3, 4, 5, 6, 7, 8, 9, 27, 11, 12, 13, 28, 15, 16, 17, 10, 19, 20, 21, 22, 23, 24, 25, 26, 29, 14, 18, 30], [1, 2, 3, 4, 5, 6, 7, 8, 9, 27, 11, 12, 13, 28, 15, 16, 17, 10, 19, 20, 21, 22, 23, 24, 25, 26, 18, 14, 29, 30], [1, 2, 3, 4, 5, 6, 7, 8, 9, 18, 11, 12, 13, 28, 15, 16, 17, 10, 19, 20, 21, 22, 23, 24, 25, 26, 27, 14, 29, 30], [1, 2, 3, 4, 5, 6, 7, 8, 9, 10, 11, 12, 13, 28, 15, 16, 17, 18, 19, 20, 21, 22, 23, 24, 25, 26, 27, 14, 29, 30], [1, 2, 3, 4, 5, 6, 7, 8, 9, 10, 11, 12, 13, 14, 15, 16, 17, 18, 19, 20, 21, 22, 23, 24, 25, 26, 27, 28, 29, 30]], pos=[[7, 9, 30, 16, 4, 3, 20, 6, 11, 18, 2, 13, 17, 28, 21, 26, 24, 29, 8, 25, 19, 15, 1, 22, 10, 12, 23, 5, 27, 14], [7, 9, 30, 16, 4, 3, 20, 6, 11, 18, 2, 13, 17, 28, 21, 26, 24, 29, 8, 25, 19, 15, 23, 22, 10, 12, 1, 5, 27, 14], [1, 9, 30, 16, 4, 3, 20, 6, 11, 18, 2, 13, 17, 28, 21, 26, 24, 29, 8, 25, 19, 15, 23, 22, 10, 12, 7, 5, 27, 14], [1, 9, 30, 16, 5, 3, 20, 6, 11, 18, 2, 13, 17, 28, 21, 26, 24, 29, 8, 25, 19, 15, 23, 22, 10, 12, 7, 4, 27, 14], [1, 9, 30, 16, 5, 3, 20, 8, 11, 18, 2, 13, 17, 28, 21, 26, 24, 29, 6, 25, 19, 15, 23, 22, 10, 12, 7, 4, 27, 14], [1, 9, 30, 16, 5, 6, 20, 8, 11, 18, 2, 13, 17, 28, 21, 26, 24, 29, 3, 25, 19, 15, 23, 22, 10, 12, 7, 4, 27, 14], [1, 11, 30, 16, 5, 6, 20, 8, 9, 18, 2, 13, 17, 28, 21, 26, 24, 29, 3, 25, 19, 15, 23, 22, 10, 12, 7, 4, 27, 14], [1, 2, 30, 16, 5, 6, 20, 8, 9, 18, 11, 13, 17, 28, 21, 26, 24, 29, 3, 25, 19, 15, 23, 22, 10, 12, 7, 4, 27, 14], [1, 2, 30, 4, 5, 6, 20, 8, 9, 18, 11, 13, 17, 28, 21, 26, 24, 29, 3, 25, 19, 15, 23, 22, 10, 12, 7, 16, 27, 14], [1, 2, 30, 4, 5, 6, 20, 8, 9, 18, 11, 13, 17, 28, 21, 26, 24, 29, 3, 10, 19, 15, 23, 22, 25, 12, 7, 16, 27, 14], [1, 2, 30, 4, 5, 6, 10, 8, 9, 18, 11, 13, 17, 28, 21, 26, 24, 29, 3, 20, 19, 15, 23, 22, 25, 12, 7, 16, 27, 14], [1, 2, 30, 4, 5, 6, 7, 8, 9, 18, 11, 13, 17, 28, 21, 26, 24, 29, 3, 20, 19, 15, 23, 22, 25, 12, 10, 16, 27, 14], [1, 2, 30, 4, 5, 6, 7, 8, 9, 18, 11, 13, 17, 28, 19, 26, 24, 29, 3, 20, 21, 15, 23, 22, 25, 12, 10, 16, 27, 14], [1, 2, 30, 4, 5, 6, 7, 8, 9, 18, 11, 13, 17, 28, 3, 26, 24, 29, 19, 20, 21, 15, 23, 22, 25, 12, 10, 16, 27, 14], [1, 2, 30, 4, 5, 6, 7, 8, 9, 18, 11, 13, 17, 28, 15, 26, 24, 29, 19, 20, 21, 3, 23, 22, 25, 12, 10, 16, 27, 14], [1, 2, 30, 4, 5, 6, 7, 8, 9, 18, 11, 12, 17, 28, 15, 26, 24, 29, 19, 20, 21, 3, 23, 22, 25, 13, 10, 16, 27, 14], [1, 2, 30, 4, 5, 6, 7, 8, 9, 18, 11, 12, 13, 28, 15, 26, 24, 29, 19, 20, 21, 3, 23, 22, 25, 17, 10, 16, 27, 14], [1, 2, 30, 4, 5, 6, 7, 8, 9, 18, 11, 12, 13, 28, 15, 26, 22, 29, 19, 20, 21, 3, 23, 24, 25, 17, 10, 16, 27, 14], [1, 2, 30, 4, 5, 6, 7, 8, 9, 18, 11, 12, 13, 28, 15, 26, 3, 29, 19, 20, 21, 22, 23, 24, 25, 17, 10, 16, 27, 14], [1, 2, 14, 4, 5, 6, 7, 8, 9, 18, 11, 12, 13, 28, 15, 26, 3, 29, 19, 20, 21, 22, 23, 24, 25, 17, 10, 16, 27, 30], [1, 2, 3, 4, 5, 6, 7, 8, 9, 18, 11, 12, 13, 28, 15, 26, 14, 29, 19, 20, 21, 22, 23, 24, 25, 17, 10, 16, 27, 30], [1, 2, 3, 4, 5, 6, 7, 8, 9, 18, 11, 12, 13, 28, 15, 26, 17, 29, 19, 20, 21, 22, 23, 24, 25, 14, 10, 16, 27, 30], [1, 2, 3, 4, 5, 6, 7, 8, 9, 18, 11, 12, 13, 28, 15, 14, 17, 29, 19, 20, 21, 22, 23, 24, 25, 26, 10, 16, 27, 30], [1, 2, 3, 4, 5, 6, 7, 8, 9, 18, 11, 12, 13, 28, 15, 16, 17, 29, 19, 20, 21, 22, 23, 24, 25, 26, 10, 14, 27, 30], [1, 2, 3, 4, 5, 6, 7, 8, 9, 18, 11, 12, 13, 28, 15, 16, 17, 27, 19, 20, 21, 22, 23, 24, 25, 26, 10, 14, 29, 30], [1, 2, 3, 4, 5, 6, 7, 8, 9, 18, 11, 12, 13, 28, 15, 16, 17, 10, 19, 20, 21, 22, 23, 24, 25, 26, 27, 14, 29, 30], [1, 2, 3, 4, 5, 6, 7, 8, 9, 10, 11, 12, 13, 28, 15, 16, 17, 18, 19, 20, 21, 22, 23, 24, 25, 26, 27, 14, 29, 30], [1, 2, 3, 4, 5, 6, 7, 8, 9, 10, 11, 12, 13, 14, 15, 16, 17, 18, 19, 20, 21, 22, 23, 24, 25, 26, 27, 28, 29, 30]], idx1=[1, 1, 4, 6, 3, 9, 2, 4, 10, 10, 7, 19, 3, 3, 12, 13, 22, 3, 14, 3, 14, 14, 14, 27, 10, 10, 14], idx2=[23, 7, 5, 8, 6, 11, 11, 16, 25, 20, 10, 21, 19, 15, 13, 17, 24, 22, 30, 14, 17, 26, 16, 29, 27, 18, 28], _checker='')