============================================================
BENCHMARK ID: 52 | DIMENSIONE: 30 | STRATEGIA: domwdeg_split
============================================================

Input Vector: [4, 5, 11, 24, 9, 29, 10, 26, 13, 18, 23, 27, 20, 22, 8, 17, 7, 25, 12, 1, 28, 15, 3, 6, 19, 14, 30, 16, 21, 2]

STATO: RISOLTO
K: 27
TEMPO: 0.3320s
----------------------------------------
PIANO:
Solution(v=[[4, 5, 11, 24, 9, 29, 10, 26, 13, 18, 23, 27, 20, 22, 8, 17, 7, 25, 12, 1, 28, 15, 3, 6, 19, 14, 30, 16, 21, 2], [24, 5, 11, 4, 9, 29, 10, 26, 13, 18, 23, 27, 20, 22, 8, 17, 7, 25, 12, 1, 28, 15, 3, 6, 19, 14, 30, 16, 21, 2], [6, 5, 11, 4, 9, 29, 10, 26, 13, 18, 23, 27, 20, 22, 8, 17, 7, 25, 12, 1, 28, 15, 3, 24, 19, 14, 30, 16, 21, 2], [29, 5, 11, 4, 9, 6, 10, 26, 13, 18, 23, 27, 20, 22, 8, 17, 7, 25, 12, 1, 28, 15, 3, 24, 19, 14, 30, 16, 21, 2], [21, 5, 11, 4, 9, 6, 10, 26, 13, 18, 23, 27, 20, 22, 8, 17, 7, 25, 12, 1, 28, 15, 3, 24, 19, 14, 30, 16, 29, 2], [28, 5, 11, 4, 9, 6, 10, 26, 13, 18, 23, 27, 20, 22, 8, 17, 7, 25, 12, 1, 21, 15, 3, 24, 19, 14, 30, 16, 29, 2], [16, 5, 11, 4, 9, 6, 10, 26, 13, 18, 23, 27, 20, 22, 8, 17, 7, 25, 12, 1, 21, 15, 3, 24, 19, 14, 30, 28, 29, 2], [17, 5, 11, 4, 9, 6, 10, 26, 13, 18, 23, 27, 20, 22, 8, 16, 7, 25, 12, 1, 21, 15, 3, 24, 19, 14, 30, 28, 29, 2], [7, 5, 11, 4, 9, 6, 10, 26, 13, 18, 23, 27, 20, 22, 8, 16, 17, 25, 12, 1, 21, 15, 3, 24, 19, 14, 30, 28, 29, 2], [10, 5, 11, 4, 9, 6, 7, 26, 13, 18, 23, 27, 20, 22, 8, 16, 17, 25, 12, 1, 21, 15, 3, 24, 19, 14, 30, 28, 29, 2], [18, 5, 11, 4, 9, 6, 7, 26, 13, 10, 23, 27, 20, 22, 8, 16, 17, 25, 12, 1, 21, 15, 3, 24, 19, 14, 30, 28, 29, 2], [25, 5, 11, 4, 9, 6, 7, 26, 13, 10, 23, 27, 20, 22, 8, 16, 17, 18, 12, 1, 21, 15, 3, 24, 19, 14, 30, 28, 29, 2], [19, 5, 11, 4, 9, 6, 7, 26, 13, 10, 23, 27, 20, 22, 8, 16, 17, 18, 12, 1, 21, 15, 3, 24, 25, 14, 30, 28, 29, 2], [12, 5, 11, 4, 9, 6, 7, 26, 13, 10, 23, 27, 20, 22, 8, 16, 17, 18, 19, 1, 21, 15, 3, 24, 25, 14, 30, 28, 29, 2], [27, 5, 11, 4, 9, 6, 7, 26, 13, 10, 23, 12, 20, 22, 8, 16, 17, 18, 19, 1, 21, 15, 3, 24, 25, 14, 30, 28, 29, 2], [30, 5, 11, 4, 9, 6, 7, 26, 13, 10, 23, 12, 20, 22, 8, 16, 17, 18, 19, 1, 21, 15, 3, 24, 25, 14, 27, 28, 29, 2], [2, 5, 11, 4, 9, 6, 7, 26, 13, 10, 23, 12, 20, 22, 8, 16, 17, 18, 19, 1, 21, 15, 3, 24, 25, 14, 27, 28, 29, 30], [5, 2, 11, 4, 9, 6, 7, 26, 13, 10, 23, 12, 20, 22, 8, 16, 17, 18, 19, 1, 21, 15, 3, 24, 25, 14, 27, 28, 29, 30], [9, 2, 11, 4, 5, 6, 7, 26, 13, 10, 23, 12, 20, 22, 8, 16, 17, 18, 19, 1, 21, 15, 3, 24, 25, 14, 27, 28, 29, 30], [13, 2, 11, 4, 5, 6, 7, 26, 9, 10, 23, 12, 20, 22, 8, 16, 17, 18, 19, 1, 21, 15, 3, 24, 25, 14, 27, 28, 29, 30], [20, 2, 11, 4, 5, 6, 7, 26, 9, 10, 23, 12, 13, 22, 8, 16, 17, 18, 19, 1, 21, 15, 3, 24, 25, 14, 27, 28, 29, 30], [1, 2, 11, 4, 5, 6, 7, 26, 9, 10, 23, 12, 13, 22, 8, 16, 17, 18, 19, 20, 21, 15, 3, 24, 25, 14, 27, 28, 29, 30], [1, 2, 23, 4, 5, 6, 7, 26, 9, 10, 11, 12, 13, 22, 8, 16, 17, 18, 19, 20, 21, 15, 3, 24, 25, 14, 27, 28, 29, 30], [1, 2, 3, 4, 5, 6, 7, 26, 9, 10, 11, 12, 13, 22, 8, 16, 17, 18, 19, 20, 21, 15, 23, 24, 25, 14, 27, 28, 29, 30], [1, 2, 3, 4, 5, 6, 7, 14, 9, 10, 11, 12, 13, 22, 8, 16, 17, 18, 19, 20, 21, 15, 23, 24, 25, 26, 27, 28, 29, 30], [1, 2, 3, 4, 5, 6, 7, 22, 9, 10, 11, 12, 13, 14, 8, 16, 17, 18, 19, 20, 21, 15, 23, 24, 25, 26, 27, 28, 29, 30], [1, 2, 3, 4, 5, 6, 7, 8, 9, 10, 11, 12, 13, 14, 22, 16, 17, 18, 19, 20, 21, 15, 23, 24, 25, 26, 27, 28, 29, 30], [1, 2, 3, 4, 5, 6, 7, 8, 9, 10, 11, 12, 13, 14, 15, 16, 17, 18, 19, 20, 21, 22, 23, 24, 25, 26, 27, 28, 29, 30]], pos=[[20, 30, 23, 1, 2, 24, 17, 15, 5, 7, 3, 19, 9, 26, 22, 28, 16, 10, 25, 13, 29, 14, 11, 4, 18, 8, 12, 21, 6, 27], [20, 30, 23, 4, 2, 24, 17, 15, 5, 7, 3, 19, 9, 26, 22, 28, 16, 10, 25, 13, 29, 14, 11, 1, 18, 8, 12, 21, 6, 27], [20, 30, 23, 4, 2, 1, 17, 15, 5, 7, 3, 19, 9, 26, 22, 28, 16, 10, 25, 13, 29, 14, 11, 24, 18, 8, 12, 21, 6, 27], [20, 30, 23, 4, 2, 6, 17, 15, 5, 7, 3, 19, 9, 26, 22, 28, 16, 10, 25, 13, 29, 14, 11, 24, 18, 8, 12, 21, 1, 27], [20, 30, 23, 4, 2, 6, 17, 15, 5, 7, 3, 19, 9, 26, 22, 28, 16, 10, 25, 13, 1, 14, 11, 24, 18, 8, 12, 21, 29, 27], [20, 30, 23, 4, 2, 6, 17, 15, 5, 7, 3, 19, 9, 26, 22, 28, 16, 10, 25, 13, 21, 14, 11, 24, 18, 8, 12, 1, 29, 27], [20, 30, 23, 4, 2, 6, 17, 15, 5, 7, 3, 19, 9, 26, 22, 1, 16, 10, 25, 13, 21, 14, 11, 24, 18, 8, 12, 28, 29, 27], [20, 30, 23, 4, 2, 6, 17, 15, 5, 7, 3, 19, 9, 26, 22, 16, 1, 10, 25, 13, 21, 14, 11, 24, 18, 8, 12, 28, 29, 27], [20, 30, 23, 4, 2, 6, 1, 15, 5, 7, 3, 19, 9, 26, 22, 16, 17, 10, 25, 13, 21, 14, 11, 24, 18, 8, 12, 28, 29, 27], [20, 30, 23, 4, 2, 6, 7, 15, 5, 1, 3, 19, 9, 26, 22, 16, 17, 10, 25, 13, 21, 14, 11, 24, 18, 8, 12, 28, 29, 27], [20, 30, 23, 4, 2, 6, 7, 15, 5, 10, 3, 19, 9, 26, 22, 16, 17, 1, 25, 13, 21, 14, 11, 24, 18, 8, 12, 28, 29, 27], [20, 30, 23, 4, 2, 6, 7, 15, 5, 10, 3, 19, 9, 26, 22, 16, 17, 18, 25, 13, 21, 14, 11, 24, 1, 8, 12, 28, 29, 27], [20, 30, 23, 4, 2, 6, 7, 15, 5, 10, 3, 19, 9, 26, 22, 16, 17, 18, 1, 13, 21, 14, 11, 24, 25, 8, 12, 28, 29, 27], [20, 30, 23, 4, 2, 6, 7, 15, 5, 10, 3, 1, 9, 26, 22, 16, 17, 18, 19, 13, 21, 14, 11, 24, 25, 8, 12, 28, 29, 27], [20, 30, 23, 4, 2, 6, 7, 15, 5, 10, 3, 12, 9, 26, 22, 16, 17, 18, 19, 13, 21, 14, 11, 24, 25, 8, 1, 28, 29, 27], [20, 30, 23, 4, 2, 6, 7, 15, 5, 10, 3, 12, 9, 26, 22, 16, 17, 18, 19, 13, 21, 14, 11, 24, 25, 8, 27, 28, 29, 1], [20, 1, 23, 4, 2, 6, 7, 15, 5, 10, 3, 12, 9, 26, 22, 16, 17, 18, 19, 13, 21, 14, 11, 24, 25, 8, 27, 28, 29, 30], [20, 2, 23, 4, 1, 6, 7, 15, 5, 10, 3, 12, 9, 26, 22, 16, 17, 18, 19, 13, 21, 14, 11, 24, 25, 8, 27, 28, 29, 30], [20, 2, 23, 4, 5, 6, 7, 15, 1, 10, 3, 12, 9, 26, 22, 16, 17, 18, 19, 13, 21, 14, 11, 24, 25, 8, 27, 28, 29, 30], [20, 2, 23, 4, 5, 6, 7, 15, 9, 10, 3, 12, 1, 26, 22, 16, 17, 18, 19, 13, 21, 14, 11, 24, 25, 8, 27, 28, 29, 30], [20, 2, 23, 4, 5, 6, 7, 15, 9, 10, 3, 12, 13, 26, 22, 16, 17, 18, 19, 1, 21, 14, 11, 24, 25, 8, 27, 28, 29, 30], [1, 2, 23, 4, 5, 6, 7, 15, 9, 10, 3, 12, 13, 26, 22, 16, 17, 18, 19, 20, 21, 14, 11, 24, 25, 8, 27, 28, 29, 30], [1, 2, 23, 4, 5, 6, 7, 15, 9, 10, 11, 12, 13, 26, 22, 16, 17, 18, 19, 20, 21, 14, 3, 24, 25, 8, 27, 28, 29, 30], [1, 2, 3, 4, 5, 6, 7, 15, 9, 10, 11, 12, 13, 26, 22, 16, 17, 18, 19, 20, 21, 14, 23, 24, 25, 8, 27, 28, 29, 30], [1, 2, 3, 4, 5, 6, 7, 15, 9, 10, 11, 12, 13, 8, 22, 16, 17, 18, 19, 20, 21, 14, 23, 24, 25, 26, 27, 28, 29, 30], [1, 2, 3, 4, 5, 6, 7, 15, 9, 10, 11, 12, 13, 14, 22, 16, 17, 18, 19, 20, 21, 8, 23, 24, 25, 26, 27, 28, 29, 30], [1, 2, 3, 4, 5, 6, 7, 8, 9, 10, 11, 12, 13, 14, 22, 16, 17, 18, 19, 20, 21, 15, 23, 24, 25, 26, 27, 28, 29, 30], [1, 2, 3, 4, 5, 6, 7, 8, 9, 10, 11, 12, 13, 14, 15, 16, 17, 18, 19, 20, 21, 22, 23, 24, 25, 26, 27, 28, 29, 30]], idx1=[1, 1, 1, 1, 1, 1, 1, 1, 1, 1, 1, 1, 1, 1, 1, 1, 1, 1, 1, 1, 1, 3, 3, 8, 8, 8, 15], idx2=[4, 24, 6, 29, 21, 28, 16, 17, 7, 10, 18, 25, 19, 12, 27, 30, 2, 5, 9, 13, 20, 11, 23, 26, 14, 15, 22], _checker='')