============================================================
BENCHMARK ID: 41 | DIMENSIONE: 25 | STRATEGIA: domwdeg_split
============================================================

Input Vector: [4, 5, 14, 20, 18, 12, 9, 6, 3, 10, 21, 23, 15, 16, 1, 8, 11, 17, 2, 24, 7, 22, 19, 13, 25]

STATO: RISOLTO
K: 20
TEMPO: 3.1590s
----------------------------------------
PIANO:
Solution(v=[[4, 5, 14, 20, 18, 12, 9, 6, 3, 10, 21, 23, 15, 16, 1, 8, 11, 17, 2, 24, 7, 22, 19, 13, 25], [4, 5, 14, 24, 18, 12, 9, 6, 3, 10, 21, 23, 15, 16, 1, 8, 11, 17, 2, 20, 7, 22, 19, 13, 25], [24, 5, 14, 4, 18, 12, 9, 6, 3, 10, 21, 23, 15, 16, 1, 8, 11, 17, 2, 20, 7, 22, 19, 13, 25], [1, 5, 14, 4, 18, 12, 9, 6, 3, 10, 21, 23, 15, 16, 24, 8, 11, 17, 2, 20, 7, 22, 19, 13, 25], [1, 18, 14, 4, 5, 12, 9, 6, 3, 10, 21, 23, 15, 16, 24, 8, 11, 17, 2, 20, 7, 22, 19, 13, 25], [1, 18, 14, 4, 5, 6, 9, 12, 3, 10, 21, 23, 15, 16, 24, 8, 11, 17, 2, 20, 7, 22, 19, 13, 25], [1, 18, 14, 4, 5, 6, 9, 12, 3, 10, 21, 23, 15, 8, 24, 16, 11, 17, 2, 20, 7, 22, 19, 13, 25], [1, 18, 8, 4, 5, 6, 9, 12, 3, 10, 21, 23, 15, 14, 24, 16, 11, 17, 2, 20, 7, 22, 19, 13, 25], [1, 18, 8, 4, 5, 6, 3, 12, 9, 10, 21, 23, 15, 14, 24, 16, 11, 17, 2, 20, 7, 22, 19, 13, 25], [1, 18, 3, 4, 5, 6, 8, 12, 9, 10, 21, 23, 15, 14, 24, 16, 11, 17, 2, 20, 7, 22, 19, 13, 25], [1, 18, 3, 4, 5, 6, 8, 23, 9, 10, 21, 12, 15, 14, 24, 16, 11, 17, 2, 20, 7, 22, 19, 13, 25], [1, 18, 3, 4, 5, 6, 8, 19, 9, 10, 21, 12, 15, 14, 24, 16, 11, 17, 2, 20, 7, 22, 23, 13, 25], [1, 18, 3, 4, 5, 6, 8, 2, 9, 10, 21, 12, 15, 14, 24, 16, 11, 17, 19, 20, 7, 22, 23, 13, 25], [1, 2, 3, 4, 5, 6, 8, 18, 9, 10, 21, 12, 15, 14, 24, 16, 11, 17, 19, 20, 7, 22, 23, 13, 25], [1, 2, 3, 4, 5, 6, 18, 8, 9, 10, 21, 12, 15, 14, 24, 16, 11, 17, 19, 20, 7, 22, 23, 13, 25], [1, 2, 3, 4, 5, 6, 17, 8, 9, 10, 21, 12, 15, 14, 24, 16, 11, 18, 19, 20, 7, 22, 23, 13, 25], [1, 2, 3, 4, 5, 6, 11, 8, 9, 10, 21, 12, 15, 14, 24, 16, 17, 18, 19, 20, 7, 22, 23, 13, 25], [1, 2, 3, 4, 5, 6, 21, 8, 9, 10, 11, 12, 15, 14, 24, 16, 17, 18, 19, 20, 7, 22, 23, 13, 25], [1, 2, 3, 4, 5, 6, 7, 8, 9, 10, 11, 12, 15, 14, 24, 16, 17, 18, 19, 20, 21, 22, 23, 13, 25], [1, 2, 3, 4, 5, 6, 7, 8, 9, 10, 11, 12, 24, 14, 15, 16, 17, 18, 19, 20, 21, 22, 23, 13, 25], [1, 2, 3, 4, 5, 6, 7, 8, 9, 10, 11, 12, 13, 14, 15, 16, 17, 18, 19, 20, 21, 22, 23, 24, 25]], pos=[[15, 19, 9, 1, 2, 8, 21, 16, 7, 10, 17, 6, 24, 3, 13, 14, 18, 5, 23, 4, 11, 22, 12, 20, 25], [15, 19, 9, 1, 2, 8, 21, 16, 7, 10, 17, 6, 24, 3, 13, 14, 18, 5, 23, 20, 11, 22, 12, 4, 25], [15, 19, 9, 4, 2, 8, 21, 16, 7, 10, 17, 6, 24, 3, 13, 14, 18, 5, 23, 20, 11, 22, 12, 1, 25], [1, 19, 9, 4, 2, 8, 21, 16, 7, 10, 17, 6, 24, 3, 13, 14, 18, 5, 23, 20, 11, 22, 12, 15, 25], [1, 19, 9, 4, 5, 8, 21, 16, 7, 10, 17, 6, 24, 3, 13, 14, 18, 2, 23, 20, 11, 22, 12, 15, 25], [1, 19, 9, 4, 5, 6, 21, 16, 7, 10, 17, 8, 24, 3, 13, 14, 18, 2, 23, 20, 11, 22, 12, 15, 25], [1, 19, 9, 4, 5, 6, 21, 14, 7, 10, 17, 8, 24, 3, 13, 16, 18, 2, 23, 20, 11, 22, 12, 15, 25], [1, 19, 9, 4, 5, 6, 21, 3, 7, 10, 17, 8, 24, 14, 13, 16, 18, 2, 23, 20, 11, 22, 12, 15, 25], [1, 19, 7, 4, 5, 6, 21, 3, 9, 10, 17, 8, 24, 14, 13, 16, 18, 2, 23, 20, 11, 22, 12, 15, 25], [1, 19, 3, 4, 5, 6, 21, 7, 9, 10, 17, 8, 24, 14, 13, 16, 18, 2, 23, 20, 11, 22, 12, 15, 25], [1, 19, 3, 4, 5, 6, 21, 7, 9, 10, 17, 12, 24, 14, 13, 16, 18, 2, 23, 20, 11, 22, 8, 15, 25], [1, 19, 3, 4, 5, 6, 21, 7, 9, 10, 17, 12, 24, 14, 13, 16, 18, 2, 8, 20, 11, 22, 23, 15, 25], [1, 8, 3, 4, 5, 6, 21, 7, 9, 10, 17, 12, 24, 14, 13, 16, 18, 2, 19, 20, 11, 22, 23, 15, 25], [1, 2, 3, 4, 5, 6, 21, 7, 9, 10, 17, 12, 24, 14, 13, 16, 18, 8, 19, 20, 11, 22, 23, 15, 25], [1, 2, 3, 4, 5, 6, 21, 8, 9, 10, 17, 12, 24, 14, 13, 16, 18, 7, 19, 20, 11, 22, 23, 15, 25], [1, 2, 3, 4, 5, 6, 21, 8, 9, 10, 17, 12, 24, 14, 13, 16, 7, 18, 19, 20, 11, 22, 23, 15, 25], [1, 2, 3, 4, 5, 6, 21, 8, 9, 10, 7, 12, 24, 14, 13, 16, 17, 18, 19, 20, 11, 22, 23, 15, 25], [1, 2, 3, 4, 5, 6, 21, 8, 9, 10, 11, 12, 24, 14, 13, 16, 17, 18, 19, 20, 7, 22, 23, 15, 25], [1, 2, 3, 4, 5, 6, 7, 8, 9, 10, 11, 12, 24, 14, 13, 16, 17, 18, 19, 20, 21, 22, 23, 15, 25], [1, 2, 3, 4, 5, 6, 7, 8, 9, 10, 11, 12, 24, 14, 15, 16, 17, 18, 19, 20, 21, 22, 23, 13, 25], [1, 2, 3, 4, 5, 6, 7, 8, 9, 10, 11, 12, 13, 14, 15, 16, 17, 18, 19, 20, 21, 22, 23, 24, 25]], idx1=[4, 1, 1, 2, 6, 14, 3, 7, 3, 8, 8, 8, 2, 7, 7, 7, 7, 7, 13, 13], idx2=[20, 4, 15, 5, 8, 16, 14, 9, 7, 12, 23, 19, 8, 8, 18, 17, 11, 21, 15, 24], _checker='')