============================================================
BENCHMARK ID: 38 | DIMENSIONE: 20 | STRATEGIA: domwdeg_split
============================================================

Input Vector: [10, 4, 17, 15, 7, 19, 14, 8, 1, 2, 9, 5, 12, 18, 20, 16, 13, 6, 3, 11]

STATO: RISOLTO
K: 16
TEMPO: 0.5870s
----------------------------------------
PIANO:
Solution(v=[[10, 4, 17, 15, 7, 19, 14, 8, 1, 2, 9, 5, 12, 18, 20, 16, 13, 6, 3, 11], [2, 4, 17, 15, 7, 19, 14, 8, 1, 10, 9, 5, 12, 18, 20, 16, 13, 6, 3, 11], [2, 15, 17, 4, 7, 19, 14, 8, 1, 10, 9, 5, 12, 18, 20, 16, 13, 6, 3, 11], [2, 20, 17, 4, 7, 19, 14, 8, 1, 10, 9, 5, 12, 18, 15, 16, 13, 6, 3, 11], [2, 11, 17, 4, 7, 19, 14, 8, 1, 10, 9, 5, 12, 18, 15, 16, 13, 6, 3, 20], [11, 2, 17, 4, 7, 19, 14, 8, 1, 10, 9, 5, 12, 18, 15, 16, 13, 6, 3, 20], [1, 2, 17, 4, 7, 19, 14, 8, 11, 10, 9, 5, 12, 18, 15, 16, 13, 6, 3, 20], [1, 2, 17, 4, 14, 19, 7, 8, 11, 10, 9, 5, 12, 18, 15, 16, 13, 6, 3, 20], [1, 2, 17, 4, 14, 19, 7, 8, 9, 10, 11, 5, 12, 18, 15, 16, 13, 6, 3, 20], [1, 2, 17, 4, 14, 19, 7, 8, 9, 10, 11, 12, 5, 18, 15, 16, 13, 6, 3, 20], [1, 2, 17, 4, 5, 19, 7, 8, 9, 10, 11, 12, 14, 18, 15, 16, 13, 6, 3, 20], [1, 2, 17, 4, 5, 3, 7, 8, 9, 10, 11, 12, 14, 18, 15, 16, 13, 6, 19, 20], [1, 2, 3, 4, 5, 17, 7, 8, 9, 10, 11, 12, 14, 18, 15, 16, 13, 6, 19, 20], [1, 2, 3, 4, 5, 13, 7, 8, 9, 10, 11, 12, 14, 18, 15, 16, 17, 6, 19, 20], [1, 2, 3, 4, 5, 14, 7, 8, 9, 10, 11, 12, 13, 18, 15, 16, 17, 6, 19, 20], [1, 2, 3, 4, 5, 18, 7, 8, 9, 10, 11, 12, 13, 14, 15, 16, 17, 6, 19, 20], [1, 2, 3, 4, 5, 6, 7, 8, 9, 10, 11, 12, 13, 14, 15, 16, 17, 18, 19, 20]], pos=[[9, 10, 19, 2, 12, 18, 5, 8, 11, 1, 20, 13, 17, 7, 4, 16, 3, 14, 6, 15], [9, 1, 19, 2, 12, 18, 5, 8, 11, 10, 20, 13, 17, 7, 4, 16, 3, 14, 6, 15], [9, 1, 19, 4, 12, 18, 5, 8, 11, 10, 20, 13, 17, 7, 2, 16, 3, 14, 6, 15], [9, 1, 19, 4, 12, 18, 5, 8, 11, 10, 20, 13, 17, 7, 15, 16, 3, 14, 6, 2], [9, 1, 19, 4, 12, 18, 5, 8, 11, 10, 2, 13, 17, 7, 15, 16, 3, 14, 6, 20], [9, 2, 19, 4, 12, 18, 5, 8, 11, 10, 1, 13, 17, 7, 15, 16, 3, 14, 6, 20], [1, 2, 19, 4, 12, 18, 5, 8, 11, 10, 9, 13, 17, 7, 15, 16, 3, 14, 6, 20], [1, 2, 19, 4, 12, 18, 7, 8, 11, 10, 9, 13, 17, 5, 15, 16, 3, 14, 6, 20], [1, 2, 19, 4, 12, 18, 7, 8, 9, 10, 11, 13, 17, 5, 15, 16, 3, 14, 6, 20], [1, 2, 19, 4, 13, 18, 7, 8, 9, 10, 11, 12, 17, 5, 15, 16, 3, 14, 6, 20], [1, 2, 19, 4, 5, 18, 7, 8, 9, 10, 11, 12, 17, 13, 15, 16, 3, 14, 6, 20], [1, 2, 6, 4, 5, 18, 7, 8, 9, 10, 11, 12, 17, 13, 15, 16, 3, 14, 19, 20], [1, 2, 3, 4, 5, 18, 7, 8, 9, 10, 11, 12, 17, 13, 15, 16, 6, 14, 19, 20], [1, 2, 3, 4, 5, 18, 7, 8, 9, 10, 11, 12, 6, 13, 15, 16, 17, 14, 19, 20], [1, 2, 3, 4, 5, 18, 7, 8, 9, 10, 11, 12, 13, 6, 15, 16, 17, 14, 19, 20], [1, 2, 3, 4, 5, 18, 7, 8, 9, 10, 11, 12, 13, 14, 15, 16, 17, 6, 19, 20], [1, 2, 3, 4, 5, 6, 7, 8, 9, 10, 11, 12, 13, 14, 15, 16, 17, 18, 19, 20]], idx1=[1, 2, 2, 2, 1, 1, 5, 9, 12, 5, 6, 3, 6, 6, 6, 6], idx2=[10, 4, 15, 20, 2, 9, 7, 11, 13, 13, 19, 6, 17, 13, 14, 18], _checker='')