============================================================
BENCHMARK ID: 49 | DIMENSIONE: 25 | STRATEGIA: domwdeg_split
============================================================

Input Vector: [20, 2, 11, 21, 17, 15, 13, 12, 23, 16, 22, 6, 25, 19, 24, 10, 18, 8, 14, 9, 1, 7, 5, 4, 3]

STATO: RISOLTO
K: 20
TEMPO: 38.1080s
----------------------------------------
PIANO:
Solution(v=[[20, 2, 11, 21, 17, 15, 13, 12, 23, 16, 22, 6, 25, 19, 24, 10, 18, 8, 14, 9, 1, 7, 5, 4, 3], [20, 2, 11, 1, 17, 15, 13, 12, 23, 16, 22, 6, 25, 19, 24, 10, 18, 8, 14, 9, 21, 7, 5, 4, 3], [1, 2, 11, 20, 17, 15, 13, 12, 23, 16, 22, 6, 25, 19, 24, 10, 18, 8, 14, 9, 21, 7, 5, 4, 3], [1, 2, 22, 20, 17, 15, 13, 12, 23, 16, 11, 6, 25, 19, 24, 10, 18, 8, 14, 9, 21, 7, 5, 4, 3], [1, 2, 22, 20, 17, 15, 13, 6, 23, 16, 11, 12, 25, 19, 24, 10, 18, 8, 14, 9, 21, 7, 5, 4, 3], [1, 2, 22, 20, 17, 6, 13, 15, 23, 16, 11, 12, 25, 19, 24, 10, 18, 8, 14, 9, 21, 7, 5, 4, 3], [1, 2, 22, 20, 17, 6, 7, 15, 23, 16, 11, 12, 25, 19, 24, 10, 18, 8, 14, 9, 21, 13, 5, 4, 3], [1, 2, 13, 20, 17, 6, 7, 15, 23, 16, 11, 12, 25, 19, 24, 10, 18, 8, 14, 9, 21, 22, 5, 4, 3], [1, 2, 25, 20, 17, 6, 7, 15, 23, 16, 11, 12, 13, 19, 24, 10, 18, 8, 14, 9, 21, 22, 5, 4, 3], [1, 2, 3, 20, 17, 6, 7, 15, 23, 16, 11, 12, 13, 19, 24, 10, 18, 8, 14, 9, 21, 22, 5, 4, 25], [1, 2, 3, 9, 17, 6, 7, 15, 23, 16, 11, 12, 13, 19, 24, 10, 18, 8, 14, 20, 21, 22, 5, 4, 25], [1, 2, 3, 23, 17, 6, 7, 15, 9, 16, 11, 12, 13, 19, 24, 10, 18, 8, 14, 20, 21, 22, 5, 4, 25], [1, 2, 3, 23, 17, 6, 7, 24, 9, 16, 11, 12, 13, 19, 15, 10, 18, 8, 14, 20, 21, 22, 5, 4, 25], [1, 2, 3, 23, 17, 6, 7, 24, 9, 10, 11, 12, 13, 19, 15, 16, 18, 8, 14, 20, 21, 22, 5, 4, 25], [1, 2, 3, 23, 17, 6, 7, 24, 9, 10, 11, 12, 13, 19, 15, 16, 8, 18, 14, 20, 21, 22, 5, 4, 25], [1, 2, 3, 23, 8, 6, 7, 24, 9, 10, 11, 12, 13, 19, 15, 16, 17, 18, 14, 20, 21, 22, 5, 4, 25], [1, 2, 3, 23, 24, 6, 7, 8, 9, 10, 11, 12, 13, 19, 15, 16, 17, 18, 14, 20, 21, 22, 5, 4, 25], [1, 2, 3, 23, 5, 6, 7, 8, 9, 10, 11, 12, 13, 19, 15, 16, 17, 18, 14, 20, 21, 22, 24, 4, 25], [1, 2, 3, 24, 5, 6, 7, 8, 9, 10, 11, 12, 13, 19, 15, 16, 17, 18, 14, 20, 21, 22, 23, 4, 25], [1, 2, 3, 4, 5, 6, 7, 8, 9, 10, 11, 12, 13, 19, 15, 16, 17, 18, 14, 20, 21, 22, 23, 24, 25], [1, 2, 3, 4, 5, 6, 7, 8, 9, 10, 11, 12, 13, 14, 15, 16, 17, 18, 19, 20, 21, 22, 23, 24, 25]], pos=[[21, 2, 25, 24, 23, 12, 22, 18, 20, 16, 3, 8, 7, 19, 6, 10, 5, 17, 14, 1, 4, 11, 9, 15, 13], [4, 2, 25, 24, 23, 12, 22, 18, 20, 16, 3, 8, 7, 19, 6, 10, 5, 17, 14, 1, 21, 11, 9, 15, 13], [1, 2, 25, 24, 23, 12, 22, 18, 20, 16, 3, 8, 7, 19, 6, 10, 5, 17, 14, 4, 21, 11, 9, 15, 13], [1, 2, 25, 24, 23, 12, 22, 18, 20, 16, 11, 8, 7, 19, 6, 10, 5, 17, 14, 4, 21, 3, 9, 15, 13], [1, 2, 25, 24, 23, 8, 22, 18, 20, 16, 11, 12, 7, 19, 6, 10, 5, 17, 14, 4, 21, 3, 9, 15, 13], [1, 2, 25, 24, 23, 6, 22, 18, 20, 16, 11, 12, 7, 19, 8, 10, 5, 17, 14, 4, 21, 3, 9, 15, 13], [1, 2, 25, 24, 23, 6, 7, 18, 20, 16, 11, 12, 22, 19, 8, 10, 5, 17, 14, 4, 21, 3, 9, 15, 13], [1, 2, 25, 24, 23, 6, 7, 18, 20, 16, 11, 12, 3, 19, 8, 10, 5, 17, 14, 4, 21, 22, 9, 15, 13], [1, 2, 25, 24, 23, 6, 7, 18, 20, 16, 11, 12, 13, 19, 8, 10, 5, 17, 14, 4, 21, 22, 9, 15, 3], [1, 2, 3, 24, 23, 6, 7, 18, 20, 16, 11, 12, 13, 19, 8, 10, 5, 17, 14, 4, 21, 22, 9, 15, 25], [1, 2, 3, 24, 23, 6, 7, 18, 4, 16, 11, 12, 13, 19, 8, 10, 5, 17, 14, 20, 21, 22, 9, 15, 25], [1, 2, 3, 24, 23, 6, 7, 18, 9, 16, 11, 12, 13, 19, 8, 10, 5, 17, 14, 20, 21, 22, 4, 15, 25], [1, 2, 3, 24, 23, 6, 7, 18, 9, 16, 11, 12, 13, 19, 15, 10, 5, 17, 14, 20, 21, 22, 4, 8, 25], [1, 2, 3, 24, 23, 6, 7, 18, 9, 10, 11, 12, 13, 19, 15, 16, 5, 17, 14, 20, 21, 22, 4, 8, 25], [1, 2, 3, 24, 23, 6, 7, 17, 9, 10, 11, 12, 13, 19, 15, 16, 5, 18, 14, 20, 21, 22, 4, 8, 25], [1, 2, 3, 24, 23, 6, 7, 5, 9, 10, 11, 12, 13, 19, 15, 16, 17, 18, 14, 20, 21, 22, 4, 8, 25], [1, 2, 3, 24, 23, 6, 7, 8, 9, 10, 11, 12, 13, 19, 15, 16, 17, 18, 14, 20, 21, 22, 4, 5, 25], [1, 2, 3, 24, 5, 6, 7, 8, 9, 10, 11, 12, 13, 19, 15, 16, 17, 18, 14, 20, 21, 22, 4, 23, 25], [1, 2, 3, 24, 5, 6, 7, 8, 9, 10, 11, 12, 13, 19, 15, 16, 17, 18, 14, 20, 21, 22, 23, 4, 25], [1, 2, 3, 4, 5, 6, 7, 8, 9, 10, 11, 12, 13, 19, 15, 16, 17, 18, 14, 20, 21, 22, 23, 24, 25], [1, 2, 3, 4, 5, 6, 7, 8, 9, 10, 11, 12, 13, 14, 15, 16, 17, 18, 19, 20, 21, 22, 23, 24, 25]], idx1=[4, 1, 3, 8, 6, 7, 3, 3, 3, 4, 4, 8, 10, 17, 5, 5, 5, 4, 4, 14], idx2=[21, 4, 11, 12, 8, 22, 22, 13, 25, 20, 9, 15, 16, 18, 17, 8, 23, 23, 24, 19], _checker='')