============================================================
BENCHMARK ID: 51 | DIMENSIONE: 30 | STRATEGIA: domwdeg_split
============================================================

Input Vector: [18, 23, 6, 4, 30, 14, 21, 29, 20, 7, 2, 5, 1, 28, 11, 15, 8, 27, 16, 25, 10, 19, 26, 24, 3, 12, 13, 9, 17, 22]

STATO: RISOLTO
K: 23
TEMPO: 275.2310s
----------------------------------------
PIANO:
Solution(v=[[18, 23, 6, 4, 30, 14, 21, 29, 20, 7, 2, 5, 1, 28, 11, 15, 8, 27, 16, 25, 10, 19, 26, 24, 3, 12, 13, 9, 17, 22], [18, 26, 6, 4, 30, 14, 21, 29, 20, 7, 2, 5, 1, 28, 11, 15, 8, 27, 16, 25, 10, 19, 23, 24, 3, 12, 13, 9, 17, 22], [18, 12, 6, 4, 30, 14, 21, 29, 20, 7, 2, 5, 1, 28, 11, 15, 8, 27, 16, 25, 10, 19, 23, 24, 3, 26, 13, 9, 17, 22], [18, 5, 6, 4, 30, 14, 21, 29, 20, 7, 2, 12, 1, 28, 11, 15, 8, 27, 16, 25, 10, 19, 23, 24, 3, 26, 13, 9, 17, 22], [18, 30, 6, 4, 5, 14, 21, 29, 20, 7, 2, 12, 1, 28, 11, 15, 8, 27, 16, 25, 10, 19, 23, 24, 3, 26, 13, 9, 17, 22], [18, 2, 6, 4, 5, 14, 21, 29, 20, 7, 30, 12, 1, 28, 11, 15, 8, 27, 16, 25, 10, 19, 23, 24, 3, 26, 13, 9, 17, 22], [18, 2, 14, 4, 5, 6, 21, 29, 20, 7, 30, 12, 1, 28, 11, 15, 8, 27, 16, 25, 10, 19, 23, 24, 3, 26, 13, 9, 17, 22], [18, 2, 28, 4, 5, 6, 21, 29, 20, 7, 30, 12, 1, 14, 11, 15, 8, 27, 16, 25, 10, 19, 23, 24, 3, 26, 13, 9, 17, 22], [18, 2, 9, 4, 5, 6, 21, 29, 20, 7, 30, 12, 1, 14, 11, 15, 8, 27, 16, 25, 10, 19, 23, 24, 3, 26, 13, 28, 17, 22], [18, 2, 20, 4, 5, 6, 21, 29, 9, 7, 30, 12, 1, 14, 11, 15, 8, 27, 16, 25, 10, 19, 23, 24, 3, 26, 13, 28, 17, 22], [18, 2, 25, 4, 5, 6, 21, 29, 9, 7, 30, 12, 1, 14, 11, 15, 8, 27, 16, 20, 10, 19, 23, 24, 3, 26, 13, 28, 17, 22], [18, 2, 25, 4, 5, 6, 7, 29, 9, 21, 30, 12, 1, 14, 11, 15, 8, 27, 16, 20, 10, 19, 23, 24, 3, 26, 13, 28, 17, 22], [18, 2, 25, 4, 5, 6, 7, 29, 9, 21, 11, 12, 1, 14, 30, 15, 8, 27, 16, 20, 10, 19, 23, 24, 3, 26, 13, 28, 17, 22], [18, 2, 25, 4, 5, 6, 7, 29, 9, 21, 11, 12, 1, 14, 15, 30, 8, 27, 16, 20, 10, 19, 23, 24, 3, 26, 13, 28, 17, 22], [18, 2, 25, 4, 5, 6, 7, 29, 9, 21, 11, 12, 1, 14, 15, 16, 8, 27, 30, 20, 10, 19, 23, 24, 3, 26, 13, 28, 17, 22], [18, 2, 25, 4, 5, 6, 7, 29, 9, 21, 11, 12, 1, 14, 15, 16, 8, 13, 30, 20, 10, 19, 23, 24, 3, 26, 27, 28, 17, 22], [13, 2, 25, 4, 5, 6, 7, 29, 9, 21, 11, 12, 1, 14, 15, 16, 8, 18, 30, 20, 10, 19, 23, 24, 3, 26, 27, 28, 17, 22], [1, 2, 25, 4, 5, 6, 7, 29, 9, 21, 11, 12, 13, 14, 15, 16, 8, 18, 30, 20, 10, 19, 23, 24, 3, 26, 27, 28, 17, 22], [1, 2, 3, 4, 5, 6, 7, 29, 9, 21, 11, 12, 13, 14, 15, 16, 8, 18, 30, 20, 10, 19, 23, 24, 25, 26, 27, 28, 17, 22], [1, 2, 3, 4, 5, 6, 7, 8, 9, 21, 11, 12, 13, 14, 15, 16, 29, 18, 30, 20, 10, 19, 23, 24, 25, 26, 27, 28, 17, 22], [1, 2, 3, 4, 5, 6, 7, 8, 9, 10, 11, 12, 13, 14, 15, 16, 29, 18, 30, 20, 21, 19, 23, 24, 25, 26, 27, 28, 17, 22], [1, 2, 3, 4, 5, 6, 7, 8, 9, 10, 11, 12, 13, 14, 15, 16, 17, 18, 30, 20, 21, 19, 23, 24, 25, 26, 27, 28, 29, 22], [1, 2, 3, 4, 5, 6, 7, 8, 9, 10, 11, 12, 13, 14, 15, 16, 17, 18, 19, 20, 21, 30, 23, 24, 25, 26, 27, 28, 29, 22], [1, 2, 3, 4, 5, 6, 7, 8, 9, 10, 11, 12, 13, 14, 15, 16, 17, 18, 19, 20, 21, 22, 23, 24, 25, 26, 27, 28, 29, 30]], pos=[[13, 11, 25, 4, 12, 3, 10, 17, 28, 21, 15, 26, 27, 6, 16, 19, 29, 1, 22, 9, 7, 30, 2, 24, 20, 23, 18, 14, 8, 5], [13, 11, 25, 4, 12, 3, 10, 17, 28, 21, 15, 26, 27, 6, 16, 19, 29, 1, 22, 9, 7, 30, 23, 24, 20, 2, 18, 14, 8, 5], [13, 11, 25, 4, 12, 3, 10, 17, 28, 21, 15, 2, 27, 6, 16, 19, 29, 1, 22, 9, 7, 30, 23, 24, 20, 26, 18, 14, 8, 5], [13, 11, 25, 4, 2, 3, 10, 17, 28, 21, 15, 12, 27, 6, 16, 19, 29, 1, 22, 9, 7, 30, 23, 24, 20, 26, 18, 14, 8, 5], [13, 11, 25, 4, 5, 3, 10, 17, 28, 21, 15, 12, 27, 6, 16, 19, 29, 1, 22, 9, 7, 30, 23, 24, 20, 26, 18, 14, 8, 2], [13, 2, 25, 4, 5, 3, 10, 17, 28, 21, 15, 12, 27, 6, 16, 19, 29, 1, 22, 9, 7, 30, 23, 24, 20, 26, 18, 14, 8, 11], [13, 2, 25, 4, 5, 6, 10, 17, 28, 21, 15, 12, 27, 3, 16, 19, 29, 1, 22, 9, 7, 30, 23, 24, 20, 26, 18, 14, 8, 11], [13, 2, 25, 4, 5, 6, 10, 17, 28, 21, 15, 12, 27, 14, 16, 19, 29, 1, 22, 9, 7, 30, 23, 24, 20, 26, 18, 3, 8, 11], [13, 2, 25, 4, 5, 6, 10, 17, 3, 21, 15, 12, 27, 14, 16, 19, 29, 1, 22, 9, 7, 30, 23, 24, 20, 26, 18, 28, 8, 11], [13, 2, 25, 4, 5, 6, 10, 17, 9, 21, 15, 12, 27, 14, 16, 19, 29, 1, 22, 3, 7, 30, 23, 24, 20, 26, 18, 28, 8, 11], [13, 2, 25, 4, 5, 6, 10, 17, 9, 21, 15, 12, 27, 14, 16, 19, 29, 1, 22, 20, 7, 30, 23, 24, 3, 26, 18, 28, 8, 11], [13, 2, 25, 4, 5, 6, 7, 17, 9, 21, 15, 12, 27, 14, 16, 19, 29, 1, 22, 20, 10, 30, 23, 24, 3, 26, 18, 28, 8, 11], [13, 2, 25, 4, 5, 6, 7, 17, 9, 21, 11, 12, 27, 14, 16, 19, 29, 1, 22, 20, 10, 30, 23, 24, 3, 26, 18, 28, 8, 15], [13, 2, 25, 4, 5, 6, 7, 17, 9, 21, 11, 12, 27, 14, 15, 19, 29, 1, 22, 20, 10, 30, 23, 24, 3, 26, 18, 28, 8, 16], [13, 2, 25, 4, 5, 6, 7, 17, 9, 21, 11, 12, 27, 14, 15, 16, 29, 1, 22, 20, 10, 30, 23, 24, 3, 26, 18, 28, 8, 19], [13, 2, 25, 4, 5, 6, 7, 17, 9, 21, 11, 12, 18, 14, 15, 16, 29, 1, 22, 20, 10, 30, 23, 24, 3, 26, 27, 28, 8, 19], [13, 2, 25, 4, 5, 6, 7, 17, 9, 21, 11, 12, 1, 14, 15, 16, 29, 18, 22, 20, 10, 30, 23, 24, 3, 26, 27, 28, 8, 19], [1, 2, 25, 4, 5, 6, 7, 17, 9, 21, 11, 12, 13, 14, 15, 16, 29, 18, 22, 20, 10, 30, 23, 24, 3, 26, 27, 28, 8, 19], [1, 2, 3, 4, 5, 6, 7, 17, 9, 21, 11, 12, 13, 14, 15, 16, 29, 18, 22, 20, 10, 30, 23, 24, 25, 26, 27, 28, 8, 19], [1, 2, 3, 4, 5, 6, 7, 8, 9, 21, 11, 12, 13, 14, 15, 16, 29, 18, 22, 20, 10, 30, 23, 24, 25, 26, 27, 28, 17, 19], [1, 2, 3, 4, 5, 6, 7, 8, 9, 10, 11, 12, 13, 14, 15, 16, 29, 18, 22, 20, 21, 30, 23, 24, 25, 26, 27, 28, 17, 19], [1, 2, 3, 4, 5, 6, 7, 8, 9, 10, 11, 12, 13, 14, 15, 16, 17, 18, 22, 20, 21, 30, 23, 24, 25, 26, 27, 28, 29, 19], [1, 2, 3, 4, 5, 6, 7, 8, 9, 10, 11, 12, 13, 14, 15, 16, 17, 18, 19, 20, 21, 30, 23, 24, 25, 26, 27, 28, 29, 22], [1, 2, 3, 4, 5, 6, 7, 8, 9, 10, 11, 12, 13, 14, 15, 16, 17, 18, 19, 20, 21, 22, 23, 24, 25, 26, 27, 28, 29, 30]], idx1=[2, 2, 2, 2, 2, 3, 3, 3, 3, 3, 7, 11, 15, 16, 18, 1, 1, 3, 8, 10, 17, 19, 22], idx2=[23, 26, 12, 5, 11, 6, 14, 28, 9, 20, 10, 15, 16, 19, 27, 18, 13, 25, 17, 21, 29, 22, 30], _checker='')