============================================================
BENCHMARK ID: 23 | DIMENSIONE: 15 | STRATEGIA: domwdeg_split
============================================================

Input Vector: [4, 15, 10, 6, 14, 11, 12, 13, 8, 2, 1, 7, 5, 3, 9]

STATO: RISOLTO
K: 12
TEMPO: 0.4990s
----------------------------------------
PIANO:
Solution(v=[[4, 15, 10, 6, 14, 11, 12, 13, 8, 2, 1, 7, 5, 3, 9], [4, 15, 2, 6, 14, 11, 12, 13, 8, 10, 1, 7, 5, 3, 9], [4, 2, 15, 6, 14, 11, 12, 13, 8, 10, 1, 7, 5, 3, 9], [4, 2, 15, 11, 14, 6, 12, 13, 8, 10, 1, 7, 5, 3, 9], [11, 2, 15, 4, 14, 6, 12, 13, 8, 10, 1, 7, 5, 3, 9], [1, 2, 15, 4, 14, 6, 12, 13, 8, 10, 11, 7, 5, 3, 9], [1, 2, 15, 4, 14, 6, 12, 8, 13, 10, 11, 7, 5, 3, 9], [1, 2, 15, 4, 14, 6, 12, 8, 5, 10, 11, 7, 13, 3, 9], [1, 2, 15, 4, 5, 6, 12, 8, 14, 10, 11, 7, 13, 3, 9], [1, 2, 15, 4, 5, 6, 7, 8, 14, 10, 11, 12, 13, 3, 9], [1, 2, 15, 4, 5, 6, 7, 8, 3, 10, 11, 12, 13, 14, 9], [1, 2, 3, 4, 5, 6, 7, 8, 15, 10, 11, 12, 13, 14, 9], [1, 2, 3, 4, 5, 6, 7, 8, 9, 10, 11, 12, 13, 14, 15]], pos=[[11, 10, 14, 1, 13, 4, 12, 9, 15, 3, 6, 7, 8, 5, 2], [11, 3, 14, 1, 13, 4, 12, 9, 15, 10, 6, 7, 8, 5, 2], [11, 2, 14, 1, 13, 4, 12, 9, 15, 10, 6, 7, 8, 5, 3], [11, 2, 14, 1, 13, 6, 12, 9, 15, 10, 4, 7, 8, 5, 3], [11, 2, 14, 4, 13, 6, 12, 9, 15, 10, 1, 7, 8, 5, 3], [1, 2, 14, 4, 13, 6, 12, 9, 15, 10, 11, 7, 8, 5, 3], [1, 2, 14, 4, 13, 6, 12, 8, 15, 10, 11, 7, 9, 5, 3], [1, 2, 14, 4, 9, 6, 12, 8, 15, 10, 11, 7, 13, 5, 3], [1, 2, 14, 4, 5, 6, 12, 8, 15, 10, 11, 7, 13, 9, 3], [1, 2, 14, 4, 5, 6, 7, 8, 15, 10, 11, 12, 13, 9, 3], [1, 2, 9, 4, 5, 6, 7, 8, 15, 10, 11, 12, 13, 14, 3], [1, 2, 3, 4, 5, 6, 7, 8, 15, 10, 11, 12, 13, 14, 9], [1, 2, 3, 4, 5, 6, 7, 8, 9, 10, 11, 12, 13, 14, 15]], idx1=[3, 2, 4, 1, 1, 8, 9, 5, 7, 9, 3, 9], idx2=[10, 3, 6, 4, 11, 9, 13, 9, 12, 14, 9, 15], _checker='')