============================================================
BENCHMARK ID: 34 | DIMENSIONE: 20 | STRATEGIA: domwdeg_split
============================================================

Input Vector: [20, 18, 5, 11, 1, 14, 16, 2, 8, 7, 13, 6, 10, 19, 12, 9, 4, 17, 15, 3]

STATO: RISOLTO
K: 17
TEMPO: 26.0300s
----------------------------------------
PIANO:
Solution(v=[[20, 18, 5, 11, 1, 14, 16, 2, 8, 7, 13, 6, 10, 19, 12, 9, 4, 17, 15, 3], [3, 18, 5, 11, 1, 14, 16, 2, 8, 7, 13, 6, 10, 19, 12, 9, 4, 17, 15, 20], [3, 2, 5, 11, 1, 14, 16, 18, 8, 7, 13, 6, 10, 19, 12, 9, 4, 17, 15, 20], [3, 2, 1, 11, 5, 14, 16, 18, 8, 7, 13, 6, 10, 19, 12, 9, 4, 17, 15, 20], [1, 2, 3, 11, 5, 14, 16, 18, 8, 7, 13, 6, 10, 19, 12, 9, 4, 17, 15, 20], [1, 2, 3, 11, 5, 14, 9, 18, 8, 7, 13, 6, 10, 19, 12, 16, 4, 17, 15, 20], [1, 2, 3, 11, 5, 14, 8, 18, 9, 7, 13, 6, 10, 19, 12, 16, 4, 17, 15, 20], [1, 2, 3, 11, 5, 14, 8, 17, 9, 7, 13, 6, 10, 19, 12, 16, 4, 18, 15, 20], [1, 2, 3, 11, 5, 14, 17, 8, 9, 7, 13, 6, 10, 19, 12, 16, 4, 18, 15, 20], [1, 2, 3, 11, 5, 14, 4, 8, 9, 7, 13, 6, 10, 19, 12, 16, 17, 18, 15, 20], [1, 2, 3, 11, 5, 14, 4, 8, 9, 7, 10, 6, 13, 19, 12, 16, 17, 18, 15, 20], [1, 2, 3, 10, 5, 14, 4, 8, 9, 7, 11, 6, 13, 19, 12, 16, 17, 18, 15, 20], [1, 2, 3, 4, 5, 14, 10, 8, 9, 7, 11, 6, 13, 19, 12, 16, 17, 18, 15, 20], [1, 2, 3, 4, 5, 14, 7, 8, 9, 10, 11, 6, 13, 19, 12, 16, 17, 18, 15, 20], [1, 2, 3, 4, 5, 14, 7, 8, 9, 10, 11, 12, 13, 19, 6, 16, 17, 18, 15, 20], [1, 2, 3, 4, 5, 6, 7, 8, 9, 10, 11, 12, 13, 19, 14, 16, 17, 18, 15, 20], [1, 2, 3, 4, 5, 6, 7, 8, 9, 10, 11, 12, 13, 14, 19, 16, 17, 18, 15, 20], [1, 2, 3, 4, 5, 6, 7, 8, 9, 10, 11, 12, 13, 14, 15, 16, 17, 18, 19, 20]], pos=[[5, 8, 20, 17, 3, 12, 10, 9, 16, 13, 4, 15, 11, 6, 19, 7, 18, 2, 14, 1], [5, 8, 1, 17, 3, 12, 10, 9, 16, 13, 4, 15, 11, 6, 19, 7, 18, 2, 14, 20], [5, 2, 1, 17, 3, 12, 10, 9, 16, 13, 4, 15, 11, 6, 19, 7, 18, 8, 14, 20], [3, 2, 1, 17, 5, 12, 10, 9, 16, 13, 4, 15, 11, 6, 19, 7, 18, 8, 14, 20], [1, 2, 3, 17, 5, 12, 10, 9, 16, 13, 4, 15, 11, 6, 19, 7, 18, 8, 14, 20], [1, 2, 3, 17, 5, 12, 10, 9, 7, 13, 4, 15, 11, 6, 19, 16, 18, 8, 14, 20], [1, 2, 3, 17, 5, 12, 10, 7, 9, 13, 4, 15, 11, 6, 19, 16, 18, 8, 14, 20], [1, 2, 3, 17, 5, 12, 10, 7, 9, 13, 4, 15, 11, 6, 19, 16, 8, 18, 14, 20], [1, 2, 3, 17, 5, 12, 10, 8, 9, 13, 4, 15, 11, 6, 19, 16, 7, 18, 14, 20], [1, 2, 3, 7, 5, 12, 10, 8, 9, 13, 4, 15, 11, 6, 19, 16, 17, 18, 14, 20], [1, 2, 3, 7, 5, 12, 10, 8, 9, 11, 4, 15, 13, 6, 19, 16, 17, 18, 14, 20], [1, 2, 3, 7, 5, 12, 10, 8, 9, 4, 11, 15, 13, 6, 19, 16, 17, 18, 14, 20], [1, 2, 3, 4, 5, 12, 10, 8, 9, 7, 11, 15, 13, 6, 19, 16, 17, 18, 14, 20], [1, 2, 3, 4, 5, 12, 7, 8, 9, 10, 11, 15, 13, 6, 19, 16, 17, 18, 14, 20], [1, 2, 3, 4, 5, 15, 7, 8, 9, 10, 11, 12, 13, 6, 19, 16, 17, 18, 14, 20], [1, 2, 3, 4, 5, 6, 7, 8, 9, 10, 11, 12, 13, 15, 19, 16, 17, 18, 14, 20], [1, 2, 3, 4, 5, 6, 7, 8, 9, 10, 11, 12, 13, 14, 19, 16, 17, 18, 15, 20], [1, 2, 3, 4, 5, 6, 7, 8, 9, 10, 11, 12, 13, 14, 15, 16, 17, 18, 19, 20]], idx1=[1, 2, 3, 1, 7, 7, 8, 7, 7, 11, 4, 4, 7, 12, 6, 14, 15], idx2=[20, 8, 5, 3, 16, 9, 18, 8, 17, 13, 11, 7, 10, 15, 15, 15, 19], _checker='')