============================================================
BENCHMARK ID: 22 | DIMENSIONE: 15 | STRATEGIA: domwdeg_split
============================================================

Input Vector: [11, 8, 15, 10, 5, 14, 4, 7, 3, 1, 9, 13, 6, 12, 2]

STATO: RISOLTO
K: 12
TEMPO: 0.3560s
----------------------------------------
PIANO:
Solution(v=[[11, 8, 15, 10, 5, 14, 4, 7, 3, 1, 9, 13, 6, 12, 2], [9, 8, 15, 10, 5, 14, 4, 7, 3, 1, 11, 13, 6, 12, 2], [3, 8, 15, 10, 5, 14, 4, 7, 9, 1, 11, 13, 6, 12, 2], [15, 8, 3, 10, 5, 14, 4, 7, 9, 1, 11, 13, 6, 12, 2], [2, 8, 3, 10, 5, 14, 4, 7, 9, 1, 11, 13, 6, 12, 15], [8, 2, 3, 10, 5, 14, 4, 7, 9, 1, 11, 13, 6, 12, 15], [7, 2, 3, 10, 5, 14, 4, 8, 9, 1, 11, 13, 6, 12, 15], [4, 2, 3, 10, 5, 14, 7, 8, 9, 1, 11, 13, 6, 12, 15], [10, 2, 3, 4, 5, 14, 7, 8, 9, 1, 11, 13, 6, 12, 15], [1, 2, 3, 4, 5, 14, 7, 8, 9, 10, 11, 13, 6, 12, 15], [1, 2, 3, 4, 5, 12, 7, 8, 9, 10, 11, 13, 6, 14, 15], [1, 2, 3, 4, 5, 13, 7, 8, 9, 10, 11, 12, 6, 14, 15], [1, 2, 3, 4, 5, 6, 7, 8, 9, 10, 11, 12, 13, 14, 15]], pos=[[10, 15, 9, 7, 5, 13, 8, 2, 11, 4, 1, 14, 12, 6, 3], [10, 15, 9, 7, 5, 13, 8, 2, 1, 4, 11, 14, 12, 6, 3], [10, 15, 1, 7, 5, 13, 8, 2, 9, 4, 11, 14, 12, 6, 3], [10, 15, 3, 7, 5, 13, 8, 2, 9, 4, 11, 14, 12, 6, 1], [10, 1, 3, 7, 5, 13, 8, 2, 9, 4, 11, 14, 12, 6, 15], [10, 2, 3, 7, 5, 13, 8, 1, 9, 4, 11, 14, 12, 6, 15], [10, 2, 3, 7, 5, 13, 1, 8, 9, 4, 11, 14, 12, 6, 15], [10, 2, 3, 1, 5, 13, 7, 8, 9, 4, 11, 14, 12, 6, 15], [10, 2, 3, 4, 5, 13, 7, 8, 9, 1, 11, 14, 12, 6, 15], [1, 2, 3, 4, 5, 13, 7, 8, 9, 10, 11, 14, 12, 6, 15], [1, 2, 3, 4, 5, 13, 7, 8, 9, 10, 11, 6, 12, 14, 15], [1, 2, 3, 4, 5, 13, 7, 8, 9, 10, 11, 12, 6, 14, 15], [1, 2, 3, 4, 5, 6, 7, 8, 9, 10, 11, 12, 13, 14, 15]], idx1=[1, 1, 1, 1, 1, 1, 1, 1, 1, 6, 6, 6], idx2=[11, 9, 3, 15, 2, 8, 7, 4, 10, 14, 12, 13], _checker='')