============================================================
BENCHMARK ID: 29 | DIMENSIONE: 15 | STRATEGIA: domwdeg_split
============================================================

Input Vector: [11, 2, 1, 12, 6, 15, 4, 8, 5, 9, 13, 14, 3, 10, 7]

STATO: RISOLTO
K: 11
TEMPO: 0.3100s
----------------------------------------
PIANO:
Solution(v=[[11, 2, 1, 12, 6, 15, 4, 8, 5, 9, 13, 14, 3, 10, 7], [1, 2, 11, 12, 6, 15, 4, 8, 5, 9, 13, 14, 3, 10, 7], [1, 2, 3, 12, 6, 15, 4, 8, 5, 9, 13, 14, 11, 10, 7], [1, 2, 3, 12, 15, 6, 4, 8, 5, 9, 13, 14, 11, 10, 7], [1, 2, 3, 12, 7, 6, 4, 8, 5, 9, 13, 14, 11, 10, 15], [1, 2, 3, 12, 4, 6, 7, 8, 5, 9, 13, 14, 11, 10, 15], [1, 2, 3, 4, 12, 6, 7, 8, 5, 9, 13, 14, 11, 10, 15], [1, 2, 3, 4, 14, 6, 7, 8, 5, 9, 13, 12, 11, 10, 15], [1, 2, 3, 4, 10, 6, 7, 8, 5, 9, 13, 12, 11, 14, 15], [1, 2, 3, 4, 9, 6, 7, 8, 5, 10, 13, 12, 11, 14, 15], [1, 2, 3, 4, 5, 6, 7, 8, 9, 10, 13, 12, 11, 14, 15], [1, 2, 3, 4, 5, 6, 7, 8, 9, 10, 11, 12, 13, 14, 15]], pos=[[3, 2, 13, 7, 9, 5, 15, 8, 10, 14, 1, 4, 11, 12, 6], [1, 2, 13, 7, 9, 5, 15, 8, 10, 14, 3, 4, 11, 12, 6], [1, 2, 3, 7, 9, 5, 15, 8, 10, 14, 13, 4, 11, 12, 6], [1, 2, 3, 7, 9, 6, 15, 8, 10, 14, 13, 4, 11, 12, 5], [1, 2, 3, 7, 9, 6, 5, 8, 10, 14, 13, 4, 11, 12, 15], [1, 2, 3, 5, 9, 6, 7, 8, 10, 14, 13, 4, 11, 12, 15], [1, 2, 3, 4, 9, 6, 7, 8, 10, 14, 13, 5, 11, 12, 15], [1, 2, 3, 4, 9, 6, 7, 8, 10, 14, 13, 12, 11, 5, 15], [1, 2, 3, 4, 9, 6, 7, 8, 10, 5, 13, 12, 11, 14, 15], [1, 2, 3, 4, 9, 6, 7, 8, 5, 10, 13, 12, 11, 14, 15], [1, 2, 3, 4, 5, 6, 7, 8, 9, 10, 13, 12, 11, 14, 15], [1, 2, 3, 4, 5, 6, 7, 8, 9, 10, 11, 12, 13, 14, 15]], idx1=[1, 3, 5, 5, 5, 4, 5, 5, 5, 5, 11], idx2=[3, 13, 6, 15, 7, 5, 12, 14, 10, 9, 13], _checker='')