============================================================
BENCHMARK ID: 58 | DIMENSIONE: 30 | STRATEGIA: domwdeg_split
============================================================

Input Vector: [26, 22, 6, 24, 2, 12, 9, 30, 13, 28, 18, 21, 7, 16, 19, 8, 4, 3, 5, 23, 25, 14, 10, 15, 11, 20, 17, 27, 29, 1]

STATO: RISOLTO
K: 26
TEMPO: 135.5570s
----------------------------------------
PIANO:
Solution(v=[[26, 22, 6, 24, 2, 12, 9, 30, 13, 28, 18, 21, 7, 16, 19, 8, 4, 3, 5, 23, 25, 14, 10, 15, 11, 20, 17, 27, 29, 1], [20, 22, 6, 24, 2, 12, 9, 30, 13, 28, 18, 21, 7, 16, 19, 8, 4, 3, 5, 23, 25, 14, 10, 15, 11, 26, 17, 27, 29, 1], [20, 2, 6, 24, 22, 12, 9, 30, 13, 28, 18, 21, 7, 16, 19, 8, 4, 3, 5, 23, 25, 14, 10, 15, 11, 26, 17, 27, 29, 1], [20, 2, 6, 24, 22, 21, 9, 30, 13, 28, 18, 12, 7, 16, 19, 8, 4, 3, 5, 23, 25, 14, 10, 15, 11, 26, 17, 27, 29, 1], [20, 2, 21, 24, 22, 6, 9, 30, 13, 28, 18, 12, 7, 16, 19, 8, 4, 3, 5, 23, 25, 14, 10, 15, 11, 26, 17, 27, 29, 1], [20, 2, 21, 24, 22, 6, 13, 30, 9, 28, 18, 12, 7, 16, 19, 8, 4, 3, 5, 23, 25, 14, 10, 15, 11, 26, 17, 27, 29, 1], [20, 2, 21, 24, 22, 6, 7, 30, 9, 28, 18, 12, 13, 16, 19, 8, 4, 3, 5, 23, 25, 14, 10, 15, 11, 26, 17, 27, 29, 1], [20, 2, 21, 24, 22, 6, 7, 30, 9, 28, 18, 12, 13, 16, 19, 8, 4, 3, 5, 10, 25, 14, 23, 15, 11, 26, 17, 27, 29, 1], [10, 2, 21, 24, 22, 6, 7, 30, 9, 28, 18, 12, 13, 16, 19, 8, 4, 3, 5, 20, 25, 14, 23, 15, 11, 26, 17, 27, 29, 1], [28, 2, 21, 24, 22, 6, 7, 30, 9, 10, 18, 12, 13, 16, 19, 8, 4, 3, 5, 20, 25, 14, 23, 15, 11, 26, 17, 27, 29, 1], [28, 2, 21, 24, 22, 6, 7, 8, 9, 10, 18, 12, 13, 16, 19, 30, 4, 3, 5, 20, 25, 14, 23, 15, 11, 26, 17, 27, 29, 1], [28, 2, 21, 24, 22, 6, 7, 8, 9, 10, 18, 12, 13, 30, 19, 16, 4, 3, 5, 20, 25, 14, 23, 15, 11, 26, 17, 27, 29, 1], [28, 2, 21, 24, 22, 6, 7, 8, 9, 10, 18, 12, 13, 30, 19, 16, 4, 3, 5, 20, 25, 14, 23, 15, 11, 26, 27, 17, 29, 1], [17, 2, 21, 24, 22, 6, 7, 8, 9, 10, 18, 12, 13, 30, 19, 16, 4, 3, 5, 20, 25, 14, 23, 15, 11, 26, 27, 28, 29, 1], [4, 2, 21, 24, 22, 6, 7, 8, 9, 10, 18, 12, 13, 30, 19, 16, 17, 3, 5, 20, 25, 14, 23, 15, 11, 26, 27, 28, 29, 1], [4, 2, 25, 24, 22, 6, 7, 8, 9, 10, 18, 12, 13, 30, 19, 16, 17, 3, 5, 20, 21, 14, 23, 15, 11, 26, 27, 28, 29, 1], [4, 2, 3, 24, 22, 6, 7, 8, 9, 10, 18, 12, 13, 30, 19, 16, 17, 25, 5, 20, 21, 14, 23, 15, 11, 26, 27, 28, 29, 1], [4, 2, 3, 15, 22, 6, 7, 8, 9, 10, 18, 12, 13, 30, 19, 16, 17, 25, 5, 20, 21, 14, 23, 24, 11, 26, 27, 28, 29, 1], [15, 2, 3, 4, 22, 6, 7, 8, 9, 10, 18, 12, 13, 30, 19, 16, 17, 25, 5, 20, 21, 14, 23, 24, 11, 26, 27, 28, 29, 1], [19, 2, 3, 4, 22, 6, 7, 8, 9, 10, 18, 12, 13, 30, 15, 16, 17, 25, 5, 20, 21, 14, 23, 24, 11, 26, 27, 28, 29, 1], [5, 2, 3, 4, 22, 6, 7, 8, 9, 10, 18, 12, 13, 30, 15, 16, 17, 25, 19, 20, 21, 14, 23, 24, 11, 26, 27, 28, 29, 1], [22, 2, 3, 4, 5, 6, 7, 8, 9, 10, 18, 12, 13, 30, 15, 16, 17, 25, 19, 20, 21, 14, 23, 24, 11, 26, 27, 28, 29, 1], [14, 2, 3, 4, 5, 6, 7, 8, 9, 10, 18, 12, 13, 30, 15, 16, 17, 25, 19, 20, 21, 22, 23, 24, 11, 26, 27, 28, 29, 1], [14, 2, 3, 4, 5, 6, 7, 8, 9, 10, 25, 12, 13, 30, 15, 16, 17, 18, 19, 20, 21, 22, 23, 24, 11, 26, 27, 28, 29, 1], [14, 2, 3, 4, 5, 6, 7, 8, 9, 10, 25, 12, 13, 1, 15, 16, 17, 18, 19, 20, 21, 22, 23, 24, 11, 26, 27, 28, 29, 30], [1, 2, 3, 4, 5, 6, 7, 8, 9, 10, 25, 12, 13, 14, 15, 16, 17, 18, 19, 20, 21, 22, 23, 24, 11, 26, 27, 28, 29, 30], [1, 2, 3, 4, 5, 6, 7, 8, 9, 10, 11, 12, 13, 14, 15, 16, 17, 18, 19, 20, 21, 22, 23, 24, 25, 26, 27, 28, 29, 30]], pos=[[30, 5, 18, 17, 19, 3, 13, 16, 7, 23, 25, 6, 9, 22, 24, 14, 27, 11, 15, 26, 12, 2, 20, 4, 21, 1, 28, 10, 29, 8], [30, 5, 18, 17, 19, 3, 13, 16, 7, 23, 25, 6, 9, 22, 24, 14, 27, 11, 15, 1, 12, 2, 20, 4, 21, 26, 28, 10, 29, 8], [30, 2, 18, 17, 19, 3, 13, 16, 7, 23, 25, 6, 9, 22, 24, 14, 27, 11, 15, 1, 12, 5, 20, 4, 21, 26, 28, 10, 29, 8], [30, 2, 18, 17, 19, 3, 13, 16, 7, 23, 25, 12, 9, 22, 24, 14, 27, 11, 15, 1, 6, 5, 20, 4, 21, 26, 28, 10, 29, 8], [30, 2, 18, 17, 19, 6, 13, 16, 7, 23, 25, 12, 9, 22, 24, 14, 27, 11, 15, 1, 3, 5, 20, 4, 21, 26, 28, 10, 29, 8], [30, 2, 18, 17, 19, 6, 13, 16, 9, 23, 25, 12, 7, 22, 24, 14, 27, 11, 15, 1, 3, 5, 20, 4, 21, 26, 28, 10, 29, 8], [30, 2, 18, 17, 19, 6, 7, 16, 9, 23, 25, 12, 13, 22, 24, 14, 27, 11, 15, 1, 3, 5, 20, 4, 21, 26, 28, 10, 29, 8], [30, 2, 18, 17, 19, 6, 7, 16, 9, 20, 25, 12, 13, 22, 24, 14, 27, 11, 15, 1, 3, 5, 23, 4, 21, 26, 28, 10, 29, 8], [30, 2, 18, 17, 19, 6, 7, 16, 9, 1, 25, 12, 13, 22, 24, 14, 27, 11, 15, 20, 3, 5, 23, 4, 21, 26, 28, 10, 29, 8], [30, 2, 18, 17, 19, 6, 7, 16, 9, 10, 25, 12, 13, 22, 24, 14, 27, 11, 15, 20, 3, 5, 23, 4, 21, 26, 28, 1, 29, 8], [30, 2, 18, 17, 19, 6, 7, 8, 9, 10, 25, 12, 13, 22, 24, 14, 27, 11, 15, 20, 3, 5, 23, 4, 21, 26, 28, 1, 29, 16], [30, 2, 18, 17, 19, 6, 7, 8, 9, 10, 25, 12, 13, 22, 24, 16, 27, 11, 15, 20, 3, 5, 23, 4, 21, 26, 28, 1, 29, 14], [30, 2, 18, 17, 19, 6, 7, 8, 9, 10, 25, 12, 13, 22, 24, 16, 28, 11, 15, 20, 3, 5, 23, 4, 21, 26, 27, 1, 29, 14], [30, 2, 18, 17, 19, 6, 7, 8, 9, 10, 25, 12, 13, 22, 24, 16, 1, 11, 15, 20, 3, 5, 23, 4, 21, 26, 27, 28, 29, 14], [30, 2, 18, 1, 19, 6, 7, 8, 9, 10, 25, 12, 13, 22, 24, 16, 17, 11, 15, 20, 3, 5, 23, 4, 21, 26, 27, 28, 29, 14], [30, 2, 18, 1, 19, 6, 7, 8, 9, 10, 25, 12, 13, 22, 24, 16, 17, 11, 15, 20, 21, 5, 23, 4, 3, 26, 27, 28, 29, 14], [30, 2, 3, 1, 19, 6, 7, 8, 9, 10, 25, 12, 13, 22, 24, 16, 17, 11, 15, 20, 21, 5, 23, 4, 18, 26, 27, 28, 29, 14], [30, 2, 3, 1, 19, 6, 7, 8, 9, 10, 25, 12, 13, 22, 4, 16, 17, 11, 15, 20, 21, 5, 23, 24, 18, 26, 27, 28, 29, 14], [30, 2, 3, 4, 19, 6, 7, 8, 9, 10, 25, 12, 13, 22, 1, 16, 17, 11, 15, 20, 21, 5, 23, 24, 18, 26, 27, 28, 29, 14], [30, 2, 3, 4, 19, 6, 7, 8, 9, 10, 25, 12, 13, 22, 15, 16, 17, 11, 1, 20, 21, 5, 23, 24, 18, 26, 27, 28, 29, 14], [30, 2, 3, 4, 1, 6, 7, 8, 9, 10, 25, 12, 13, 22, 15, 16, 17, 11, 19, 20, 21, 5, 23, 24, 18, 26, 27, 28, 29, 14], [30, 2, 3, 4, 5, 6, 7, 8, 9, 10, 25, 12, 13, 22, 15, 16, 17, 11, 19, 20, 21, 1, 23, 24, 18, 26, 27, 28, 29, 14], [30, 2, 3, 4, 5, 6, 7, 8, 9, 10, 25, 12, 13, 1, 15, 16, 17, 11, 19, 20, 21, 22, 23, 24, 18, 26, 27, 28, 29, 14], [30, 2, 3, 4, 5, 6, 7, 8, 9, 10, 25, 12, 13, 1, 15, 16, 17, 18, 19, 20, 21, 22, 23, 24, 11, 26, 27, 28, 29, 14], [14, 2, 3, 4, 5, 6, 7, 8, 9, 10, 25, 12, 13, 1, 15, 16, 17, 18, 19, 20, 21, 22, 23, 24, 11, 26, 27, 28, 29, 30], [1, 2, 3, 4, 5, 6, 7, 8, 9, 10, 25, 12, 13, 14, 15, 16, 17, 18, 19, 20, 21, 22, 23, 24, 11, 26, 27, 28, 29, 30], [1, 2, 3, 4, 5, 6, 7, 8, 9, 10, 11, 12, 13, 14, 15, 16, 17, 18, 19, 20, 21, 22, 23, 24, 25, 26, 27, 28, 29, 30]], idx1=[1, 2, 6, 3, 7, 7, 20, 1, 1, 8, 14, 27, 1, 1, 3, 3, 4, 1, 1, 1, 1, 1, 11, 14, 1, 11], idx2=[26, 5, 12, 6, 9, 13, 23, 20, 10, 16, 16, 28, 28, 17, 21, 18, 24, 4, 15, 19, 5, 22, 18, 30, 14, 25], _checker='')