============================================================
BENCHMARK ID: 35 | DIMENSIONE: 20 | STRATEGIA: domwdeg_split
============================================================

Input Vector: [15, 13, 19, 2, 6, 17, 4, 8, 14, 16, 7, 11, 1, 3, 10, 12, 5, 20, 18, 9]

STATO: RISOLTO
K: 16
TEMPO: 0.4870s
----------------------------------------
PIANO:
Solution(v=[[15, 13, 19, 2, 6, 17, 4, 8, 14, 16, 7, 11, 1, 3, 10, 12, 5, 20, 18, 9], [10, 13, 19, 2, 6, 17, 4, 8, 14, 16, 7, 11, 1, 3, 15, 12, 5, 20, 18, 9], [10, 1, 19, 2, 6, 17, 4, 8, 14, 16, 7, 11, 13, 3, 15, 12, 5, 20, 18, 9], [1, 10, 19, 2, 6, 17, 4, 8, 14, 16, 7, 11, 13, 3, 15, 12, 5, 20, 18, 9], [1, 16, 19, 2, 6, 17, 4, 8, 14, 10, 7, 11, 13, 3, 15, 12, 5, 20, 18, 9], [1, 2, 19, 16, 6, 17, 4, 8, 14, 10, 7, 11, 13, 3, 15, 12, 5, 20, 18, 9], [1, 2, 19, 4, 6, 17, 16, 8, 14, 10, 7, 11, 13, 3, 15, 12, 5, 20, 18, 9], [1, 2, 19, 4, 17, 6, 16, 8, 14, 10, 7, 11, 13, 3, 15, 12, 5, 20, 18, 9], [1, 2, 19, 4, 17, 6, 7, 8, 14, 10, 16, 11, 13, 3, 15, 12, 5, 20, 18, 9], [1, 2, 19, 4, 17, 6, 7, 8, 14, 10, 11, 16, 13, 3, 15, 12, 5, 20, 18, 9], [1, 2, 19, 4, 17, 6, 7, 8, 14, 10, 11, 12, 13, 3, 15, 16, 5, 20, 18, 9], [1, 2, 19, 4, 17, 6, 7, 8, 14, 10, 11, 12, 13, 3, 15, 16, 5, 18, 20, 9], [1, 2, 20, 4, 17, 6, 7, 8, 14, 10, 11, 12, 13, 3, 15, 16, 5, 18, 19, 9], [1, 2, 9, 4, 17, 6, 7, 8, 14, 10, 11, 12, 13, 3, 15, 16, 5, 18, 19, 20], [1, 2, 9, 4, 17, 6, 7, 8, 3, 10, 11, 12, 13, 14, 15, 16, 5, 18, 19, 20], [1, 2, 3, 4, 17, 6, 7, 8, 9, 10, 11, 12, 13, 14, 15, 16, 5, 18, 19, 20], [1, 2, 3, 4, 5, 6, 7, 8, 9, 10, 11, 12, 13, 14, 15, 16, 17, 18, 19, 20]], pos=[[13, 4, 14, 7, 17, 5, 11, 8, 20, 15, 12, 16, 2, 9, 1, 10, 6, 19, 3, 18], [13, 4, 14, 7, 17, 5, 11, 8, 20, 1, 12, 16, 2, 9, 15, 10, 6, 19, 3, 18], [2, 4, 14, 7, 17, 5, 11, 8, 20, 1, 12, 16, 13, 9, 15, 10, 6, 19, 3, 18], [1, 4, 14, 7, 17, 5, 11, 8, 20, 2, 12, 16, 13, 9, 15, 10, 6, 19, 3, 18], [1, 4, 14, 7, 17, 5, 11, 8, 20, 10, 12, 16, 13, 9, 15, 2, 6, 19, 3, 18], [1, 2, 14, 7, 17, 5, 11, 8, 20, 10, 12, 16, 13, 9, 15, 4, 6, 19, 3, 18], [1, 2, 14, 4, 17, 5, 11, 8, 20, 10, 12, 16, 13, 9, 15, 7, 6, 19, 3, 18], [1, 2, 14, 4, 17, 6, 11, 8, 20, 10, 12, 16, 13, 9, 15, 7, 5, 19, 3, 18], [1, 2, 14, 4, 17, 6, 7, 8, 20, 10, 12, 16, 13, 9, 15, 11, 5, 19, 3, 18], [1, 2, 14, 4, 17, 6, 7, 8, 20, 10, 11, 16, 13, 9, 15, 12, 5, 19, 3, 18], [1, 2, 14, 4, 17, 6, 7, 8, 20, 10, 11, 12, 13, 9, 15, 16, 5, 19, 3, 18], [1, 2, 14, 4, 17, 6, 7, 8, 20, 10, 11, 12, 13, 9, 15, 16, 5, 18, 3, 19], [1, 2, 14, 4, 17, 6, 7, 8, 20, 10, 11, 12, 13, 9, 15, 16, 5, 18, 19, 3], [1, 2, 14, 4, 17, 6, 7, 8, 3, 10, 11, 12, 13, 9, 15, 16, 5, 18, 19, 20], [1, 2, 9, 4, 17, 6, 7, 8, 3, 10, 11, 12, 13, 14, 15, 16, 5, 18, 19, 20], [1, 2, 3, 4, 17, 6, 7, 8, 9, 10, 11, 12, 13, 14, 15, 16, 5, 18, 19, 20], [1, 2, 3, 4, 5, 6, 7, 8, 9, 10, 11, 12, 13, 14, 15, 16, 17, 18, 19, 20]], idx1=[1, 2, 1, 2, 2, 4, 5, 7, 11, 12, 18, 3, 3, 9, 3, 5], idx2=[15, 13, 2, 10, 4, 7, 6, 11, 12, 16, 19, 19, 20, 14, 9, 17], _checker='')