============================================================
BENCHMARK ID: 40 | DIMENSIONE: 20 | STRATEGIA: domwdeg_split
============================================================

Input Vector: [15, 12, 11, 6, 10, 2, 17, 14, 19, 7, 16, 5, 4, 9, 13, 1, 18, 20, 8, 3]

STATO: RISOLTO
K: 18
TEMPO: 10.3140s
----------------------------------------
PIANO:
Solution(v=[[15, 12, 11, 6, 10, 2, 17, 14, 19, 7, 16, 5, 4, 9, 13, 1, 18, 20, 8, 3], [15, 12, 11, 6, 10, 2, 17, 14, 19, 7, 1, 5, 4, 9, 13, 16, 18, 20, 8, 3], [15, 12, 1, 6, 10, 2, 17, 14, 19, 7, 11, 5, 4, 9, 13, 16, 18, 20, 8, 3], [1, 12, 15, 6, 10, 2, 17, 14, 19, 7, 11, 5, 4, 9, 13, 16, 18, 20, 8, 3], [1, 5, 15, 6, 10, 2, 17, 14, 19, 7, 11, 12, 4, 9, 13, 16, 18, 20, 8, 3], [1, 5, 15, 2, 10, 6, 17, 14, 19, 7, 11, 12, 4, 9, 13, 16, 18, 20, 8, 3], [1, 5, 15, 2, 10, 6, 17, 14, 19, 7, 11, 12, 13, 9, 4, 16, 18, 20, 8, 3], [1, 5, 4, 2, 10, 6, 17, 14, 19, 7, 11, 12, 13, 9, 15, 16, 18, 20, 8, 3], [1, 5, 2, 4, 10, 6, 17, 14, 19, 7, 11, 12, 13, 9, 15, 16, 18, 20, 8, 3], [1, 2, 5, 4, 10, 6, 17, 14, 19, 7, 11, 12, 13, 9, 15, 16, 18, 20, 8, 3], [1, 2, 5, 4, 7, 6, 17, 14, 19, 10, 11, 12, 13, 9, 15, 16, 18, 20, 8, 3], [1, 2, 5, 4, 7, 6, 18, 14, 19, 10, 11, 12, 13, 9, 15, 16, 17, 20, 8, 3], [1, 2, 5, 4, 18, 6, 7, 14, 19, 10, 11, 12, 13, 9, 15, 16, 17, 20, 8, 3], [1, 2, 5, 4, 20, 6, 7, 14, 19, 10, 11, 12, 13, 9, 15, 16, 17, 18, 8, 3], [1, 2, 5, 4, 3, 6, 7, 14, 19, 10, 11, 12, 13, 9, 15, 16, 17, 18, 8, 20], [1, 2, 3, 4, 5, 6, 7, 14, 19, 10, 11, 12, 13, 9, 15, 16, 17, 18, 8, 20], [1, 2, 3, 4, 5, 6, 7, 9, 19, 10, 11, 12, 13, 14, 15, 16, 17, 18, 8, 20], [1, 2, 3, 4, 5, 6, 7, 19, 9, 10, 11, 12, 13, 14, 15, 16, 17, 18, 8, 20], [1, 2, 3, 4, 5, 6, 7, 8, 9, 10, 11, 12, 13, 14, 15, 16, 17, 18, 19, 20]], pos=[[16, 6, 20, 13, 12, 4, 10, 19, 14, 5, 3, 2, 15, 8, 1, 11, 7, 17, 9, 18], [11, 6, 20, 13, 12, 4, 10, 19, 14, 5, 3, 2, 15, 8, 1, 16, 7, 17, 9, 18], [3, 6, 20, 13, 12, 4, 10, 19, 14, 5, 11, 2, 15, 8, 1, 16, 7, 17, 9, 18], [1, 6, 20, 13, 12, 4, 10, 19, 14, 5, 11, 2, 15, 8, 3, 16, 7, 17, 9, 18], [1, 6, 20, 13, 2, 4, 10, 19, 14, 5, 11, 12, 15, 8, 3, 16, 7, 17, 9, 18], [1, 4, 20, 13, 2, 6, 10, 19, 14, 5, 11, 12, 15, 8, 3, 16, 7, 17, 9, 18], [1, 4, 20, 15, 2, 6, 10, 19, 14, 5, 11, 12, 13, 8, 3, 16, 7, 17, 9, 18], [1, 4, 20, 3, 2, 6, 10, 19, 14, 5, 11, 12, 13, 8, 15, 16, 7, 17, 9, 18], [1, 3, 20, 4, 2, 6, 10, 19, 14, 5, 11, 12, 13, 8, 15, 16, 7, 17, 9, 18], [1, 2, 20, 4, 3, 6, 10, 19, 14, 5, 11, 12, 13, 8, 15, 16, 7, 17, 9, 18], [1, 2, 20, 4, 3, 6, 5, 19, 14, 10, 11, 12, 13, 8, 15, 16, 7, 17, 9, 18], [1, 2, 20, 4, 3, 6, 5, 19, 14, 10, 11, 12, 13, 8, 15, 16, 17, 7, 9, 18], [1, 2, 20, 4, 3, 6, 7, 19, 14, 10, 11, 12, 13, 8, 15, 16, 17, 5, 9, 18], [1, 2, 20, 4, 3, 6, 7, 19, 14, 10, 11, 12, 13, 8, 15, 16, 17, 18, 9, 5], [1, 2, 5, 4, 3, 6, 7, 19, 14, 10, 11, 12, 13, 8, 15, 16, 17, 18, 9, 20], [1, 2, 3, 4, 5, 6, 7, 19, 14, 10, 11, 12, 13, 8, 15, 16, 17, 18, 9, 20], [1, 2, 3, 4, 5, 6, 7, 19, 8, 10, 11, 12, 13, 14, 15, 16, 17, 18, 9, 20], [1, 2, 3, 4, 5, 6, 7, 19, 9, 10, 11, 12, 13, 14, 15, 16, 17, 18, 8, 20], [1, 2, 3, 4, 5, 6, 7, 8, 9, 10, 11, 12, 13, 14, 15, 16, 17, 18, 19, 20]], idx1=[11, 3, 1, 2, 4, 13, 3, 3, 2, 5, 7, 5, 5, 5, 3, 8, 8, 8], idx2=[16, 11, 3, 12, 6, 15, 15, 4, 3, 10, 17, 7, 18, 20, 5, 14, 9, 19], _checker='')