============================================================
BENCHMARK ID: 46 | DIMENSIONE: 25 | STRATEGIA: domwdeg_split
============================================================

Input Vector: [7, 16, 24, 23, 5, 22, 15, 12, 14, 1, 10, 18, 8, 3, 13, 20, 9, 6, 2, 21, 17, 4, 19, 11, 25]

STATO: RISOLTO
K: 22
TEMPO: 0.2990s
----------------------------------------
PIANO:
Solution(v=[[7, 16, 24, 23, 5, 22, 15, 12, 14, 1, 10, 18, 8, 3, 13, 20, 9, 6, 2, 21, 17, 4, 19, 11, 25], [7, 16, 24, 23, 5, 22, 13, 12, 14, 1, 10, 18, 8, 3, 15, 20, 9, 6, 2, 21, 17, 4, 19, 11, 25], [13, 16, 24, 23, 5, 22, 7, 12, 14, 1, 10, 18, 8, 3, 15, 20, 9, 6, 2, 21, 17, 4, 19, 11, 25], [8, 16, 24, 23, 5, 22, 7, 12, 14, 1, 10, 18, 13, 3, 15, 20, 9, 6, 2, 21, 17, 4, 19, 11, 25], [12, 16, 24, 23, 5, 22, 7, 8, 14, 1, 10, 18, 13, 3, 15, 20, 9, 6, 2, 21, 17, 4, 19, 11, 25], [18, 16, 24, 23, 5, 22, 7, 8, 14, 1, 10, 12, 13, 3, 15, 20, 9, 6, 2, 21, 17, 4, 19, 11, 25], [6, 16, 24, 23, 5, 22, 7, 8, 14, 1, 10, 12, 13, 3, 15, 20, 9, 18, 2, 21, 17, 4, 19, 11, 25], [22, 16, 24, 23, 5, 6, 7, 8, 14, 1, 10, 12, 13, 3, 15, 20, 9, 18, 2, 21, 17, 4, 19, 11, 25], [4, 16, 24, 23, 5, 6, 7, 8, 14, 1, 10, 12, 13, 3, 15, 20, 9, 18, 2, 21, 17, 22, 19, 11, 25], [23, 16, 24, 4, 5, 6, 7, 8, 14, 1, 10, 12, 13, 3, 15, 20, 9, 18, 2, 21, 17, 22, 19, 11, 25], [19, 16, 24, 4, 5, 6, 7, 8, 14, 1, 10, 12, 13, 3, 15, 20, 9, 18, 2, 21, 17, 22, 23, 11, 25], [2, 16, 24, 4, 5, 6, 7, 8, 14, 1, 10, 12, 13, 3, 15, 20, 9, 18, 19, 21, 17, 22, 23, 11, 25], [16, 2, 24, 4, 5, 6, 7, 8, 14, 1, 10, 12, 13, 3, 15, 20, 9, 18, 19, 21, 17, 22, 23, 11, 25], [20, 2, 24, 4, 5, 6, 7, 8, 14, 1, 10, 12, 13, 3, 15, 16, 9, 18, 19, 21, 17, 22, 23, 11, 25], [21, 2, 24, 4, 5, 6, 7, 8, 14, 1, 10, 12, 13, 3, 15, 16, 9, 18, 19, 20, 17, 22, 23, 11, 25], [17, 2, 24, 4, 5, 6, 7, 8, 14, 1, 10, 12, 13, 3, 15, 16, 9, 18, 19, 20, 21, 22, 23, 11, 25], [9, 2, 24, 4, 5, 6, 7, 8, 14, 1, 10, 12, 13, 3, 15, 16, 17, 18, 19, 20, 21, 22, 23, 11, 25], [14, 2, 24, 4, 5, 6, 7, 8, 9, 1, 10, 12, 13, 3, 15, 16, 17, 18, 19, 20, 21, 22, 23, 11, 25], [3, 2, 24, 4, 5, 6, 7, 8, 9, 1, 10, 12, 13, 14, 15, 16, 17, 18, 19, 20, 21, 22, 23, 11, 25], [24, 2, 3, 4, 5, 6, 7, 8, 9, 1, 10, 12, 13, 14, 15, 16, 17, 18, 19, 20, 21, 22, 23, 11, 25], [11, 2, 3, 4, 5, 6, 7, 8, 9, 1, 10, 12, 13, 14, 15, 16, 17, 18, 19, 20, 21, 22, 23, 24, 25], [10, 2, 3, 4, 5, 6, 7, 8, 9, 1, 11, 12, 13, 14, 15, 16, 17, 18, 19, 20, 21, 22, 23, 24, 25], [1, 2, 3, 4, 5, 6, 7, 8, 9, 10, 11, 12, 13, 14, 15, 16, 17, 18, 19, 20, 21, 22, 23, 24, 25]], pos=[[10, 19, 14, 22, 5, 18, 1, 13, 17, 11, 24, 8, 15, 9, 7, 2, 21, 12, 23, 16, 20, 6, 4, 3, 25], [10, 19, 14, 22, 5, 18, 1, 13, 17, 11, 24, 8, 7, 9, 15, 2, 21, 12, 23, 16, 20, 6, 4, 3, 25], [10, 19, 14, 22, 5, 18, 7, 13, 17, 11, 24, 8, 1, 9, 15, 2, 21, 12, 23, 16, 20, 6, 4, 3, 25], [10, 19, 14, 22, 5, 18, 7, 1, 17, 11, 24, 8, 13, 9, 15, 2, 21, 12, 23, 16, 20, 6, 4, 3, 25], [10, 19, 14, 22, 5, 18, 7, 8, 17, 11, 24, 1, 13, 9, 15, 2, 21, 12, 23, 16, 20, 6, 4, 3, 25], [10, 19, 14, 22, 5, 18, 7, 8, 17, 11, 24, 12, 13, 9, 15, 2, 21, 1, 23, 16, 20, 6, 4, 3, 25], [10, 19, 14, 22, 5, 1, 7, 8, 17, 11, 24, 12, 13, 9, 15, 2, 21, 18, 23, 16, 20, 6, 4, 3, 25], [10, 19, 14, 22, 5, 6, 7, 8, 17, 11, 24, 12, 13, 9, 15, 2, 21, 18, 23, 16, 20, 1, 4, 3, 25], [10, 19, 14, 1, 5, 6, 7, 8, 17, 11, 24, 12, 13, 9, 15, 2, 21, 18, 23, 16, 20, 22, 4, 3, 25], [10, 19, 14, 4, 5, 6, 7, 8, 17, 11, 24, 12, 13, 9, 15, 2, 21, 18, 23, 16, 20, 22, 1, 3, 25], [10, 19, 14, 4, 5, 6, 7, 8, 17, 11, 24, 12, 13, 9, 15, 2, 21, 18, 1, 16, 20, 22, 23, 3, 25], [10, 1, 14, 4, 5, 6, 7, 8, 17, 11, 24, 12, 13, 9, 15, 2, 21, 18, 19, 16, 20, 22, 23, 3, 25], [10, 2, 14, 4, 5, 6, 7, 8, 17, 11, 24, 12, 13, 9, 15, 1, 21, 18, 19, 16, 20, 22, 23, 3, 25], [10, 2, 14, 4, 5, 6, 7, 8, 17, 11, 24, 12, 13, 9, 15, 16, 21, 18, 19, 1, 20, 22, 23, 3, 25], [10, 2, 14, 4, 5, 6, 7, 8, 17, 11, 24, 12, 13, 9, 15, 16, 21, 18, 19, 20, 1, 22, 23, 3, 25], [10, 2, 14, 4, 5, 6, 7, 8, 17, 11, 24, 12, 13, 9, 15, 16, 1, 18, 19, 20, 21, 22, 23, 3, 25], [10, 2, 14, 4, 5, 6, 7, 8, 1, 11, 24, 12, 13, 9, 15, 16, 17, 18, 19, 20, 21, 22, 23, 3, 25], [10, 2, 14, 4, 5, 6, 7, 8, 9, 11, 24, 12, 13, 1, 15, 16, 17, 18, 19, 20, 21, 22, 23, 3, 25], [10, 2, 1, 4, 5, 6, 7, 8, 9, 11, 24, 12, 13, 14, 15, 16, 17, 18, 19, 20, 21, 22, 23, 3, 25], [10, 2, 3, 4, 5, 6, 7, 8, 9, 11, 24, 12, 13, 14, 15, 16, 17, 18, 19, 20, 21, 22, 23, 1, 25], [10, 2, 3, 4, 5, 6, 7, 8, 9, 11, 1, 12, 13, 14, 15, 16, 17, 18, 19, 20, 21, 22, 23, 24, 25], [10, 2, 3, 4, 5, 6, 7, 8, 9, 1, 11, 12, 13, 14, 15, 16, 17, 18, 19, 20, 21, 22, 23, 24, 25], [1, 2, 3, 4, 5, 6, 7, 8, 9, 10, 11, 12, 13, 14, 15, 16, 17, 18, 19, 20, 21, 22, 23, 24, 25]], idx1=[7, 1, 1, 1, 1, 1, 1, 1, 1, 1, 1, 1, 1, 1, 1, 1, 1, 1, 1, 1, 1, 1], idx2=[15, 7, 13, 8, 12, 18, 6, 22, 4, 23, 19, 2, 16, 20, 21, 17, 9, 14, 3, 24, 11, 10], _checker='')