============================================================
BENCHMARK ID: 54 | DIMENSIONE: 30 | STRATEGIA: domwdeg_split
============================================================

Input Vector: [17, 14, 9, 2, 24, 20, 4, 27, 16, 1, 10, 6, 13, 8, 28, 15, 19, 29, 18, 23, 5, 7, 30, 12, 22, 21, 3, 25, 26, 11]

STATO: RISOLTO
K: 27
TEMPO: 44.8600s
----------------------------------------
PIANO:
Solution(v=[[17, 14, 9, 2, 24, 20, 4, 27, 16, 1, 10, 6, 13, 8, 28, 15, 19, 29, 18, 23, 5, 7, 30, 12, 22, 21, 3, 25, 26, 11], [17, 8, 9, 2, 24, 20, 4, 27, 16, 1, 10, 6, 13, 14, 28, 15, 19, 29, 18, 23, 5, 7, 30, 12, 22, 21, 3, 25, 26, 11], [17, 27, 9, 2, 24, 20, 4, 8, 16, 1, 10, 6, 13, 14, 28, 15, 19, 29, 18, 23, 5, 7, 30, 12, 22, 21, 3, 25, 26, 11], [17, 3, 9, 2, 24, 20, 4, 8, 16, 1, 10, 6, 13, 14, 28, 15, 19, 29, 18, 23, 5, 7, 30, 12, 22, 21, 27, 25, 26, 11], [17, 9, 3, 2, 24, 20, 4, 8, 16, 1, 10, 6, 13, 14, 28, 15, 19, 29, 18, 23, 5, 7, 30, 12, 22, 21, 27, 25, 26, 11], [17, 9, 3, 2, 24, 20, 4, 8, 16, 1, 10, 6, 13, 14, 28, 15, 18, 29, 19, 23, 5, 7, 30, 12, 22, 21, 27, 25, 26, 11], [18, 9, 3, 2, 24, 20, 4, 8, 16, 1, 10, 6, 13, 14, 28, 15, 17, 29, 19, 23, 5, 7, 30, 12, 22, 21, 27, 25, 26, 11], [29, 9, 3, 2, 24, 20, 4, 8, 16, 1, 10, 6, 13, 14, 28, 15, 17, 18, 19, 23, 5, 7, 30, 12, 22, 21, 27, 25, 26, 11], [26, 9, 3, 2, 24, 20, 4, 8, 16, 1, 10, 6, 13, 14, 28, 15, 17, 18, 19, 23, 5, 7, 30, 12, 22, 21, 27, 25, 29, 11], [21, 9, 3, 2, 24, 20, 4, 8, 16, 1, 10, 6, 13, 14, 28, 15, 17, 18, 19, 23, 5, 7, 30, 12, 22, 26, 27, 25, 29, 11], [5, 9, 3, 2, 24, 20, 4, 8, 16, 1, 10, 6, 13, 14, 28, 15, 17, 18, 19, 23, 21, 7, 30, 12, 22, 26, 27, 25, 29, 11], [24, 9, 3, 2, 5, 20, 4, 8, 16, 1, 10, 6, 13, 14, 28, 15, 17, 18, 19, 23, 21, 7, 30, 12, 22, 26, 27, 25, 29, 11], [12, 9, 3, 2, 5, 20, 4, 8, 16, 1, 10, 6, 13, 14, 28, 15, 17, 18, 19, 23, 21, 7, 30, 24, 22, 26, 27, 25, 29, 11], [6, 9, 3, 2, 5, 20, 4, 8, 16, 1, 10, 12, 13, 14, 28, 15, 17, 18, 19, 23, 21, 7, 30, 24, 22, 26, 27, 25, 29, 11], [20, 9, 3, 2, 5, 6, 4, 8, 16, 1, 10, 12, 13, 14, 28, 15, 17, 18, 19, 23, 21, 7, 30, 24, 22, 26, 27, 25, 29, 11], [20, 2, 3, 9, 5, 6, 4, 8, 16, 1, 10, 12, 13, 14, 28, 15, 17, 18, 19, 23, 21, 7, 30, 24, 22, 26, 27, 25, 29, 11], [20, 2, 3, 16, 5, 6, 4, 8, 9, 1, 10, 12, 13, 14, 28, 15, 17, 18, 19, 23, 21, 7, 30, 24, 22, 26, 27, 25, 29, 11], [20, 2, 3, 4, 5, 6, 16, 8, 9, 1, 10, 12, 13, 14, 28, 15, 17, 18, 19, 23, 21, 7, 30, 24, 22, 26, 27, 25, 29, 11], [20, 2, 3, 4, 5, 6, 15, 8, 9, 1, 10, 12, 13, 14, 28, 16, 17, 18, 19, 23, 21, 7, 30, 24, 22, 26, 27, 25, 29, 11], [20, 2, 3, 4, 5, 6, 28, 8, 9, 1, 10, 12, 13, 14, 15, 16, 17, 18, 19, 23, 21, 7, 30, 24, 22, 26, 27, 25, 29, 11], [20, 2, 3, 4, 5, 6, 7, 8, 9, 1, 10, 12, 13, 14, 15, 16, 17, 18, 19, 23, 21, 28, 30, 24, 22, 26, 27, 25, 29, 11], [20, 2, 3, 4, 5, 6, 7, 8, 9, 10, 1, 12, 13, 14, 15, 16, 17, 18, 19, 23, 21, 28, 30, 24, 22, 26, 27, 25, 29, 11], [1, 2, 3, 4, 5, 6, 7, 8, 9, 10, 20, 12, 13, 14, 15, 16, 17, 18, 19, 23, 21, 28, 30, 24, 22, 26, 27, 25, 29, 11], [1, 2, 3, 4, 5, 6, 7, 8, 9, 10, 20, 12, 13, 14, 15, 16, 17, 18, 19, 30, 21, 28, 23, 24, 22, 26, 27, 25, 29, 11], [1, 2, 3, 4, 5, 6, 7, 8, 9, 10, 30, 12, 13, 14, 15, 16, 17, 18, 19, 20, 21, 28, 23, 24, 22, 26, 27, 25, 29, 11], [1, 2, 3, 4, 5, 6, 7, 8, 9, 10, 11, 12, 13, 14, 15, 16, 17, 18, 19, 20, 21, 28, 23, 24, 22, 26, 27, 25, 29, 30], [1, 2, 3, 4, 5, 6, 7, 8, 9, 10, 11, 12, 13, 14, 15, 16, 17, 18, 19, 20, 21, 22, 23, 24, 28, 26, 27, 25, 29, 30], [1, 2, 3, 4, 5, 6, 7, 8, 9, 10, 11, 12, 13, 14, 15, 16, 17, 18, 19, 20, 21, 22, 23, 24, 25, 26, 27, 28, 29, 30]], pos=[[10, 4, 27, 7, 21, 12, 22, 14, 3, 11, 30, 24, 13, 2, 16, 9, 1, 19, 17, 6, 26, 25, 20, 5, 28, 29, 8, 15, 18, 23], [10, 4, 27, 7, 21, 12, 22, 2, 3, 11, 30, 24, 13, 14, 16, 9, 1, 19, 17, 6, 26, 25, 20, 5, 28, 29, 8, 15, 18, 23], [10, 4, 27, 7, 21, 12, 22, 8, 3, 11, 30, 24, 13, 14, 16, 9, 1, 19, 17, 6, 26, 25, 20, 5, 28, 29, 2, 15, 18, 23], [10, 4, 2, 7, 21, 12, 22, 8, 3, 11, 30, 24, 13, 14, 16, 9, 1, 19, 17, 6, 26, 25, 20, 5, 28, 29, 27, 15, 18, 23], [10, 4, 3, 7, 21, 12, 22, 8, 2, 11, 30, 24, 13, 14, 16, 9, 1, 19, 17, 6, 26, 25, 20, 5, 28, 29, 27, 15, 18, 23], [10, 4, 3, 7, 21, 12, 22, 8, 2, 11, 30, 24, 13, 14, 16, 9, 1, 17, 19, 6, 26, 25, 20, 5, 28, 29, 27, 15, 18, 23], [10, 4, 3, 7, 21, 12, 22, 8, 2, 11, 30, 24, 13, 14, 16, 9, 17, 1, 19, 6, 26, 25, 20, 5, 28, 29, 27, 15, 18, 23], [10, 4, 3, 7, 21, 12, 22, 8, 2, 11, 30, 24, 13, 14, 16, 9, 17, 18, 19, 6, 26, 25, 20, 5, 28, 29, 27, 15, 1, 23], [10, 4, 3, 7, 21, 12, 22, 8, 2, 11, 30, 24, 13, 14, 16, 9, 17, 18, 19, 6, 26, 25, 20, 5, 28, 1, 27, 15, 29, 23], [10, 4, 3, 7, 21, 12, 22, 8, 2, 11, 30, 24, 13, 14, 16, 9, 17, 18, 19, 6, 1, 25, 20, 5, 28, 26, 27, 15, 29, 23], [10, 4, 3, 7, 1, 12, 22, 8, 2, 11, 30, 24, 13, 14, 16, 9, 17, 18, 19, 6, 21, 25, 20, 5, 28, 26, 27, 15, 29, 23], [10, 4, 3, 7, 5, 12, 22, 8, 2, 11, 30, 24, 13, 14, 16, 9, 17, 18, 19, 6, 21, 25, 20, 1, 28, 26, 27, 15, 29, 23], [10, 4, 3, 7, 5, 12, 22, 8, 2, 11, 30, 1, 13, 14, 16, 9, 17, 18, 19, 6, 21, 25, 20, 24, 28, 26, 27, 15, 29, 23], [10, 4, 3, 7, 5, 1, 22, 8, 2, 11, 30, 12, 13, 14, 16, 9, 17, 18, 19, 6, 21, 25, 20, 24, 28, 26, 27, 15, 29, 23], [10, 4, 3, 7, 5, 6, 22, 8, 2, 11, 30, 12, 13, 14, 16, 9, 17, 18, 19, 1, 21, 25, 20, 24, 28, 26, 27, 15, 29, 23], [10, 2, 3, 7, 5, 6, 22, 8, 4, 11, 30, 12, 13, 14, 16, 9, 17, 18, 19, 1, 21, 25, 20, 24, 28, 26, 27, 15, 29, 23], [10, 2, 3, 7, 5, 6, 22, 8, 9, 11, 30, 12, 13, 14, 16, 4, 17, 18, 19, 1, 21, 25, 20, 24, 28, 26, 27, 15, 29, 23], [10, 2, 3, 4, 5, 6, 22, 8, 9, 11, 30, 12, 13, 14, 16, 7, 17, 18, 19, 1, 21, 25, 20, 24, 28, 26, 27, 15, 29, 23], [10, 2, 3, 4, 5, 6, 22, 8, 9, 11, 30, 12, 13, 14, 7, 16, 17, 18, 19, 1, 21, 25, 20, 24, 28, 26, 27, 15, 29, 23], [10, 2, 3, 4, 5, 6, 22, 8, 9, 11, 30, 12, 13, 14, 15, 16, 17, 18, 19, 1, 21, 25, 20, 24, 28, 26, 27, 7, 29, 23], [10, 2, 3, 4, 5, 6, 7, 8, 9, 11, 30, 12, 13, 14, 15, 16, 17, 18, 19, 1, 21, 25, 20, 24, 28, 26, 27, 22, 29, 23], [11, 2, 3, 4, 5, 6, 7, 8, 9, 10, 30, 12, 13, 14, 15, 16, 17, 18, 19, 1, 21, 25, 20, 24, 28, 26, 27, 22, 29, 23], [1, 2, 3, 4, 5, 6, 7, 8, 9, 10, 30, 12, 13, 14, 15, 16, 17, 18, 19, 11, 21, 25, 20, 24, 28, 26, 27, 22, 29, 23], [1, 2, 3, 4, 5, 6, 7, 8, 9, 10, 30, 12, 13, 14, 15, 16, 17, 18, 19, 11, 21, 25, 23, 24, 28, 26, 27, 22, 29, 20], [1, 2, 3, 4, 5, 6, 7, 8, 9, 10, 30, 12, 13, 14, 15, 16, 17, 18, 19, 20, 21, 25, 23, 24, 28, 26, 27, 22, 29, 11], [1, 2, 3, 4, 5, 6, 7, 8, 9, 10, 11, 12, 13, 14, 15, 16, 17, 18, 19, 20, 21, 25, 23, 24, 28, 26, 27, 22, 29, 30], [1, 2, 3, 4, 5, 6, 7, 8, 9, 10, 11, 12, 13, 14, 15, 16, 17, 18, 19, 20, 21, 22, 23, 24, 28, 26, 27, 25, 29, 30], [1, 2, 3, 4, 5, 6, 7, 8, 9, 10, 11, 12, 13, 14, 15, 16, 17, 18, 19, 20, 21, 22, 23, 24, 25, 26, 27, 28, 29, 30]], idx1=[2, 2, 2, 2, 17, 1, 1, 1, 1, 1, 1, 1, 1, 1, 2, 4, 4, 7, 7, 7, 10, 1, 20, 11, 11, 22, 25], idx2=[14, 8, 27, 3, 19, 17, 18, 29, 26, 21, 5, 24, 12, 6, 4, 9, 7, 16, 15, 22, 11, 11, 23, 20, 30, 25, 28], _checker='')