============================================================
BENCHMARK ID: 31 | DIMENSIONE: 20 | STRATEGIA: domwdeg_split
============================================================

Input Vector: [8, 7, 20, 2, 3, 18, 1, 11, 15, 17, 9, 6, 19, 5, 13, 4, 14, 12, 10, 16]

STATO: RISOLTO
K: 18
TEMPO: 0.3920s
----------------------------------------
PIANO:
Solution(v=[[8, 7, 20, 2, 3, 18, 1, 11, 15, 17, 9, 6, 19, 5, 13, 4, 14, 12, 10, 16], [11, 7, 20, 2, 3, 18, 1, 8, 15, 17, 9, 6, 19, 5, 13, 4, 14, 12, 10, 16], [9, 7, 20, 2, 3, 18, 1, 8, 15, 17, 11, 6, 19, 5, 13, 4, 14, 12, 10, 16], [15, 7, 20, 2, 3, 18, 1, 8, 9, 17, 11, 6, 19, 5, 13, 4, 14, 12, 10, 16], [13, 7, 20, 2, 3, 18, 1, 8, 9, 17, 11, 6, 19, 5, 15, 4, 14, 12, 10, 16], [19, 7, 20, 2, 3, 18, 1, 8, 9, 17, 11, 6, 13, 5, 15, 4, 14, 12, 10, 16], [10, 7, 20, 2, 3, 18, 1, 8, 9, 17, 11, 6, 13, 5, 15, 4, 14, 12, 19, 16], [17, 7, 20, 2, 3, 18, 1, 8, 9, 10, 11, 6, 13, 5, 15, 4, 14, 12, 19, 16], [14, 7, 20, 2, 3, 18, 1, 8, 9, 10, 11, 6, 13, 5, 15, 4, 17, 12, 19, 16], [5, 7, 20, 2, 3, 18, 1, 8, 9, 10, 11, 6, 13, 14, 15, 4, 17, 12, 19, 16], [3, 7, 20, 2, 5, 18, 1, 8, 9, 10, 11, 6, 13, 14, 15, 4, 17, 12, 19, 16], [20, 7, 3, 2, 5, 18, 1, 8, 9, 10, 11, 6, 13, 14, 15, 4, 17, 12, 19, 16], [16, 7, 3, 2, 5, 18, 1, 8, 9, 10, 11, 6, 13, 14, 15, 4, 17, 12, 19, 20], [4, 7, 3, 2, 5, 18, 1, 8, 9, 10, 11, 6, 13, 14, 15, 16, 17, 12, 19, 20], [2, 7, 3, 4, 5, 18, 1, 8, 9, 10, 11, 6, 13, 14, 15, 16, 17, 12, 19, 20], [7, 2, 3, 4, 5, 18, 1, 8, 9, 10, 11, 6, 13, 14, 15, 16, 17, 12, 19, 20], [1, 2, 3, 4, 5, 18, 7, 8, 9, 10, 11, 6, 13, 14, 15, 16, 17, 12, 19, 20], [1, 2, 3, 4, 5, 12, 7, 8, 9, 10, 11, 6, 13, 14, 15, 16, 17, 18, 19, 20], [1, 2, 3, 4, 5, 6, 7, 8, 9, 10, 11, 12, 13, 14, 15, 16, 17, 18, 19, 20]], pos=[[7, 4, 5, 16, 14, 12, 2, 1, 11, 19, 8, 18, 15, 17, 9, 20, 10, 6, 13, 3], [7, 4, 5, 16, 14, 12, 2, 8, 11, 19, 1, 18, 15, 17, 9, 20, 10, 6, 13, 3], [7, 4, 5, 16, 14, 12, 2, 8, 1, 19, 11, 18, 15, 17, 9, 20, 10, 6, 13, 3], [7, 4, 5, 16, 14, 12, 2, 8, 9, 19, 11, 18, 15, 17, 1, 20, 10, 6, 13, 3], [7, 4, 5, 16, 14, 12, 2, 8, 9, 19, 11, 18, 1, 17, 15, 20, 10, 6, 13, 3], [7, 4, 5, 16, 14, 12, 2, 8, 9, 19, 11, 18, 13, 17, 15, 20, 10, 6, 1, 3], [7, 4, 5, 16, 14, 12, 2, 8, 9, 1, 11, 18, 13, 17, 15, 20, 10, 6, 19, 3], [7, 4, 5, 16, 14, 12, 2, 8, 9, 10, 11, 18, 13, 17, 15, 20, 1, 6, 19, 3], [7, 4, 5, 16, 14, 12, 2, 8, 9, 10, 11, 18, 13, 1, 15, 20, 17, 6, 19, 3], [7, 4, 5, 16, 1, 12, 2, 8, 9, 10, 11, 18, 13, 14, 15, 20, 17, 6, 19, 3], [7, 4, 1, 16, 5, 12, 2, 8, 9, 10, 11, 18, 13, 14, 15, 20, 17, 6, 19, 3], [7, 4, 3, 16, 5, 12, 2, 8, 9, 10, 11, 18, 13, 14, 15, 20, 17, 6, 19, 1], [7, 4, 3, 16, 5, 12, 2, 8, 9, 10, 11, 18, 13, 14, 15, 1, 17, 6, 19, 20], [7, 4, 3, 1, 5, 12, 2, 8, 9, 10, 11, 18, 13, 14, 15, 16, 17, 6, 19, 20], [7, 1, 3, 4, 5, 12, 2, 8, 9, 10, 11, 18, 13, 14, 15, 16, 17, 6, 19, 20], [7, 2, 3, 4, 5, 12, 1, 8, 9, 10, 11, 18, 13, 14, 15, 16, 17, 6, 19, 20], [1, 2, 3, 4, 5, 12, 7, 8, 9, 10, 11, 18, 13, 14, 15, 16, 17, 6, 19, 20], [1, 2, 3, 4, 5, 12, 7, 8, 9, 10, 11, 6, 13, 14, 15, 16, 17, 18, 19, 20], [1, 2, 3, 4, 5, 6, 7, 8, 9, 10, 11, 12, 13, 14, 15, 16, 17, 18, 19, 20]], idx1=[1, 1, 1, 1, 1, 1, 1, 1, 1, 1, 1, 1, 1, 1, 1, 1, 6, 6], idx2=[8, 11, 9, 15, 13, 19, 10, 17, 14, 5, 3, 20, 16, 4, 2, 7, 18, 12], _checker='')