============================================================
BENCHMARK ID: 45 | DIMENSIONE: 25 | STRATEGIA: domwdeg_split
============================================================

Input Vector: [7, 16, 12, 13, 4, 5, 23, 21, 15, 14, 11, 18, 17, 25, 9, 2, 3, 22, 24, 10, 6, 19, 8, 1, 20]

STATO: RISOLTO
K: 20
TEMPO: 65.7530s
----------------------------------------
PIANO:
Solution(v=[[7, 16, 12, 13, 4, 5, 23, 21, 15, 14, 11, 18, 17, 25, 9, 2, 3, 22, 24, 10, 6, 19, 8, 1, 20], [23, 16, 12, 13, 4, 5, 7, 21, 15, 14, 11, 18, 17, 25, 9, 2, 3, 22, 24, 10, 6, 19, 8, 1, 20], [23, 16, 12, 17, 4, 5, 7, 21, 15, 14, 11, 18, 13, 25, 9, 2, 3, 22, 24, 10, 6, 19, 8, 1, 20], [23, 16, 12, 3, 4, 5, 7, 21, 15, 14, 11, 18, 13, 25, 9, 2, 17, 22, 24, 10, 6, 19, 8, 1, 20], [23, 16, 3, 12, 4, 5, 7, 21, 15, 14, 11, 18, 13, 25, 9, 2, 17, 22, 24, 10, 6, 19, 8, 1, 20], [23, 16, 3, 4, 12, 5, 7, 21, 15, 14, 11, 18, 13, 25, 9, 2, 17, 22, 24, 10, 6, 19, 8, 1, 20], [23, 16, 3, 4, 18, 5, 7, 21, 15, 14, 11, 12, 13, 25, 9, 2, 17, 22, 24, 10, 6, 19, 8, 1, 20], [23, 16, 3, 4, 5, 18, 7, 21, 15, 14, 11, 12, 13, 25, 9, 2, 17, 22, 24, 10, 6, 19, 8, 1, 20], [23, 16, 3, 4, 5, 22, 7, 21, 15, 14, 11, 12, 13, 25, 9, 2, 17, 18, 24, 10, 6, 19, 8, 1, 20], [23, 16, 3, 4, 5, 19, 7, 21, 15, 14, 11, 12, 13, 25, 9, 2, 17, 18, 24, 10, 6, 22, 8, 1, 20], [23, 16, 3, 4, 5, 19, 7, 6, 15, 14, 11, 12, 13, 25, 9, 2, 17, 18, 24, 10, 21, 22, 8, 1, 20], [23, 16, 3, 4, 5, 6, 7, 19, 15, 14, 11, 12, 13, 25, 9, 2, 17, 18, 24, 10, 21, 22, 8, 1, 20], [23, 16, 3, 4, 5, 6, 7, 19, 9, 14, 11, 12, 13, 25, 15, 2, 17, 18, 24, 10, 21, 22, 8, 1, 20], [23, 16, 3, 4, 5, 6, 7, 19, 9, 25, 11, 12, 13, 14, 15, 2, 17, 18, 24, 10, 21, 22, 8, 1, 20], [23, 16, 3, 4, 5, 6, 7, 19, 9, 10, 11, 12, 13, 14, 15, 2, 17, 18, 24, 25, 21, 22, 8, 1, 20], [23, 16, 3, 4, 5, 6, 7, 19, 9, 10, 11, 12, 13, 14, 15, 2, 17, 18, 1, 25, 21, 22, 8, 24, 20], [23, 16, 3, 4, 5, 6, 7, 1, 9, 10, 11, 12, 13, 14, 15, 2, 17, 18, 19, 25, 21, 22, 8, 24, 20], [1, 16, 3, 4, 5, 6, 7, 23, 9, 10, 11, 12, 13, 14, 15, 2, 17, 18, 19, 25, 21, 22, 8, 24, 20], [1, 2, 3, 4, 5, 6, 7, 23, 9, 10, 11, 12, 13, 14, 15, 16, 17, 18, 19, 25, 21, 22, 8, 24, 20], [1, 2, 3, 4, 5, 6, 7, 8, 9, 10, 11, 12, 13, 14, 15, 16, 17, 18, 19, 25, 21, 22, 23, 24, 20], [1, 2, 3, 4, 5, 6, 7, 8, 9, 10, 11, 12, 13, 14, 15, 16, 17, 18, 19, 20, 21, 22, 23, 24, 25]], pos=[[24, 16, 17, 5, 6, 21, 1, 23, 15, 20, 11, 3, 4, 10, 9, 2, 13, 12, 22, 25, 8, 18, 7, 19, 14], [24, 16, 17, 5, 6, 21, 7, 23, 15, 20, 11, 3, 4, 10, 9, 2, 13, 12, 22, 25, 8, 18, 1, 19, 14], [24, 16, 17, 5, 6, 21, 7, 23, 15, 20, 11, 3, 13, 10, 9, 2, 4, 12, 22, 25, 8, 18, 1, 19, 14], [24, 16, 4, 5, 6, 21, 7, 23, 15, 20, 11, 3, 13, 10, 9, 2, 17, 12, 22, 25, 8, 18, 1, 19, 14], [24, 16, 3, 5, 6, 21, 7, 23, 15, 20, 11, 4, 13, 10, 9, 2, 17, 12, 22, 25, 8, 18, 1, 19, 14], [24, 16, 3, 4, 6, 21, 7, 23, 15, 20, 11, 5, 13, 10, 9, 2, 17, 12, 22, 25, 8, 18, 1, 19, 14], [24, 16, 3, 4, 6, 21, 7, 23, 15, 20, 11, 12, 13, 10, 9, 2, 17, 5, 22, 25, 8, 18, 1, 19, 14], [24, 16, 3, 4, 5, 21, 7, 23, 15, 20, 11, 12, 13, 10, 9, 2, 17, 6, 22, 25, 8, 18, 1, 19, 14], [24, 16, 3, 4, 5, 21, 7, 23, 15, 20, 11, 12, 13, 10, 9, 2, 17, 18, 22, 25, 8, 6, 1, 19, 14], [24, 16, 3, 4, 5, 21, 7, 23, 15, 20, 11, 12, 13, 10, 9, 2, 17, 18, 6, 25, 8, 22, 1, 19, 14], [24, 16, 3, 4, 5, 8, 7, 23, 15, 20, 11, 12, 13, 10, 9, 2, 17, 18, 6, 25, 21, 22, 1, 19, 14], [24, 16, 3, 4, 5, 6, 7, 23, 15, 20, 11, 12, 13, 10, 9, 2, 17, 18, 8, 25, 21, 22, 1, 19, 14], [24, 16, 3, 4, 5, 6, 7, 23, 9, 20, 11, 12, 13, 10, 15, 2, 17, 18, 8, 25, 21, 22, 1, 19, 14], [24, 16, 3, 4, 5, 6, 7, 23, 9, 20, 11, 12, 13, 14, 15, 2, 17, 18, 8, 25, 21, 22, 1, 19, 10], [24, 16, 3, 4, 5, 6, 7, 23, 9, 10, 11, 12, 13, 14, 15, 2, 17, 18, 8, 25, 21, 22, 1, 19, 20], [19, 16, 3, 4, 5, 6, 7, 23, 9, 10, 11, 12, 13, 14, 15, 2, 17, 18, 8, 25, 21, 22, 1, 24, 20], [8, 16, 3, 4, 5, 6, 7, 23, 9, 10, 11, 12, 13, 14, 15, 2, 17, 18, 19, 25, 21, 22, 1, 24, 20], [1, 16, 3, 4, 5, 6, 7, 23, 9, 10, 11, 12, 13, 14, 15, 2, 17, 18, 19, 25, 21, 22, 8, 24, 20], [1, 2, 3, 4, 5, 6, 7, 23, 9, 10, 11, 12, 13, 14, 15, 16, 17, 18, 19, 25, 21, 22, 8, 24, 20], [1, 2, 3, 4, 5, 6, 7, 8, 9, 10, 11, 12, 13, 14, 15, 16, 17, 18, 19, 25, 21, 22, 23, 24, 20], [1, 2, 3, 4, 5, 6, 7, 8, 9, 10, 11, 12, 13, 14, 15, 16, 17, 18, 19, 20, 21, 22, 23, 24, 25]], idx1=[1, 4, 4, 3, 4, 5, 5, 6, 6, 8, 6, 9, 10, 10, 19, 8, 1, 2, 8, 20], idx2=[7, 13, 17, 4, 5, 12, 6, 18, 22, 21, 8, 15, 14, 20, 24, 19, 8, 16, 23, 25], _checker='')