============================================================
BENCHMARK ID: 21 | DIMENSIONE: 15 | STRATEGIA: domwdeg_split
============================================================

Input Vector: [1, 6, 13, 4, 5, 15, 12, 14, 9, 11, 3, 7, 2, 10, 8]

STATO: RISOLTO
K: 9
TEMPO: 0.3200s
----------------------------------------
PIANO:
Solution(v=[[1, 6, 13, 4, 5, 15, 12, 14, 9, 11, 3, 7, 2, 10, 8], [1, 15, 13, 4, 5, 6, 12, 14, 9, 11, 3, 7, 2, 10, 8], [1, 8, 13, 4, 5, 6, 12, 14, 9, 11, 3, 7, 2, 10, 15], [1, 14, 13, 4, 5, 6, 12, 8, 9, 11, 3, 7, 2, 10, 15], [1, 10, 13, 4, 5, 6, 12, 8, 9, 11, 3, 7, 2, 14, 15], [1, 11, 13, 4, 5, 6, 12, 8, 9, 10, 3, 7, 2, 14, 15], [1, 3, 13, 4, 5, 6, 12, 8, 9, 10, 11, 7, 2, 14, 15], [1, 13, 3, 4, 5, 6, 12, 8, 9, 10, 11, 7, 2, 14, 15], [1, 2, 3, 4, 5, 6, 12, 8, 9, 10, 11, 7, 13, 14, 15], [1, 2, 3, 4, 5, 6, 7, 8, 9, 10, 11, 12, 13, 14, 15]], pos=[[1, 13, 11, 4, 5, 2, 12, 15, 9, 14, 10, 7, 3, 8, 6], [1, 13, 11, 4, 5, 6, 12, 15, 9, 14, 10, 7, 3, 8, 2], [1, 13, 11, 4, 5, 6, 12, 2, 9, 14, 10, 7, 3, 8, 15], [1, 13, 11, 4, 5, 6, 12, 8, 9, 14, 10, 7, 3, 2, 15], [1, 13, 11, 4, 5, 6, 12, 8, 9, 2, 10, 7, 3, 14, 15], [1, 13, 11, 4, 5, 6, 12, 8, 9, 10, 2, 7, 3, 14, 15], [1, 13, 2, 4, 5, 6, 12, 8, 9, 10, 11, 7, 3, 14, 15], [1, 13, 3, 4, 5, 6, 12, 8, 9, 10, 11, 7, 2, 14, 15], [1, 2, 3, 4, 5, 6, 12, 8, 9, 10, 11, 7, 13, 14, 15], [1, 2, 3, 4, 5, 6, 7, 8, 9, 10, 11, 12, 13, 14, 15]], idx1=[2, 2, 2, 2, 2, 2, 2, 2, 7], idx2=[6, 15, 8, 14, 10, 11, 3, 13, 12], _checker='')